 ! Total Interaction
  20
   1   1   1   1     1     0  -6.5060
   1   2   1   1     1     0  -1.4051
   2   2   1   1     1     0   5.1107
   1   1   1   2     1     0  -1.4051
   1   2   1   2     1     0 -11.0740
   2   2   1   2     1     0  -7.9998
   1   1   2   2     1     0   5.1107
   1   2   2   2     1     0  -7.9998
   2   2   2   2     1     0  -5.3120
   1   2   1   2     2     0  -8.8247
   2   2   2   2     3     0  -8.8247
   1   1   1   1     0     1  -1.2669
   2   2   1   1     0     1  -2.7189
   1   1   2   2     0     1  -2.7189
   2   2   2   2     0     1  -3.1895
   1   2   1   2     1     1   0.0745
   1   2   1   2     2     1  -2.1486
   2   2   1   2     2     1   0.7502
   1   2   2   2     2     1   0.7502
   2   2   2   2     2     1  -1.6182
