      1      2      1      2  -1.26690000000000     
      2      4      1      2  0.000000000000000E+000
      1      5      1      2  0.000000000000000E+000
      4      5      1      2   1.92255262736810     
      3      6      1      2  -1.92255262736810     
      1      3      1      3  -2.14860000000000     
      3      4      1      3 -0.750200000000000     
      2      3      2      3 -0.481275000000000     
      1      4      2      3 -0.962630537576593     
      3      5      2      3 -0.375100000000000     
      2      3      1      4 -0.962630537576593     
      1      4      1      4  -1.59282500000000     
      3      5      1      4 -0.649692257919086     
      1      2      2      4  0.000000000000000E+000
      2      4      2      4  -1.03705000000000     
      1      5      2      4  -1.11155000000000     
      4      5      2      4 -0.375100000000000     
      3      6      2      4 -0.375100000000000     
      1      3      3      4 -0.750200000000000     
      3      4      3      4  -1.61820000000000     
      1      2      1      5  0.000000000000000E+000
      2      4      1      5  -1.11155000000000     
      1      5      1      5  -1.03705000000000     
      4      5      1      5 -0.375100000000000     
      3      6      1      5 -0.375100000000000     
      2      5      2      5  -1.59282500000000     
      1      6      2      5 -0.962630537576593     
      4      6      2      5 -0.649692257919086     
      2      3      3      5 -0.375100000000000     
      1      4      3      5 -0.649692257919086     
      3      5      3      5  -1.61820000000000     
      1      2      4      5   1.92255262736810     
      2      4      4      5 -0.375100000000000     
      1      5      4      5 -0.375100000000000     
      4      5      4      5  -2.40385000000000     
      3      6      4      5  0.785650000000000     
      2      5      1      6 -0.962630537576593     
      1      6      1      6 -0.481275000000000     
      4      6      1      6 -0.375100000000000     
      2      6      2      6  -2.14860000000000     
      5      6      2      6 -0.750200000000000     
      1      2      3      6  -1.92255262736810     
      2      4      3      6 -0.375100000000000     
      1      5      3      6 -0.375100000000000     
      4      5      3      6  0.785650000000000     
      3      6      3      6  -2.40385000000000     
      2      5      4      6 -0.649692257919086     
      1      6      4      6 -0.375100000000000     
      4      6      4      6  -1.61820000000000     
      2      6      5      6 -0.750200000000000     
      5      6      5      6  -1.61820000000000     
      1      7      1      7  -6.50600000000000     
      4      7      1      7  0.496777869122609     
      3      8      1      7 -0.860444509396161     
      2      9      1      7 -0.860444509396161     
      5      9      1      7   2.79924567464165     
      1     10      1      7  0.496777869122609     
      4     10      1      7  -3.23229048756451     
      3     11      1      7   2.79924567464165     
      2      7      2      7  -3.88645000000000     
      5      7      2      7  0.496777869122609     
      1      8      2      7  -2.61955000000000     
      4      8      2      7 -0.496777869122609     
      6      9      2      7   1.46294155198933     
      2     10      2      7 -0.496777869122609     
      5     10      2      7  0.153203691792925     
      1     11      2      7  0.496777869122609     
      4     11      2      7  -1.76934893557518     
      3     12      2      7   3.38549417935743     
      3      7      3      7  -5.48665000000000     
      1      9      3      7  -3.33805000000000     
      4      9      3      7 -0.375100000000000     
      3     10      3      7  0.375100000000000     
      1      7      4      7  0.496777869122609     
      4      7      4      7  -5.48992500000000     
      3      8      4      7  5.672466394789188E-003
      2      9      4      7  0.968303003971382     
      5      9      4      7   1.22430847968996     
      1     10      4      7  -3.89710000000000     
      4     10      4      7  -1.78880966064028     
      3     11      4      7   1.87400073760905     
      2      7      5      7  0.496777869122609     
      5      7      5      7  -5.49320000000000     
      1      8      5      7  0.496777869122609     
      4      8      5      7  6.550000000001388E-003
      6      9      5      7   2.49566449096042     
      2     10      5      7   1.11810000000000     
      5     10      5      7  -1.08195483032014     
      1     11      5      7  -4.45615000000000     
      4     11      5      7 -0.706854830320141     
      3     12      5      7   2.87076449096042     
      6      7      6      7  -5.49647500000000     
      2      8      6      7  0.860444509396161     
      5      8      6      7  5.672466394789188E-003
      6     10      6      7   2.49566449096042     
      2     11      6      7  0.968303003971382     
      5     11      6      7  -3.09830921729901     
      1     12      6      7  -5.01520000000000     
      4     12      6      7   2.87076449096042     
      2      7      1      8  -2.61955000000000     
      5      7      1      8  0.496777869122609     
      1      8      1      8  -3.88645000000000     
      4      8      1      8 -0.496777869122609     
      6      9      1      8   3.38549417935743     
      2     10      1      8 -0.496777869122609     
      5     10      1      8  -1.76934893557518     
      1     11      1      8  0.496777869122609     
      4     11      1      8  0.153203691792925     
      3     12      1      8   1.46294155198933     
      6      7      2      8  0.860444509396161     
      2      8      2      8  -6.50600000000000     
      5      8      2      8 -0.496777869122609     
      6     10      2      8   2.79924567464165     
      2     11      2      8 -0.496777869122609     
      5     11      2      8  -3.23229048756451     
      1     12      2      8  0.860444509396161     
      4     12      2      8   2.79924567464165     
      1      7      3      8 -0.860444509396161     
      4      7      3      8  5.672466394789188E-003
      3      8      3      8  -5.49647500000000     
      2      9      3      8  -5.01520000000000     
      5      9      3      8  -2.87076449096042     
      1     10      3      8  0.968303003971382     
      4     10      3      8   3.09830921729901     
      3     11      3      8  -2.49566449096042     
      2      7      4      8 -0.496777869122609     
      5      7      4      8  6.550000000001388E-003
      1      8      4      8 -0.496777869122609     
      4      8      4      8  -5.49320000000000     
      6      9      4      8  -2.87076449096042     
      2     10      4      8  -4.45615000000000     
      5     10      4      8  0.706854830320141     
      1     11      4      8   1.11810000000000     
      4     11      4      8   1.08195483032014     
      3     12      4      8  -2.49566449096042     
      6      7      5      8  5.672466394789188E-003
      2      8      5      8 -0.496777869122609     
      5      8      5      8  -5.48992500000000     
      6     10      5      8  -1.87400073760905     
      2     11      5      8  -3.89710000000000     
      5     11      5      8   1.78880966064028     
      1     12      5      8  0.968303003971382     
      4     12      5      8  -1.22430847968996     
      6      8      6      8  -5.48665000000000     
      6     11      6      8 -0.375100000000000     
      2     12      6      8  -3.33805000000000     
      5     12      6      8  0.375100000000000     
      7      8      7      8  -1.26690000000000     
      8     10      7      8  0.000000000000000E+000
      7     11      7      8  0.000000000000000E+000
     10     11      7      8   1.92255262736810     
      9     12      7      8  -1.92255262736810     
      3      7      1      9  -3.33805000000000     
      1      9      1      9  -5.48665000000000     
      4      9      1      9  0.375100000000000     
      3     10      1      9 -0.375100000000000     
      1      7      2      9 -0.860444509396161     
      4      7      2      9  0.968303003971382     
      3      8      2      9  -5.01520000000000     
      2      9      2      9  -5.49647500000000     
      5      9      2      9  -2.49566449096042     
      1     10      2      9  5.672466394789188E-003
      4     10      2      9   3.09830921729901     
      3     11      2      9  -2.87076449096042     
      3      9      3      9  -8.82470000000000     
      3      7      4      9 -0.375100000000000     
      1      9      4      9  0.375100000000000     
      4      9      4      9  -5.22145000000000     
      3     10      4      9  -3.60325000000000     
      1      7      5      9   2.79924567464165     
      4      7      5      9   1.22430847968996     
      3      8      5      9  -2.87076449096042     
      2      9      5      9  -2.49566449096042     
      5      9      5      9  -4.16764000000000     
      1     10      5      9   1.87400073760905     
      4     10      5      9  -1.21683497434944     
      3     11      5      9  -2.54944000000000     
      2      7      6      9   1.46294155198933     
      5      7      6      9   2.49566449096042     
      1      8      6      9   3.38549417935743     
      4      8      6      9  -2.87076449096042     
      6      9      6      9  -4.03356000000000     
      2     10      6      9  -2.49566449096042     
      5     10      6      9 -0.134079999999998     
      1     11      6      9   2.87076449096042     
      4     11      6      9 -0.919729999999998     
      3     12      6      9  -1.62971000000000     
      7      9      7      9  -2.14860000000000     
      9     10      7      9 -0.750200000000000     
      8      9      8      9 -0.481275000000000     
      7     10      8      9 -0.962630537576593     
      9     11      8      9 -0.375100000000000     
      1      7      1     10  0.496777869122609     
      4      7      1     10  -3.89710000000000     
      3      8      1     10  0.968303003971382     
      2      9      1     10  5.672466394789188E-003
      5      9      1     10   1.87400073760905     
      1     10      1     10  -5.48992500000000     
      4     10      1     10  -1.78880966064028     
      3     11      1     10   1.22430847968996     
      2      7      2     10 -0.496777869122609     
      5      7      2     10   1.11810000000000     
      1      8      2     10 -0.496777869122609     
      4      8      2     10  -4.45615000000000     
      6      9      2     10  -2.49566449096042     
      2     10      2     10  -5.49320000000000     
      5     10      2     10   1.08195483032014     
      1     11      2     10  6.550000000001388E-003
      4     11      2     10  0.706854830320141     
      3     12      2     10  -2.87076449096042     
      3      7      3     10  0.375100000000000     
      1      9      3     10 -0.375100000000000     
      4      9      3     10  -3.60325000000000     
      3     10      3     10  -5.22145000000000     
      1      7      4     10  -3.23229048756451     
      4      7      4     10  -1.78880966064028     
      3      8      4     10   3.09830921729901     
      2      9      4     10   3.09830921729901     
      5      9      4     10  -1.21683497434944     
      1     10      4     10  -1.78880966064028     
      4     10      4     10  -7.41962000000000     
      3     11      4     10  -1.21683497434944     
      2      7      5     10  0.153203691792925     
      5      7      5     10  -1.08195483032014     
      1      8      5     10  -1.76934893557518     
      4      8      5     10  0.706854830320142     
      6      9      5     10 -0.134079999999998     
      2     10      5     10   1.08195483032014     
      5     10      5     10  -5.43864000000000     
      1     11      5     10 -0.706854830320142     
      4     11      5     10  -3.03479000000000     
      3     12      5     10 -0.919729999999998     
      6      7      6     10   2.49566449096042     
      2      8      6     10   2.79924567464165     
      5      8      6     10  -1.87400073760905     
      6     10      6     10  -4.16764000000000     
      2     11      6     10  -1.22430847968996     
      5     11      6     10  -1.21683497434944     
      1     12      6     10   2.87076449096042     
      4     12      6     10  -2.54944000000000     
      8      9      7     10 -0.962630537576593     
      7     10      7     10  -1.59282500000000     
      9     11      7     10 -0.649692257919086     
      7      8      8     10  0.000000000000000E+000
      8     10      8     10  -1.03705000000000     
      7     11      8     10  -1.11155000000000     
     10     11      8     10 -0.375100000000000     
      9     12      8     10 -0.375100000000000     
      7      9      9     10 -0.750200000000000     
      9     10      9     10  -1.61820000000000     
      2      7      1     11  0.496777869122609     
      5      7      1     11  -4.45615000000000     
      1      8      1     11  0.496777869122609     
      4      8      1     11   1.11810000000000     
      6      9      1     11   2.87076449096042     
      2     10      1     11  6.550000000001388E-003
      5     10      1     11 -0.706854830320141     
      1     11      1     11  -5.49320000000000     
      4     11      1     11  -1.08195483032014     
      3     12      1     11   2.49566449096042     
      6      7      2     11  0.968303003971382     
      2      8      2     11 -0.496777869122609     
      5      8      2     11  -3.89710000000000     
      6     10      2     11  -1.22430847968996     
      2     11      2     11  -5.48992500000000     
      5     11      2     11   1.78880966064028     
      1     12      2     11  5.672466394789188E-003
      4     12      2     11  -1.87400073760905     
      1      7      3     11   2.79924567464165     
      4      7      3     11   1.87400073760905     
      3      8      3     11  -2.49566449096042     
      2      9      3     11  -2.87076449096042     
      5      9      3     11  -2.54944000000000     
      1     10      3     11   1.22430847968996     
      4     10      3     11  -1.21683497434944     
      3     11      3     11  -4.16764000000000     
      2      7      4     11  -1.76934893557518     
      5      7      4     11 -0.706854830320142     
      1      8      4     11  0.153203691792925     
      4      8      4     11   1.08195483032014     
      6      9      4     11 -0.919729999999998     
      2     10      4     11  0.706854830320142     
      5     10      4     11  -3.03479000000000     
      1     11      4     11  -1.08195483032014     
      4     11      4     11  -5.43864000000000     
      3     12      4     11 -0.134079999999998     
      6      7      5     11  -3.09830921729901     
      2      8      5     11  -3.23229048756451     
      5      8      5     11   1.78880966064028     
      6     10      5     11  -1.21683497434944     
      2     11      5     11   1.78880966064028     
      5     11      5     11  -7.41962000000000     
      1     12      5     11  -3.09830921729901     
      4     12      5     11  -1.21683497434944     
      6      8      6     11 -0.375100000000000     
      6     11      6     11  -5.22145000000000     
      2     12      6     11  0.375100000000000     
      5     12      6     11  -3.60325000000000     
      7      8      7     11  0.000000000000000E+000
      8     10      7     11  -1.11155000000000     
      7     11      7     11  -1.03705000000000     
     10     11      7     11 -0.375100000000000     
      9     12      7     11 -0.375100000000000     
      8     11      8     11  -1.59282500000000     
      7     12      8     11 -0.962630537576593     
     10     12      8     11 -0.649692257919086     
      8      9      9     11 -0.375100000000000     
      7     10      9     11 -0.649692257919086     
      9     11      9     11  -1.61820000000000     
      7      8     10     11   1.92255262736810     
      8     10     10     11 -0.375100000000000     
      7     11     10     11 -0.375100000000000     
     10     11     10     11  -2.40385000000000     
      9     12     10     11  0.785650000000000     
      6      7      1     12  -5.01520000000000     
      2      8      1     12  0.860444509396161     
      5      8      1     12  0.968303003971382     
      6     10      1     12   2.87076449096042     
      2     11      1     12  5.672466394789188E-003
      5     11      1     12  -3.09830921729901     
      1     12      1     12  -5.49647500000000     
      4     12      1     12   2.49566449096042     
      6      8      2     12  -3.33805000000000     
      6     11      2     12  0.375100000000000     
      2     12      2     12  -5.48665000000000     
      5     12      2     12 -0.375100000000000     
      2      7      3     12   3.38549417935743     
      5      7      3     12   2.87076449096042     
      1      8      3     12   1.46294155198933     
      4      8      3     12  -2.49566449096042     
      6      9      3     12  -1.62971000000000     
      2     10      3     12  -2.87076449096042     
      5     10      3     12 -0.919729999999998     
      1     11      3     12   2.49566449096042     
      4     11      3     12 -0.134079999999998     
      3     12      3     12  -4.03356000000000     
      6      7      4     12   2.87076449096042     
      2      8      4     12   2.79924567464165     
      5      8      4     12  -1.22430847968996     
      6     10      4     12  -2.54944000000000     
      2     11      4     12  -1.87400073760905     
      5     11      4     12  -1.21683497434944     
      1     12      4     12   2.49566449096042     
      4     12      4     12  -4.16764000000000     
      6      8      5     12  0.375100000000000     
      6     11      5     12  -3.60325000000000     
      2     12      5     12 -0.375100000000000     
      5     12      5     12  -5.22145000000000     
      6     12      6     12  -8.82470000000000     
      8     11      7     12 -0.962630537576593     
      7     12      7     12 -0.481275000000000     
     10     12      7     12 -0.375100000000000     
      8     12      8     12  -2.14860000000000     
     11     12      8     12 -0.750200000000000     
      7      8      9     12  -1.92255262736810     
      8     10      9     12 -0.375100000000000     
      7     11      9     12 -0.375100000000000     
     10     11      9     12  0.785650000000000     
      9     12      9     12  -2.40385000000000     
      8     11     10     12 -0.649692257919086     
      7     12     10     12 -0.375100000000000     
     10     12     10     12  -1.61820000000000     
      8     12     11     12 -0.750200000000000     
     11     12     11     12  -1.61820000000000     
