      1      1      1      1           2           0   4.53719369296705     
      1      1      1      1           0           0  -10.3924500000000     
      1      1      1      2           2           0  -1.72088901879232     
      1      1      2      1           2           0  -1.72088901879232     
      1      1      2      2           4           0  -7.57019512247308     
      1      1      2      2           2           0   5.33313477119083     
      1      2      1      1           2           0   1.72088901879232     
      1      2      1      2           2           0 -1.793791375829312E-002
      1      2      1      2           0           0  -15.5324843322390     
      1      2      2      1           4           0   11.2143281207569     
      1      2      2      1           2           0  -4.81336919423391     
      1      2      2      2           4           0   9.07815441736880     
      1      2      2      2           2           0   3.87160335447828     
      2      1      1      1           2           0   1.72088901879232     
      2      1      1      2           4           0   11.2143281207569     
      2      1      1      2           2           0  -4.81336919423391     
      2      1      2      1           2           0 -1.793791375829312E-002
      2      1      2      1           0           0  -15.5324843322390     
      2      1      2      2           4           0   9.07815441736880     
      2      1      2      2           2           0   3.87160335447828     
      2      2      1      1           4           0  -7.57019512247309     
      2      2      1      1           2           0   5.33313477119084     
      2      2      1      2           4           0  -9.07815441736880     
      2      2      1      2           2           0  -3.87160335447828     
      2      2      2      1           4           0  -9.07815441736880     
      2      2      2      1           2           0  -3.87160335447828     
      2      2      2      2           6           0   4.31180736915508     
      2      2      2      2           4           0  -7.75729994550295     
      2      2      2      2           2           0   8.90691539335027     
      2      2      2      2           0           0  -22.2473500000000     
      1      1      1      1           2           0   4.53719369296705     
      1      1      1      1           0           0  -10.3924500000000     
      1      1      1      2           2           0  -1.72088901879232     
      1      1      2      1           2           0  -1.72088901879232     
      1      1      2      2           4           0  -7.57019512247308     
      1      1      2      2           2           0   5.33313477119083     
      1      2      1      1           2           0   1.72088901879232     
      1      2      1      2           2           0 -1.793791375829312E-002
      1      2      1      2           0           0  -15.5324843322390     
      1      2      2      1           4           0   11.2143281207569     
      1      2      2      1           2           0  -4.81336919423391     
      1      2      2      2           4           0   9.07815441736880     
      1      2      2      2           2           0   3.87160335447828     
      2      1      1      1           2           0   1.72088901879232     
      2      1      1      2           4           0   11.2143281207569     
      2      1      1      2           2           0  -4.81336919423391     
      2      1      2      1           2           0 -1.793791375829312E-002
      2      1      2      1           0           0  -15.5324843322390     
      2      1      2      2           4           0   9.07815441736880     
      2      1      2      2           2           0   3.87160335447828     
      2      2      1      1           4           0  -7.57019512247309     
      2      2      1      1           2           0   5.33313477119084     
      2      2      1      2           4           0  -9.07815441736880     
      2      2      1      2           2           0  -3.87160335447828     
      2      2      2      1           4           0  -9.07815441736880     
      2      2      2      1           2           0  -3.87160335447828     
      2      2      2      2           6           0   4.31180736915508     
      2      2      2      2           4           0  -7.75729994550295     
      2      2      2      2           2           0   8.90691539335027     
      2      2      2      2           0           0  -22.2473500000000     
          60           6
   1   1   3   3   0   0   0   0-10.3925   1   1
   1   1   3   3   2   0   0   0  4.5372   1   1
   1   1   3   4   2   0   0   0 -1.7209   1   1
   1   1   4   3   2   0   0   0  1.7209   1   1
   1   1   4   4   0   0   0   0-15.5325   1   1
   1   1   4   4   2   0   0   0 -0.0179   1   1
   1   2   3   3   2   0   0   0 -1.7209   1   1
   1   2   3   4   2   0   0   0  5.3331   1   1
   1   2   3   4   4   0   0   0 -7.5702   1   1
   1   2   4   3   2   0   0   0 -4.8134   1   1
   1   2   4   3   4   0   0   0 11.2143   1   1
   1   2   4   4   2   0   0   0  3.8716   1   1
   1   2   4   4   4   0   0   0  9.0782   1   1
   2   1   3   3   2   0   0   0  1.7209   1   1
   2   1   3   4   2   0   0   0 -4.8134   1   1
   2   1   3   4   4   0   0   0 11.2143   1   1
   2   1   4   3   2   0   0   0  5.3331   1   1
   2   1   4   3   4   0   0   0 -7.5702   1   1
   2   1   4   4   2   0   0   0 -3.8716   1   1
   2   1   4   4   4   0   0   0 -9.0782   1   1
   2   2   3   3   0   0   0   0-15.5325   1   1
   2   2   3   3   2   0   0   0 -0.0179   1   1
   2   2   3   4   2   0   0   0  3.8716   1   1
   2   2   3   4   4   0   0   0  9.0782   1   1
   2   2   4   3   2   0   0   0 -3.8716   1   1
   2   2   4   3   4   0   0   0 -9.0782   1   1
   2   2   4   4   0   0   0   0-22.2474   1   1
   2   2   4   4   2   0   0   0  8.9069   1   1
   2   2   4   4   4   0   0   0 -7.7573   1   1
   2   2   4   4   6   0   0   0  4.3118   1   1
   3   3   1   1   0   0   0   0-10.3925   1   1
   3   3   1   1   2   0   0   0  4.5372   1   1
   3   3   1   2   2   0   0   0 -1.7209   1   1
   3   3   2   1   2   0   0   0  1.7209   1   1
   3   3   2   2   0   0   0   0-15.5325   1   1
   3   3   2   2   2   0   0   0 -0.0179   1   1
   3   4   1   1   2   0   0   0 -1.7209   1   1
   3   4   1   2   2   0   0   0  5.3331   1   1
   3   4   1   2   4   0   0   0 -7.5702   1   1
   3   4   2   1   2   0   0   0 -4.8134   1   1
   3   4   2   1   4   0   0   0 11.2143   1   1
   3   4   2   2   2   0   0   0  3.8716   1   1
   3   4   2   2   4   0   0   0  9.0782   1   1
   4   3   1   1   2   0   0   0  1.7209   1   1
   4   3   1   2   2   0   0   0 -4.8134   1   1
   4   3   1   2   4   0   0   0 11.2143   1   1
   4   3   2   1   2   0   0   0  5.3331   1   1
   4   3   2   1   4   0   0   0 -7.5702   1   1
   4   3   2   2   2   0   0   0 -3.8716   1   1
   4   3   2   2   4   0   0   0 -9.0782   1   1
   4   4   1   1   0   0   0   0-15.5325   1   1
   4   4   1   1   2   0   0   0 -0.0179   1   1
   4   4   1   2   2   0   0   0  3.8716   1   1
   4   4   1   2   4   0   0   0  9.0782   1   1
   4   4   2   1   2   0   0   0 -3.8716   1   1
   4   4   2   1   4   0   0   0 -9.0782   1   1
   4   4   2   2   0   0   0   0-22.2474   1   1
   4   4   2   2   2   0   0   0  8.9069   1   1
   4   4   2   2   4   0   0   0 -7.7573   1   1
   4   4   2   2   6   0   0   0  4.3118   1   1
