      1      2      1      2  -1.25970000000000     
      2      4      1      2  0.000000000000000E+000
      1      5      1      2  0.000000000000000E+000
      4      5      1      2   1.84137676888789     
      3      6      1      2  -1.84137676888789     
      1      3      1      3  -2.05210000000000     
      3      4      1      3 -0.729500000000000     
      2      3      2      3 -0.477250000000000     
      1      4      2      3 -0.909240071433282     
      3      5      2      3 -0.364750000000000     
      2      3      1      4 -0.909240071433282     
      1      4      1      4  -1.52715000000000     
      3      5      1      4 -0.631765532060748     
      1      2      2      4  0.000000000000000E+000
      2      4      2      4  -1.00220000000000     
      1      5      2      4  -1.04990000000000     
      4      5      2      4 -0.364750000000000     
      3      6      2      4 -0.364750000000000     
      1      3      3      4 -0.729500000000000     
      3      4      3      4  -1.53630000000000     
      1      2      1      5  0.000000000000000E+000
      2      4      1      5  -1.04990000000000     
      1      5      1      5  -1.00220000000000     
      4      5      1      5 -0.364750000000000     
      3      6      1      5 -0.364750000000000     
      2      5      2      5  -1.52715000000000     
      1      6      2      5 -0.909240071433282     
      4      6      2      5 -0.631765532060748     
      2      3      3      5 -0.364750000000000     
      1      4      3      5 -0.631765532060748     
      3      5      3      5  -1.53630000000000     
      1      2      4      5   1.84137676888789     
      2      4      4      5 -0.364750000000000     
      1      5      4      5 -0.364750000000000     
      4      5      4      5  -2.31870000000000     
      3      6      4      5  0.782400000000000     
      2      5      1      6 -0.909240071433282     
      1      6      1      6 -0.477250000000000     
      4      6      1      6 -0.364750000000000     
      2      6      2      6  -2.05210000000000     
      5      6      2      6 -0.729500000000000     
      1      2      3      6  -1.84137676888789     
      2      4      3      6 -0.364750000000000     
      1      5      3      6 -0.364750000000000     
      4      5      3      6  0.782400000000000     
      3      6      3      6  -2.31870000000000     
      2      5      4      6 -0.631765532060748     
      1      6      4      6 -0.364750000000000     
      4      6      4      6  -1.53630000000000     
      2      6      5      6 -0.729500000000000     
      5      6      5      6  -1.53630000000000     
      1      7      1      7  -6.33240000000000     
      4      7      1      7  0.476059640433843     
      3      8      1      7 -0.824559484664388     
      2      9      1      7 -0.824559484664388     
      5      9      1      7   2.75038882251219     
      1     10      1      7  0.476059640433843     
      4     10      1      7  -3.17587545410710     
      3     11      1      7   2.75038882251219     
      2      7      2      7  -3.79605000000000     
      5      7      2      7  0.476059640433843     
      1      8      2      7  -2.53635000000000     
      4      8      2      7 -0.476059640433843     
      6      9      2      7   1.46121820613638     
      2     10      2      7 -0.476059640433843     
      5     10      2      7  0.126719520917168     
      1     11      2      7  0.476059640433843     
      4     11      2      7  -1.71465724797072     
      3     12      2      7   3.30259497502427     
      3      7      3      7  -5.32285000000000     
      1      9      3      7  -3.27075000000000     
      4      9      3      7 -0.364750000000000     
      3     10      3      7  0.364750000000000     
      1      7      4      7  0.476059640433843     
      4      7      4      7  -5.34941250000000     
      3      8      4      7  4.600759957604988E-002
      2      9      4      7  0.955247671009332     
      5      9      4      7   1.21667610898063     
      1     10      4      7  -3.82226250000000     
      4     10      4      7  -1.76964655807311     
      3     11      4      7   1.84844164104138     
      2      7      5      7  0.476059640433843     
      5      7      5      7  -5.37597500000000     
      1      8      5      7  0.476059640433843     
      4      8      5      7  5.312500000000164E-002
      6      9      5      7   2.47209483710966     
      2     10      5      7   1.10302500000000     
      5     10      5      7  -1.06719827903655     
      1     11      5      7  -4.37377500000000     
      4     11      5      7 -0.702448279036555     
      3     12      5      7   2.83684483710966     
      6      7      6      7  -5.40253750000000     
      2      8      6      7  0.824559484664388     
      5      8      6      7  4.600759957604944E-002
      6     10      6      7   2.47209483710966     
      2     11      6      7  0.955247671009332     
      5     11      6      7  -3.06511775002201     
      1     12      6      7  -4.92528750000000     
      4     12      6      7   2.83684483710966     
      2      7      1      8  -2.53635000000000     
      5      7      1      8  0.476059640433843     
      1      8      1      8  -3.79605000000000     
      4      8      1      8 -0.476059640433843     
      6      9      1      8   3.30259497502427     
      2     10      1      8 -0.476059640433843     
      5     10      1      8  -1.71465724797072     
      1     11      1      8  0.476059640433843     
      4     11      1      8  0.126719520917168     
      3     12      1      8   1.46121820613638     
      6      7      2      8  0.824559484664388     
      2      8      2      8  -6.33240000000000     
      5      8      2      8 -0.476059640433843     
      6     10      2      8   2.75038882251219     
      2     11      2      8 -0.476059640433843     
      5     11      2      8  -3.17587545410710     
      1     12      2      8  0.824559484664388     
      4     12      2      8   2.75038882251219     
      1      7      3      8 -0.824559484664388     
      4      7      3      8  4.600759957604944E-002
      3      8      3      8  -5.40253750000000     
      2      9      3      8  -4.92528750000000     
      5      9      3      8  -2.83684483710966     
      1     10      3      8  0.955247671009332     
      4     10      3      8   3.06511775002201     
      3     11      3      8  -2.47209483710966     
      2      7      4      8 -0.476059640433843     
      5      7      4      8  5.312500000000164E-002
      1      8      4      8 -0.476059640433843     
      4      8      4      8  -5.37597500000000     
      6      9      4      8  -2.83684483710966     
      2     10      4      8  -4.37377500000000     
      5     10      4      8  0.702448279036555     
      1     11      4      8   1.10302500000000     
      4     11      4      8   1.06719827903655     
      3     12      4      8  -2.47209483710966     
      6      7      5      8  4.600759957604988E-002
      2      8      5      8 -0.476059640433843     
      5      8      5      8  -5.34941250000000     
      6     10      5      8  -1.84844164104138     
      2     11      5      8  -3.82226250000000     
      5     11      5      8   1.76964655807311     
      1     12      5      8  0.955247671009332     
      4     12      5      8  -1.21667610898063     
      6      8      6      8  -5.32285000000000     
      6     11      6      8 -0.364750000000000     
      2     12      6      8  -3.27075000000000     
      5     12      6      8  0.364750000000000     
      7      8      7      8  -1.25970000000000     
      8     10      7      8  0.000000000000000E+000
      7     11      7      8  0.000000000000000E+000
     10     11      7      8   1.84137676888789     
      9     12      7      8  -1.84137676888789     
      3      7      1      9  -3.27075000000000     
      1      9      1      9  -5.32285000000000     
      4      9      1      9  0.364750000000000     
      3     10      1      9 -0.364750000000000     
      1      7      2      9 -0.824559484664388     
      4      7      2      9  0.955247671009332     
      3      8      2      9  -4.92528750000000     
      2      9      2      9  -5.40253750000000     
      5      9      2      9  -2.47209483710966     
      1     10      2      9  4.600759957604944E-002
      4     10      2      9   3.06511775002201     
      3     11      2      9  -2.83684483710966     
      3      9      3      9  -8.59360000000000     
      3      7      4      9 -0.364750000000000     
      1      9      4      9  0.364750000000000     
      4      9      4      9  -5.06495000000000     
      3     10      4      9  -3.52865000000000     
      1      7      5      9   2.75038882251219     
      4      7      5      9   1.21667610898063     
      3      8      5      9  -2.83684483710966     
      2      9      5      9  -2.47209483710966     
      5      9      5      9  -4.05509000000000     
      1     10      5      9   1.84844164104138     
      4     10      5      9  -1.16608588568767     
      3     11      5      9  -2.51879000000000     
      2      7      6      9   1.46121820613638     
      5      7      6      9   2.47209483710966     
      1      8      6      9   3.30259497502427     
      4      8      6      9  -2.83684483710966     
      6      9      6      9  -3.94136000000000     
      2     10      6      9  -2.47209483710966     
      5     10      6      9 -0.113729999999998     
      1     11      6      9   2.83684483710966     
      4     11      6      9 -0.896129999999998     
      3     12      6      9  -1.62266000000000     
      7      9      7      9  -2.05210000000000     
      9     10      7      9 -0.729500000000000     
      8      9      8      9 -0.477250000000000     
      7     10      8      9 -0.909240071433282     
      9     11      8      9 -0.364750000000000     
      1      7      1     10  0.476059640433843     
      4      7      1     10  -3.82226250000000     
      3      8      1     10  0.955247671009332     
      2      9      1     10  4.600759957604988E-002
      5      9      1     10   1.84844164104138     
      1     10      1     10  -5.34941250000000     
      4     10      1     10  -1.76964655807311     
      3     11      1     10   1.21667610898063     
      2      7      2     10 -0.476059640433843     
      5      7      2     10   1.10302500000000     
      1      8      2     10 -0.476059640433843     
      4      8      2     10  -4.37377500000000     
      6      9      2     10  -2.47209483710966     
      2     10      2     10  -5.37597500000000     
      5     10      2     10   1.06719827903655     
      1     11      2     10  5.312500000000164E-002
      4     11      2     10  0.702448279036555     
      3     12      2     10  -2.83684483710966     
      3      7      3     10  0.364750000000000     
      1      9      3     10 -0.364750000000000     
      4      9      3     10  -3.52865000000000     
      3     10      3     10  -5.06495000000000     
      1      7      4     10  -3.17587545410710     
      4      7      4     10  -1.76964655807311     
      3      8      4     10   3.06511775002201     
      2      9      4     10   3.06511775002201     
      5      9      4     10  -1.16608588568767     
      1     10      4     10  -1.76964655807311     
      4     10      4     10  -7.24712000000000     
      3     11      4     10  -1.16608588568767     
      2      7      5     10  0.126719520917168     
      5      7      5     10  -1.06719827903655     
      1      8      5     10  -1.71465724797072     
      4      8      5     10  0.702448279036555     
      6      9      5     10 -0.113729999999998     
      2     10      5     10   1.06719827903655     
      5     10      5     10  -5.28784000000000     
      1     11      5     10 -0.702448279036555     
      4     11      5     10  -2.96914000000000     
      3     12      5     10 -0.896129999999998     
      6      7      6     10   2.47209483710966     
      2      8      6     10   2.75038882251219     
      5      8      6     10  -1.84844164104138     
      6     10      6     10  -4.05509000000000     
      2     11      6     10  -1.21667610898063     
      5     11      6     10  -1.16608588568767     
      1     12      6     10   2.83684483710966     
      4     12      6     10  -2.51879000000000     
      8      9      7     10 -0.909240071433282     
      7     10      7     10  -1.52715000000000     
      9     11      7     10 -0.631765532060748     
      7      8      8     10  0.000000000000000E+000
      8     10      8     10  -1.00220000000000     
      7     11      8     10  -1.04990000000000     
     10     11      8     10 -0.364750000000000     
      9     12      8     10 -0.364750000000000     
      7      9      9     10 -0.729500000000000     
      9     10      9     10  -1.53630000000000     
      2      7      1     11  0.476059640433843     
      5      7      1     11  -4.37377500000000     
      1      8      1     11  0.476059640433843     
      4      8      1     11   1.10302500000000     
      6      9      1     11   2.83684483710966     
      2     10      1     11  5.312500000000164E-002
      5     10      1     11 -0.702448279036555     
      1     11      1     11  -5.37597500000000     
      4     11      1     11  -1.06719827903655     
      3     12      1     11   2.47209483710966     
      6      7      2     11  0.955247671009332     
      2      8      2     11 -0.476059640433843     
      5      8      2     11  -3.82226250000000     
      6     10      2     11  -1.21667610898063     
      2     11      2     11  -5.34941250000000     
      5     11      2     11   1.76964655807311     
      1     12      2     11  4.600759957604988E-002
      4     12      2     11  -1.84844164104138     
      1      7      3     11   2.75038882251219     
      4      7      3     11   1.84844164104138     
      3      8      3     11  -2.47209483710966     
      2      9      3     11  -2.83684483710966     
      5      9      3     11  -2.51879000000000     
      1     10      3     11   1.21667610898063     
      4     10      3     11  -1.16608588568767     
      3     11      3     11  -4.05509000000000     
      2      7      4     11  -1.71465724797072     
      5      7      4     11 -0.702448279036555     
      1      8      4     11  0.126719520917168     
      4      8      4     11   1.06719827903655     
      6      9      4     11 -0.896129999999998     
      2     10      4     11  0.702448279036555     
      5     10      4     11  -2.96914000000000     
      1     11      4     11  -1.06719827903655     
      4     11      4     11  -5.28784000000000     
      3     12      4     11 -0.113729999999998     
      6      7      5     11  -3.06511775002201     
      2      8      5     11  -3.17587545410710     
      5      8      5     11   1.76964655807311     
      6     10      5     11  -1.16608588568767     
      2     11      5     11   1.76964655807311     
      5     11      5     11  -7.24712000000000     
      1     12      5     11  -3.06511775002201     
      4     12      5     11  -1.16608588568767     
      6      8      6     11 -0.364750000000000     
      6     11      6     11  -5.06495000000000     
      2     12      6     11  0.364750000000000     
      5     12      6     11  -3.52865000000000     
      7      8      7     11  0.000000000000000E+000
      8     10      7     11  -1.04990000000000     
      7     11      7     11  -1.00220000000000     
     10     11      7     11 -0.364750000000000     
      9     12      7     11 -0.364750000000000     
      8     11      8     11  -1.52715000000000     
      7     12      8     11 -0.909240071433282     
     10     12      8     11 -0.631765532060748     
      8      9      9     11 -0.364750000000000     
      7     10      9     11 -0.631765532060748     
      9     11      9     11  -1.53630000000000     
      7      8     10     11   1.84137676888789     
      8     10     10     11 -0.364750000000000     
      7     11     10     11 -0.364750000000000     
     10     11     10     11  -2.31870000000000     
      9     12     10     11  0.782400000000000     
      6      7      1     12  -4.92528750000000     
      2      8      1     12  0.824559484664388     
      5      8      1     12  0.955247671009332     
      6     10      1     12   2.83684483710966     
      2     11      1     12  4.600759957604944E-002
      5     11      1     12  -3.06511775002201     
      1     12      1     12  -5.40253750000000     
      4     12      1     12   2.47209483710966     
      6      8      2     12  -3.27075000000000     
      6     11      2     12  0.364750000000000     
      2     12      2     12  -5.32285000000000     
      5     12      2     12 -0.364750000000000     
      2      7      3     12   3.30259497502427     
      5      7      3     12   2.83684483710966     
      1      8      3     12   1.46121820613638     
      4      8      3     12  -2.47209483710966     
      6      9      3     12  -1.62266000000000     
      2     10      3     12  -2.83684483710966     
      5     10      3     12 -0.896129999999998     
      1     11      3     12   2.47209483710966     
      4     11      3     12 -0.113729999999998     
      3     12      3     12  -3.94136000000000     
      6      7      4     12   2.83684483710966     
      2      8      4     12   2.75038882251219     
      5      8      4     12  -1.21667610898063     
      6     10      4     12  -2.51879000000000     
      2     11      4     12  -1.84844164104138     
      5     11      4     12  -1.16608588568767     
      1     12      4     12   2.47209483710966     
      4     12      4     12  -4.05509000000000     
      6      8      5     12  0.364750000000000     
      6     11      5     12  -3.52865000000000     
      2     12      5     12 -0.364750000000000     
      5     12      5     12  -5.06495000000000     
      6     12      6     12  -8.59360000000000     
      8     11      7     12 -0.909240071433282     
      7     12      7     12 -0.477250000000000     
     10     12      7     12 -0.364750000000000     
      8     12      8     12  -2.05210000000000     
     11     12      8     12 -0.729500000000000     
      7      8      9     12  -1.84137676888789     
      8     10      9     12 -0.364750000000000     
      7     11      9     12 -0.364750000000000     
     10     11      9     12  0.782400000000000     
      9     12      9     12  -2.31870000000000     
      8     11     10     12 -0.631765532060748     
      7     12     10     12 -0.364750000000000     
     10     12     10     12  -1.53630000000000     
      8     12     11     12 -0.729500000000000     
     11     12     11     12  -1.53630000000000     
