      1      1      1      1           2           0   4.39308706577732     
      1      1      1      1           0           0  -10.1284500000000     
      1      1      1      2           2           0  -1.64911896932877     
      1      1      2      1           2           0  -1.64911896932877     
      1      1      2      2           4           0  -7.38482686630349     
      1      1      2      2           2           0   5.28129299648506     
      1      2      1      1           2           0   1.64911896932877     
      1      2      1      2           2           0 -0.145488804337310     
      1      2      1      2           0           0  -15.1679884642069     
      1      2      2      1           4           0   11.0132776587300     
      1      2      2      1           2           0  -4.70985750784657     
      1      2      2      2           4           0   8.97089105375589     
      1      2      2      2           2           0   3.84746767909004     
      2      1      1      1           2           0   1.64911896932877     
      2      1      1      2           4           0   11.0132776587300     
      2      1      1      2           2           0  -4.70985750784657     
      2      1      2      1           2           0 -0.145488804337310     
      2      1      2      1           0           0  -15.1679884642069     
      2      1      2      2           4           0   8.97089105375589     
      2      1      2      2           2           0   3.84746767909004     
      2      2      1      1           4           0  -7.38482686630349     
      2      2      1      1           2           0   5.28129299648506     
      2      2      1      2           4           0  -8.97089105375590     
      2      2      1      2           2           0  -3.84746767909004     
      2      2      2      1           4           0  -8.97089105375590     
      2      2      2      1           2           0  -3.84746767909004     
      2      2      2      2           6           0   4.29315482241207     
      2      2      2      2           4           0  -7.63599325772358     
      2      2      2      2           2           0   8.64095899184807     
      2      2      2      2           0           0  -21.6550000000000     
      1      1      1      1           2           0   4.39308706577732     
      1      1      1      1           0           0  -10.1284500000000     
      1      1      1      2           2           0  -1.64911896932877     
      1      1      2      1           2           0  -1.64911896932877     
      1      1      2      2           4           0  -7.38482686630349     
      1      1      2      2           2           0   5.28129299648506     
      1      2      1      1           2           0   1.64911896932877     
      1      2      1      2           2           0 -0.145488804337310     
      1      2      1      2           0           0  -15.1679884642069     
      1      2      2      1           4           0   11.0132776587300     
      1      2      2      1           2           0  -4.70985750784657     
      1      2      2      2           4           0   8.97089105375589     
      1      2      2      2           2           0   3.84746767909004     
      2      1      1      1           2           0   1.64911896932877     
      2      1      1      2           4           0   11.0132776587300     
      2      1      1      2           2           0  -4.70985750784657     
      2      1      2      1           2           0 -0.145488804337310     
      2      1      2      1           0           0  -15.1679884642069     
      2      1      2      2           4           0   8.97089105375589     
      2      1      2      2           2           0   3.84746767909004     
      2      2      1      1           4           0  -7.38482686630349     
      2      2      1      1           2           0   5.28129299648506     
      2      2      1      2           4           0  -8.97089105375590     
      2      2      1      2           2           0  -3.84746767909004     
      2      2      2      1           4           0  -8.97089105375590     
      2      2      2      1           2           0  -3.84746767909004     
      2      2      2      2           6           0   4.29315482241207     
      2      2      2      2           4           0  -7.63599325772358     
      2      2      2      2           2           0   8.64095899184807     
      2      2      2      2           0           0  -21.6550000000000     
          60           6
   1   1   3   3   0   0   0   0-10.1285   1   1
   1   1   3   3   2   0   0   0  4.3931   1   1
   1   1   3   4   2   0   0   0 -1.6491   1   1
   1   1   4   3   2   0   0   0  1.6491   1   1
   1   1   4   4   0   0   0   0-15.1680   1   1
   1   1   4   4   2   0   0   0 -0.1455   1   1
   1   2   3   3   2   0   0   0 -1.6491   1   1
   1   2   3   4   2   0   0   0  5.2813   1   1
   1   2   3   4   4   0   0   0 -7.3848   1   1
   1   2   4   3   2   0   0   0 -4.7099   1   1
   1   2   4   3   4   0   0   0 11.0133   1   1
   1   2   4   4   2   0   0   0  3.8475   1   1
   1   2   4   4   4   0   0   0  8.9709   1   1
   2   1   3   3   2   0   0   0  1.6491   1   1
   2   1   3   4   2   0   0   0 -4.7099   1   1
   2   1   3   4   4   0   0   0 11.0133   1   1
   2   1   4   3   2   0   0   0  5.2813   1   1
   2   1   4   3   4   0   0   0 -7.3848   1   1
   2   1   4   4   2   0   0   0 -3.8475   1   1
   2   1   4   4   4   0   0   0 -8.9709   1   1
   2   2   3   3   0   0   0   0-15.1680   1   1
   2   2   3   3   2   0   0   0 -0.1455   1   1
   2   2   3   4   2   0   0   0  3.8475   1   1
   2   2   3   4   4   0   0   0  8.9709   1   1
   2   2   4   3   2   0   0   0 -3.8475   1   1
   2   2   4   3   4   0   0   0 -8.9709   1   1
   2   2   4   4   0   0   0   0-21.6550   1   1
   2   2   4   4   2   0   0   0  8.6410   1   1
   2   2   4   4   4   0   0   0 -7.6360   1   1
   2   2   4   4   6   0   0   0  4.2932   1   1
   3   3   1   1   0   0   0   0-10.1285   1   1
   3   3   1   1   2   0   0   0  4.3931   1   1
   3   3   1   2   2   0   0   0 -1.6491   1   1
   3   3   2   1   2   0   0   0  1.6491   1   1
   3   3   2   2   0   0   0   0-15.1680   1   1
   3   3   2   2   2   0   0   0 -0.1455   1   1
   3   4   1   1   2   0   0   0 -1.6491   1   1
   3   4   1   2   2   0   0   0  5.2813   1   1
   3   4   1   2   4   0   0   0 -7.3848   1   1
   3   4   2   1   2   0   0   0 -4.7099   1   1
   3   4   2   1   4   0   0   0 11.0133   1   1
   3   4   2   2   2   0   0   0  3.8475   1   1
   3   4   2   2   4   0   0   0  8.9709   1   1
   4   3   1   1   2   0   0   0  1.6491   1   1
   4   3   1   2   2   0   0   0 -4.7099   1   1
   4   3   1   2   4   0   0   0 11.0133   1   1
   4   3   2   1   2   0   0   0  5.2813   1   1
   4   3   2   1   4   0   0   0 -7.3848   1   1
   4   3   2   2   2   0   0   0 -3.8475   1   1
   4   3   2   2   4   0   0   0 -8.9709   1   1
   4   4   1   1   0   0   0   0-15.1680   1   1
   4   4   1   1   2   0   0   0 -0.1455   1   1
   4   4   1   2   2   0   0   0  3.8475   1   1
   4   4   1   2   4   0   0   0  8.9709   1   1
   4   4   2   1   2   0   0   0 -3.8475   1   1
   4   4   2   1   4   0   0   0 -8.9709   1   1
   4   4   2   2   0   0   0   0-21.6550   1   1
   4   4   2   2   2   0   0   0  8.6410   1   1
   4   4   2   2   4   0   0   0 -7.6360   1   1
   4   4   2   2   6   0   0   0  4.2932   1   1
