 ! Total Interaction
  20
   1   1   1   1     1     0  -6.3324
   1   2   1   1     1     0  -1.3465
   2   2   1   1     1     0   5.0215
   1   1   1   2     1     0  -1.3465
   1   2   1   2     1     0 -10.9059
   2   2   1   2     1     0  -7.9141
   1   1   2   2     1     0   5.0215
   1   2   2   2     1     0  -7.9141
   2   2   2   2     1     0  -5.2274
   1   2   1   2     2     0  -8.5936
   2   2   2   2     3     0  -8.5936
   1   1   1   1     0     1  -1.2597
   2   2   1   1     0     1  -2.6041
   1   1   2   2     0     1  -2.6041
   2   2   2   2     0     1  -3.1011
   1   2   1   2     1     1   0.0477
   1   2   1   2     2     1  -2.0521
   2   2   1   2     2     1   0.7295
   1   2   2   2     2     1   0.7295
   2   2   2   2     2     1  -1.5363
