 ! Total Interaction
  20
   1   1   1   1     1     0  -7.9048
   1   2   1   1     1     0  -0.1355
   2   2   1   1     1     0   2.7065
   1   1   1   2     1     0  -0.1355
   1   2   1   2     1     0 -11.8454
   2   2   1   2     1     0  -5.1987
   1   1   2   2     1     0   2.7065
   1   2   2   2     1     0  -5.1987
   2   2   2   2     1     0  -8.4897
   1   2   1   2     2     0  -8.8284
   2   2   2   2     3     0  -8.8284
   1   1   1   1     0     1  -1.0721
   2   2   1   1     0     1  -4.0805
   1   1   2   2     0     1  -4.0805
   2   2   2   2     0     1  -3.9574
   1   2   1   2     1     1   0.8753
   1   2   1   2     2     1  -3.3220
   2   2   1   2     2     1   1.6413
   1   2   2   2     2     1   1.6413
   2   2   2   2     2     1  -2.1614
