      1      1      1      1           2           0   5.91729177643793     
      1      1      1      1           0           0  -12.3932500000000     
      1      1      1      2           2           0 -0.165952930073560     
      1      1      2      1           2           0 -0.165952930073560     
      1      1      2      2           4           0  -6.09659525300135     
      1      1      2      2           2           0   1.20724203086264     
      1      2      1      1           2           0  0.165952930073560     
      1      2      1      2           2           0  0.808096168279186     
      1      2      1      2           0           0  -16.5573118678822     
      1      2      2      1           4           0   12.2057168094312     
      1      2      2      1           2           0  -3.20674051576811     
      1      2      2      2           4           0   6.81161561594035     
      1      2      2      2           2           0  0.936097997368653     
      2      1      1      1           2           0  0.165952930073560     
      2      1      1      2           4           0   12.2057168094312     
      2      1      1      2           2           0  -3.20674051576811     
      2      1      2      1           2           0  0.808096168279186     
      2      1      2      1           0           0  -16.5573118678822     
      2      1      2      2           4           0   6.81161561594035     
      2      1      2      2           2           0  0.936097997368653     
      2      2      1      1           4           0  -6.09659525300136     
      2      2      1      1           2           0   1.20724203086264     
      2      2      1      2           4           0  -6.81161561594035     
      2      2      1      2           2           0 -0.936097997368654     
      2      2      2      1           4           0  -6.81161561594035     
      2      2      2      1           2           0 -0.936097997368654     
      2      2      2      2           6           0   7.22841747068991     
      2      2      2      2           4           0  -8.34432369129608     
      2      2      2      2           2           0   5.31875563912040     
      2      2      2      2           0           0  -25.5080750000000     
      1      1      1      1           2           0   5.91729177643793     
      1      1      1      1           0           0  -12.3932500000000     
      1      1      1      2           2           0 -0.165952930073560     
      1      1      2      1           2           0 -0.165952930073560     
      1      1      2      2           4           0  -6.09659525300135     
      1      1      2      2           2           0   1.20724203086264     
      1      2      1      1           2           0  0.165952930073560     
      1      2      1      2           2           0  0.808096168279186     
      1      2      1      2           0           0  -16.5573118678822     
      1      2      2      1           4           0   12.2057168094312     
      1      2      2      1           2           0  -3.20674051576811     
      1      2      2      2           4           0   6.81161561594035     
      1      2      2      2           2           0  0.936097997368653     
      2      1      1      1           2           0  0.165952930073560     
      2      1      1      2           4           0   12.2057168094312     
      2      1      1      2           2           0  -3.20674051576811     
      2      1      2      1           2           0  0.808096168279186     
      2      1      2      1           0           0  -16.5573118678822     
      2      1      2      2           4           0   6.81161561594035     
      2      1      2      2           2           0  0.936097997368653     
      2      2      1      1           4           0  -6.09659525300136     
      2      2      1      1           2           0   1.20724203086264     
      2      2      1      2           4           0  -6.81161561594035     
      2      2      1      2           2           0 -0.936097997368654     
      2      2      2      1           4           0  -6.81161561594035     
      2      2      2      1           2           0 -0.936097997368654     
      2      2      2      2           6           0   7.22841747068991     
      2      2      2      2           4           0  -8.34432369129608     
      2      2      2      2           2           0   5.31875563912040     
      2      2      2      2           0           0  -25.5080750000000     
          60           6
   1   1   3   3   0   0   0   0-12.3933   1   1
   1   1   3   3   2   0   0   0  5.9173   1   1
   1   1   3   4   2   0   0   0 -0.1660   1   1
   1   1   4   3   2   0   0   0  0.1660   1   1
   1   1   4   4   0   0   0   0-16.5573   1   1
   1   1   4   4   2   0   0   0  0.8081   1   1
   1   2   3   3   2   0   0   0 -0.1660   1   1
   1   2   3   4   2   0   0   0  1.2072   1   1
   1   2   3   4   4   0   0   0 -6.0966   1   1
   1   2   4   3   2   0   0   0 -3.2067   1   1
   1   2   4   3   4   0   0   0 12.2057   1   1
   1   2   4   4   2   0   0   0  0.9361   1   1
   1   2   4   4   4   0   0   0  6.8116   1   1
   2   1   3   3   2   0   0   0  0.1660   1   1
   2   1   3   4   2   0   0   0 -3.2067   1   1
   2   1   3   4   4   0   0   0 12.2057   1   1
   2   1   4   3   2   0   0   0  1.2072   1   1
   2   1   4   3   4   0   0   0 -6.0966   1   1
   2   1   4   4   2   0   0   0 -0.9361   1   1
   2   1   4   4   4   0   0   0 -6.8116   1   1
   2   2   3   3   0   0   0   0-16.5573   1   1
   2   2   3   3   2   0   0   0  0.8081   1   1
   2   2   3   4   2   0   0   0  0.9361   1   1
   2   2   3   4   4   0   0   0  6.8116   1   1
   2   2   4   3   2   0   0   0 -0.9361   1   1
   2   2   4   3   4   0   0   0 -6.8116   1   1
   2   2   4   4   0   0   0   0-25.5081   1   1
   2   2   4   4   2   0   0   0  5.3188   1   1
   2   2   4   4   4   0   0   0 -8.3443   1   1
   2   2   4   4   6   0   0   0  7.2284   1   1
   3   3   1   1   0   0   0   0-12.3933   1   1
   3   3   1   1   2   0   0   0  5.9173   1   1
   3   3   1   2   2   0   0   0 -0.1660   1   1
   3   3   2   1   2   0   0   0  0.1660   1   1
   3   3   2   2   0   0   0   0-16.5573   1   1
   3   3   2   2   2   0   0   0  0.8081   1   1
   3   4   1   1   2   0   0   0 -0.1660   1   1
   3   4   1   2   2   0   0   0  1.2072   1   1
   3   4   1   2   4   0   0   0 -6.0966   1   1
   3   4   2   1   2   0   0   0 -3.2067   1   1
   3   4   2   1   4   0   0   0 12.2057   1   1
   3   4   2   2   2   0   0   0  0.9361   1   1
   3   4   2   2   4   0   0   0  6.8116   1   1
   4   3   1   1   2   0   0   0  0.1660   1   1
   4   3   1   2   2   0   0   0 -3.2067   1   1
   4   3   1   2   4   0   0   0 12.2057   1   1
   4   3   2   1   2   0   0   0  1.2072   1   1
   4   3   2   1   4   0   0   0 -6.0966   1   1
   4   3   2   2   2   0   0   0 -0.9361   1   1
   4   3   2   2   4   0   0   0 -6.8116   1   1
   4   4   1   1   0   0   0   0-16.5573   1   1
   4   4   1   1   2   0   0   0  0.8081   1   1
   4   4   1   2   2   0   0   0  0.9361   1   1
   4   4   1   2   4   0   0   0  6.8116   1   1
   4   4   2   1   2   0   0   0 -0.9361   1   1
   4   4   2   1   4   0   0   0 -6.8116   1   1
   4   4   2   2   0   0   0   0-25.5081   1   1
   4   4   2   2   2   0   0   0  5.3188   1   1
   4   4   2   2   4   0   0   0 -8.3443   1   1
   4   4   2   2   6   0   0   0  7.2284   1   1
