      1      1      1      1           2           0   4.48964889829929     
      1      1      1      1           0           0  -10.4113000000000     
      1      1      1      2           2           0 -0.460259122668959     
      1      1      2      1           2           0 -0.460259122668959     
      1      1      2      2           4           0  -6.12902891962752     
      1      1      2      2           2           0   2.67455344541280     
      1      2      1      1           2           0  0.460259122668959     
      1      2      1      2           2           0 -0.122552922241779     
      1      2      1      2           0           0  -14.7176144775996     
      1      2      2      1           4           0   10.9390122510273     
      1      2      2      1           2           0  -3.15921737173544     
      1      2      2      2           4           0   7.60529031543212     
      1      2      2      2           2           0   1.96779181647713     
      2      1      1      1           2           0  0.460259122668959     
      2      1      1      2           4           0   10.9390122510273     
      2      1      1      2           2           0  -3.15921737173544     
      2      1      2      1           2           0 -0.122552922241779     
      2      1      2      1           0           0  -14.7176144775996     
      2      1      2      2           4           0   7.60529031543212     
      2      1      2      2           2           0   1.96779181647713     
      2      2      1      1           4           0  -6.12902891962753     
      2      2      1      1           2           0   2.67455344541280     
      2      2      1      2           4           0  -7.60529031543212     
      2      2      1      2           2           0  -1.96779181647713     
      2      2      2      1           4           0  -7.60529031543212     
      2      2      2      1           2           0  -1.96779181647713     
      2      2      2      2           6           0   5.69128887398760     
      2      2      2      2           4           0  -7.61500775975475     
      2      2      2      2           2           0   5.35325809120716     
      2      2      2      2           0           0  -21.6445750000000     
      1      1      1      1           2           0   4.48964889829929     
      1      1      1      1           0           0  -10.4113000000000     
      1      1      1      2           2           0 -0.460259122668959     
      1      1      2      1           2           0 -0.460259122668959     
      1      1      2      2           4           0  -6.12902891962752     
      1      1      2      2           2           0   2.67455344541280     
      1      2      1      1           2           0  0.460259122668959     
      1      2      1      2           2           0 -0.122552922241779     
      1      2      1      2           0           0  -14.7176144775996     
      1      2      2      1           4           0   10.9390122510273     
      1      2      2      1           2           0  -3.15921737173544     
      1      2      2      2           4           0   7.60529031543212     
      1      2      2      2           2           0   1.96779181647713     
      2      1      1      1           2           0  0.460259122668959     
      2      1      1      2           4           0   10.9390122510273     
      2      1      1      2           2           0  -3.15921737173544     
      2      1      2      1           2           0 -0.122552922241779     
      2      1      2      1           0           0  -14.7176144775996     
      2      1      2      2           4           0   7.60529031543212     
      2      1      2      2           2           0   1.96779181647713     
      2      2      1      1           4           0  -6.12902891962753     
      2      2      1      1           2           0   2.67455344541280     
      2      2      1      2           4           0  -7.60529031543212     
      2      2      1      2           2           0  -1.96779181647713     
      2      2      2      1           4           0  -7.60529031543212     
      2      2      2      1           2           0  -1.96779181647713     
      2      2      2      2           6           0   5.69128887398760     
      2      2      2      2           4           0  -7.61500775975475     
      2      2      2      2           2           0   5.35325809120716     
      2      2      2      2           0           0  -21.6445750000000     
          60           6
   1   1   3   3   0   0   0   0-10.4113   1   1
   1   1   3   3   2   0   0   0  4.4896   1   1
   1   1   3   4   2   0   0   0 -0.4603   1   1
   1   1   4   3   2   0   0   0  0.4603   1   1
   1   1   4   4   0   0   0   0-14.7176   1   1
   1   1   4   4   2   0   0   0 -0.1226   1   1
   1   2   3   3   2   0   0   0 -0.4603   1   1
   1   2   3   4   2   0   0   0  2.6746   1   1
   1   2   3   4   4   0   0   0 -6.1290   1   1
   1   2   4   3   2   0   0   0 -3.1592   1   1
   1   2   4   3   4   0   0   0 10.9390   1   1
   1   2   4   4   2   0   0   0  1.9678   1   1
   1   2   4   4   4   0   0   0  7.6053   1   1
   2   1   3   3   2   0   0   0  0.4603   1   1
   2   1   3   4   2   0   0   0 -3.1592   1   1
   2   1   3   4   4   0   0   0 10.9390   1   1
   2   1   4   3   2   0   0   0  2.6746   1   1
   2   1   4   3   4   0   0   0 -6.1290   1   1
   2   1   4   4   2   0   0   0 -1.9678   1   1
   2   1   4   4   4   0   0   0 -7.6053   1   1
   2   2   3   3   0   0   0   0-14.7176   1   1
   2   2   3   3   2   0   0   0 -0.1226   1   1
   2   2   3   4   2   0   0   0  1.9678   1   1
   2   2   3   4   4   0   0   0  7.6053   1   1
   2   2   4   3   2   0   0   0 -1.9678   1   1
   2   2   4   3   4   0   0   0 -7.6053   1   1
   2   2   4   4   0   0   0   0-21.6446   1   1
   2   2   4   4   2   0   0   0  5.3533   1   1
   2   2   4   4   4   0   0   0 -7.6150   1   1
   2   2   4   4   6   0   0   0  5.6913   1   1
   3   3   1   1   0   0   0   0-10.4113   1   1
   3   3   1   1   2   0   0   0  4.4896   1   1
   3   3   1   2   2   0   0   0 -0.4603   1   1
   3   3   2   1   2   0   0   0  0.4603   1   1
   3   3   2   2   0   0   0   0-14.7176   1   1
   3   3   2   2   2   0   0   0 -0.1226   1   1
   3   4   1   1   2   0   0   0 -0.4603   1   1
   3   4   1   2   2   0   0   0  2.6746   1   1
   3   4   1   2   4   0   0   0 -6.1290   1   1
   3   4   2   1   2   0   0   0 -3.1592   1   1
   3   4   2   1   4   0   0   0 10.9390   1   1
   3   4   2   2   2   0   0   0  1.9678   1   1
   3   4   2   2   4   0   0   0  7.6053   1   1
   4   3   1   1   2   0   0   0  0.4603   1   1
   4   3   1   2   2   0   0   0 -3.1592   1   1
   4   3   1   2   4   0   0   0 10.9390   1   1
   4   3   2   1   2   0   0   0  2.6746   1   1
   4   3   2   1   4   0   0   0 -6.1290   1   1
   4   3   2   2   2   0   0   0 -1.9678   1   1
   4   3   2   2   4   0   0   0 -7.6053   1   1
   4   4   1   1   0   0   0   0-14.7176   1   1
   4   4   1   1   2   0   0   0 -0.1226   1   1
   4   4   1   2   2   0   0   0  1.9678   1   1
   4   4   1   2   4   0   0   0  7.6053   1   1
   4   4   2   1   2   0   0   0 -1.9678   1   1
   4   4   2   1   4   0   0   0 -7.6053   1   1
   4   4   2   2   0   0   0   0-21.6446   1   1
   4   4   2   2   2   0   0   0  5.3533   1   1
   4   4   2   2   4   0   0   0 -7.6150   1   1
   4   4   2   2   6   0   0   0  5.6913   1   1
