 ! Total Interaction
  20
   1   1   1   1     1     0  -6.5017
   1   2   1   1     1     0  -0.3758
   2   2   1   1     1     0   3.3877
   1   1   1   2     1     0  -0.3758
   1   2   1   2     1     0 -10.9185
   2   2   1   2     1     0  -6.1811
   1   1   2   2     1     0   3.3877
   1   2   2   2     1     0  -6.1811
   2   2   2   2     1     0  -6.8213
   1   2   1   2     2     0  -7.7609
   2   2   2   2     3     0  -7.7609
   1   1   1   1     0     1  -1.3175
   2   2   1   1     0     1  -3.2076
   1   1   2   2     0     1  -3.2076
   2   2   2   2     0     1  -3.5856
   1   2   1   2     1     1   0.3997
   1   2   1   2     2     1  -2.5789
   2   2   1   2     2     1   1.3272
   1   2   2   2     2     1   1.3272
   2   2   2   2     2     1  -1.6405
