      1      2      1      2  -1.31750000000000     
      2      4      1      2  0.000000000000000E+000
      1      5      1      2  0.000000000000000E+000
      4      5      1      2   2.26811571133397     
      3      6      1      2  -2.26811571133397     
      1      3      1      3  -2.57890000000000     
      3      4      1      3  -1.32720000000000     
      2      3      2      3 -0.344950000000000     
      1      4      2      3  -1.28977163385616     
      3      5      2      3 -0.663600000000000     
      2      3      1      4  -1.28977163385616     
      1      4      1      4  -1.83425000000000     
      3      5      1      4  -1.14938891590271     
      1      2      2      4  0.000000000000000E+000
      2      4      2      4  -1.08960000000000     
      1      5      2      4  -1.48930000000000     
      4      5      2      4 -0.663600000000000     
      3      6      2      4 -0.663600000000000     
      1      3      3      4  -1.32720000000000     
      3      4      3      4  -1.64050000000000     
      1      2      1      5  0.000000000000000E+000
      2      4      1      5  -1.48930000000000     
      1      5      1      5  -1.08960000000000     
      4      5      1      5 -0.663600000000000     
      3      6      1      5 -0.663600000000000     
      2      5      2      5  -1.83425000000000     
      1      6      2      5  -1.28977163385616     
      4      6      2      5  -1.14938891590271     
      2      3      3      5 -0.663600000000000     
      1      4      3      5  -1.14938891590271     
      3      5      3      5  -1.64050000000000     
      1      2      4      5   2.26811571133397     
      2      4      4      5 -0.663600000000000     
      1      5      4      5 -0.663600000000000     
      4      5      4      5  -2.61305000000000     
      3      6      4      5  0.972550000000000     
      2      5      1      6  -1.28977163385616     
      1      6      1      6 -0.344950000000000     
      4      6      1      6 -0.663600000000000     
      2      6      2      6  -2.57890000000000     
      5      6      2      6  -1.32720000000000     
      1      2      3      6  -2.26811571133397     
      2      4      3      6 -0.663600000000000     
      1      5      3      6 -0.663600000000000     
      4      5      3      6  0.972550000000000     
      3      6      3      6  -2.61305000000000     
      2      5      4      6  -1.14938891590271     
      1      6      4      6 -0.663600000000000     
      4      6      4      6  -1.64050000000000     
      2      6      5      6  -1.32720000000000     
      5      6      5      6  -1.64050000000000     
      1      7      1      7  -6.50170000000000     
      4      7      1      7  0.132865364184952     
      3      8      1      7 -0.230129561334480     
      2      9      1      7 -0.230129561334480     
      5      9      1      7   1.85551970806025     
      1     10      1      7  0.132865364184952     
      4     10      1      7  -2.14256960587048     
      3     11      1      7   1.85551970806025     
      2      7      2      7  -3.90960000000000     
      5      7      2      7  0.132865364184952     
      1      8      2      7  -2.59210000000000     
      4      8      2      7 -0.132865364184952     
      6      9      2      7  0.472869348735879     
      2     10      2      7 -0.132865364184952     
      5     10      2      7  0.598415454199364     
      1     11      2      7  0.132865364184952     
      4     11      2      7  -1.66970025713461     
      3     12      2      7   2.74098506006985     
      3      7      3      7  -5.16990000000000     
      1      9      3      7  -2.59100000000000     
      4      9      3      7 -0.663600000000000     
      3     10      3      7  0.663600000000000     
      1      7      4      7  0.132865364184952     
      4      7      4      7  -5.19227500000000     
      3      8      4      7  3.875463681935420E-002
      2      9      4      7   1.32852627067552     
      5      9      4      7  0.622270410110780     
      1     10      4      7  -3.35802500000000     
      4     10      4      7  -1.38213597757240     
      3     11      4      7   1.77165932601349     
      2      7      5      7  0.132865364184952     
      5      7      5      7  -5.21465000000000     
      1      8      5      7  0.132865364184952     
      4      8      5      7  4.475000000000140E-002
      6      9      5      7   1.74140396635859     
      2     10      5      7   1.53405000000000     
      5     10      5      7  -1.02286798878620     
      1     11      5      7  -4.12505000000000     
      4     11      5      7 -0.359267988786198     
      3     12      5      7   2.40500396635859     
      6      7      6      7  -5.23702500000000     
      2      8      6      7  0.230129561334480     
      5      8      6      7  3.875463681935420E-002
      6     10      6      7   1.74140396635859     
      2     11      6      7   1.32852627067552     
      5     11      6      7  -2.39392973612427     
      1     12      6      7  -4.89207500000000     
      4     12      6      7   2.40500396635859     
      2      7      1      8  -2.59210000000000     
      5      7      1      8  0.132865364184952     
      1      8      1      8  -3.90960000000000     
      4      8      1      8 -0.132865364184952     
      6      9      1      8   2.74098506006985     
      2     10      1      8 -0.132865364184952     
      5     10      1      8  -1.66970025713461     
      1     11      1      8  0.132865364184952     
      4     11      1      8  0.598415454199364     
      3     12      1      8  0.472869348735879     
      6      7      2      8  0.230129561334480     
      2      8      2      8  -6.50170000000000     
      5      8      2      8 -0.132865364184952     
      6     10      2      8   1.85551970806025     
      2     11      2      8 -0.132865364184952     
      5     11      2      8  -2.14256960587048     
      1     12      2      8  0.230129561334480     
      4     12      2      8   1.85551970806025     
      1      7      3      8 -0.230129561334480     
      4      7      3      8  3.875463681935420E-002
      3      8      3      8  -5.23702500000000     
      2      9      3      8  -4.89207500000000     
      5      9      3      8  -2.40500396635859     
      1     10      3      8   1.32852627067552     
      4     10      3      8   2.39392973612427     
      3     11      3      8  -1.74140396635859     
      2      7      4      8 -0.132865364184952     
      5      7      4      8  4.475000000000140E-002
      1      8      4      8 -0.132865364184952     
      4      8      4      8  -5.21465000000000     
      6      9      4      8  -2.40500396635859     
      2     10      4      8  -4.12505000000000     
      5     10      4      8  0.359267988786198     
      1     11      4      8   1.53405000000000     
      4     11      4      8   1.02286798878620     
      3     12      4      8  -1.74140396635859     
      6      7      5      8  3.875463681935420E-002
      2      8      5      8 -0.132865364184952     
      5      8      5      8  -5.19227500000000     
      6     10      5      8  -1.77165932601349     
      2     11      5      8  -3.35802500000000     
      5     11      5      8   1.38213597757240     
      1     12      5      8   1.32852627067552     
      4     12      5      8 -0.622270410110780     
      6      8      6      8  -5.16990000000000     
      6     11      6      8 -0.663600000000000     
      2     12      6      8  -2.59100000000000     
      5     12      6      8  0.663600000000000     
      7      8      7      8  -1.31750000000000     
      8     10      7      8  0.000000000000000E+000
      7     11      7      8  0.000000000000000E+000
     10     11      7      8   2.26811571133397     
      9     12      7      8  -2.26811571133397     
      3      7      1      9  -2.59100000000000     
      1      9      1      9  -5.16990000000000     
      4      9      1      9  0.663600000000000     
      3     10      1      9 -0.663600000000000     
      1      7      2      9 -0.230129561334480     
      4      7      2      9   1.32852627067552     
      3      8      2      9  -4.89207500000000     
      2      9      2      9  -5.23702500000000     
      5      9      2      9  -1.74140396635859     
      1     10      2      9  3.875463681935420E-002
      4     10      2      9   2.39392973612427     
      3     11      2      9  -2.40500396635859     
      3      9      3      9  -7.76090000000000     
      3      7      4      9 -0.663600000000000     
      1      9      4      9  0.663600000000000     
      4      9      4      9  -4.70070000000000     
      3     10      4      9  -3.06020000000000     
      1      7      5      9   1.85551970806025     
      4      7      5      9  0.622270410110780     
      3      8      5      9  -2.40500396635859     
      2      9      5      9  -1.74140396635859     
      5      9      5      9  -4.41882000000000     
      1     10      5      9   1.77165932601349     
      4     10      5      9 -0.325486987758340     
      3     11      5      9  -2.77832000000000     
      2      7      6      9  0.472869348735879     
      5      7      6      9   1.74140396635859     
      1      8      6      9   2.74098506006985     
      4      8      6      9  -2.40500396635859     
      6      9      6      9  -4.76415500000000     
      2     10      6      9  -1.74140396635859     
      5     10      6      9  0.345335000000002     
      1     11      6      9   2.40500396635859     
      4     11      6      9 -0.627214999999998     
      3     12      6      9  -2.15110500000000     
      7      9      7      9  -2.57890000000000     
      9     10      7      9  -1.32720000000000     
      8      9      8      9 -0.344950000000000     
      7     10      8      9  -1.28977163385616     
      9     11      8      9 -0.663600000000000     
      1      7      1     10  0.132865364184952     
      4      7      1     10  -3.35802500000000     
      3      8      1     10   1.32852627067552     
      2      9      1     10  3.875463681935420E-002
      5      9      1     10   1.77165932601349     
      1     10      1     10  -5.19227500000000     
      4     10      1     10  -1.38213597757240     
      3     11      1     10  0.622270410110780     
      2      7      2     10 -0.132865364184952     
      5      7      2     10   1.53405000000000     
      1      8      2     10 -0.132865364184952     
      4      8      2     10  -4.12505000000000     
      6      9      2     10  -1.74140396635859     
      2     10      2     10  -5.21465000000000     
      5     10      2     10   1.02286798878620     
      1     11      2     10  4.475000000000140E-002
      4     11      2     10  0.359267988786198     
      3     12      2     10  -2.40500396635859     
      3      7      3     10  0.663600000000000     
      1      9      3     10 -0.663600000000000     
      4      9      3     10  -3.06020000000000     
      3     10      3     10  -4.70070000000000     
      1      7      4     10  -2.14256960587048     
      4      7      4     10  -1.38213597757240     
      3      8      4     10   2.39392973612427     
      2      9      4     10   2.39392973612427     
      5      9      4     10 -0.325486987758339     
      1     10      4     10  -1.38213597757240     
      4     10      4     10  -7.38506000000000     
      3     11      4     10 -0.325486987758339     
      2      7      5     10  0.598415454199364     
      5      7      5     10  -1.02286798878620     
      1      8      5     10  -1.66970025713461     
      4      8      5     10  0.359267988786198     
      6      9      5     10  0.345335000000002     
      2     10      5     10   1.02286798878620     
      5     10      5     10  -5.13999500000000     
      1     11      5     10 -0.359267988786198     
      4     11      5     10  -2.52694500000000     
      3     12      5     10 -0.627214999999998     
      6      7      6     10   1.74140396635859     
      2      8      6     10   1.85551970806025     
      5      8      6     10  -1.77165932601349     
      6     10      6     10  -4.41882000000000     
      2     11      6     10 -0.622270410110780     
      5     11      6     10 -0.325486987758340     
      1     12      6     10   2.40500396635859     
      4     12      6     10  -2.77832000000000     
      8      9      7     10  -1.28977163385616     
      7     10      7     10  -1.83425000000000     
      9     11      7     10  -1.14938891590271     
      7      8      8     10  0.000000000000000E+000
      8     10      8     10  -1.08960000000000     
      7     11      8     10  -1.48930000000000     
     10     11      8     10 -0.663600000000000     
      9     12      8     10 -0.663600000000000     
      7      9      9     10  -1.32720000000000     
      9     10      9     10  -1.64050000000000     
      2      7      1     11  0.132865364184952     
      5      7      1     11  -4.12505000000000     
      1      8      1     11  0.132865364184952     
      4      8      1     11   1.53405000000000     
      6      9      1     11   2.40500396635859     
      2     10      1     11  4.475000000000140E-002
      5     10      1     11 -0.359267988786198     
      1     11      1     11  -5.21465000000000     
      4     11      1     11  -1.02286798878620     
      3     12      1     11   1.74140396635859     
      6      7      2     11   1.32852627067552     
      2      8      2     11 -0.132865364184952     
      5      8      2     11  -3.35802500000000     
      6     10      2     11 -0.622270410110780     
      2     11      2     11  -5.19227500000000     
      5     11      2     11   1.38213597757240     
      1     12      2     11  3.875463681935420E-002
      4     12      2     11  -1.77165932601349     
      1      7      3     11   1.85551970806025     
      4      7      3     11   1.77165932601349     
      3      8      3     11  -1.74140396635859     
      2      9      3     11  -2.40500396635859     
      5      9      3     11  -2.77832000000000     
      1     10      3     11  0.622270410110780     
      4     10      3     11 -0.325486987758340     
      3     11      3     11  -4.41882000000000     
      2      7      4     11  -1.66970025713461     
      5      7      4     11 -0.359267988786198     
      1      8      4     11  0.598415454199364     
      4      8      4     11   1.02286798878620     
      6      9      4     11 -0.627214999999998     
      2     10      4     11  0.359267988786198     
      5     10      4     11  -2.52694500000000     
      1     11      4     11  -1.02286798878620     
      4     11      4     11  -5.13999500000000     
      3     12      4     11  0.345335000000002     
      6      7      5     11  -2.39392973612427     
      2      8      5     11  -2.14256960587048     
      5      8      5     11   1.38213597757240     
      6     10      5     11 -0.325486987758339     
      2     11      5     11   1.38213597757240     
      5     11      5     11  -7.38506000000000     
      1     12      5     11  -2.39392973612427     
      4     12      5     11 -0.325486987758339     
      6      8      6     11 -0.663600000000000     
      6     11      6     11  -4.70070000000000     
      2     12      6     11  0.663600000000000     
      5     12      6     11  -3.06020000000000     
      7      8      7     11  0.000000000000000E+000
      8     10      7     11  -1.48930000000000     
      7     11      7     11  -1.08960000000000     
     10     11      7     11 -0.663600000000000     
      9     12      7     11 -0.663600000000000     
      8     11      8     11  -1.83425000000000     
      7     12      8     11  -1.28977163385616     
     10     12      8     11  -1.14938891590271     
      8      9      9     11 -0.663600000000000     
      7     10      9     11  -1.14938891590271     
      9     11      9     11  -1.64050000000000     
      7      8     10     11   2.26811571133397     
      8     10     10     11 -0.663600000000000     
      7     11     10     11 -0.663600000000000     
     10     11     10     11  -2.61305000000000     
      9     12     10     11  0.972550000000000     
      6      7      1     12  -4.89207500000000     
      2      8      1     12  0.230129561334480     
      5      8      1     12   1.32852627067552     
      6     10      1     12   2.40500396635859     
      2     11      1     12  3.875463681935420E-002
      5     11      1     12  -2.39392973612427     
      1     12      1     12  -5.23702500000000     
      4     12      1     12   1.74140396635859     
      6      8      2     12  -2.59100000000000     
      6     11      2     12  0.663600000000000     
      2     12      2     12  -5.16990000000000     
      5     12      2     12 -0.663600000000000     
      2      7      3     12   2.74098506006985     
      5      7      3     12   2.40500396635859     
      1      8      3     12  0.472869348735879     
      4      8      3     12  -1.74140396635859     
      6      9      3     12  -2.15110500000000     
      2     10      3     12  -2.40500396635859     
      5     10      3     12 -0.627214999999998     
      1     11      3     12   1.74140396635859     
      4     11      3     12  0.345335000000002     
      3     12      3     12  -4.76415500000000     
      6      7      4     12   2.40500396635859     
      2      8      4     12   1.85551970806025     
      5      8      4     12 -0.622270410110780     
      6     10      4     12  -2.77832000000000     
      2     11      4     12  -1.77165932601349     
      5     11      4     12 -0.325486987758340     
      1     12      4     12   1.74140396635859     
      4     12      4     12  -4.41882000000000     
      6      8      5     12  0.663600000000000     
      6     11      5     12  -3.06020000000000     
      2     12      5     12 -0.663600000000000     
      5     12      5     12  -4.70070000000000     
      6     12      6     12  -7.76090000000000     
      8     11      7     12  -1.28977163385616     
      7     12      7     12 -0.344950000000000     
     10     12      7     12 -0.663600000000000     
      8     12      8     12  -2.57890000000000     
     11     12      8     12  -1.32720000000000     
      7      8      9     12  -2.26811571133397     
      8     10      9     12 -0.663600000000000     
      7     11      9     12 -0.663600000000000     
     10     11      9     12  0.972550000000000     
      9     12      9     12  -2.61305000000000     
      8     11     10     12  -1.14938891590271     
      7     12     10     12 -0.663600000000000     
     10     12     10     12  -1.64050000000000     
      8     12     11     12  -1.32720000000000     
     11     12     11     12  -1.64050000000000     
