      1      1      1      1           2           0   4.85433219583291     
      1      1      1      1           0           0  -10.9397500000000     
      1      1      1      2           2           0  -1.86614376053936     
      1      1      2      1           2           0  -1.86614376053936     
      1      1      2      2           4           0  -7.92731939007344     
      1      1      2      2           2           0   5.37221478514828     
      1      2      1      1           2           0   1.86614376053936     
      1      2      1      2           2           0  0.297002556807179     
      1      2      1      2           0           0  -16.2569859402427     
      1      2      2      1           4           0   11.5944596769319     
      1      2      2      1           2           0  -5.01013016597373     
      1      2      2      2           4           0   9.21953581889452     
      1      2      2      2           2           0   3.87289730294014     
      2      1      1      1           2           0   1.86614376053936     
      2      1      1      2           4           0   11.5944596769319     
      2      1      1      2           2           0  -5.01013016597373     
      2      1      2      1           2           0  0.297002556807179     
      2      1      2      1           0           0  -16.2569859402427     
      2      1      2      2           4           0   9.21953581889452     
      2      1      2      2           2           0   3.87289730294014     
      2      2      1      1           4           0  -7.92731939007344     
      2      2      1      1           2           0   5.37221478514828     
      2      2      1      2           4           0  -9.21953581889452     
      2      2      1      2           2           0  -3.87289730294014     
      2      2      2      1           4           0  -9.21953581889452     
      2      2      2      1           2           0  -3.87289730294014     
      2      2      2      2           6           0   4.33893954885004     
      2      2      2      2           4           0  -7.97707188667151     
      2      2      2      2           2           0   9.43840384390682     
      2      2      2      2           0           0  -23.4750750000000     
      1      1      1      1           2           0   4.85433219583291     
      1      1      1      1           0           0  -10.9397500000000     
      1      1      1      2           2           0  -1.86614376053936     
      1      1      2      1           2           0  -1.86614376053936     
      1      1      2      2           4           0  -7.92731939007344     
      1      1      2      2           2           0   5.37221478514828     
      1      2      1      1           2           0   1.86614376053936     
      1      2      1      2           2           0  0.297002556807179     
      1      2      1      2           0           0  -16.2569859402427     
      1      2      2      1           4           0   11.5944596769319     
      1      2      2      1           2           0  -5.01013016597373     
      1      2      2      2           4           0   9.21953581889452     
      1      2      2      2           2           0   3.87289730294014     
      2      1      1      1           2           0   1.86614376053936     
      2      1      1      2           4           0   11.5944596769319     
      2      1      1      2           2           0  -5.01013016597373     
      2      1      2      1           2           0  0.297002556807179     
      2      1      2      1           0           0  -16.2569859402427     
      2      1      2      2           4           0   9.21953581889452     
      2      1      2      2           2           0   3.87289730294014     
      2      2      1      1           4           0  -7.92731939007344     
      2      2      1      1           2           0   5.37221478514828     
      2      2      1      2           4           0  -9.21953581889452     
      2      2      1      2           2           0  -3.87289730294014     
      2      2      2      1           4           0  -9.21953581889452     
      2      2      2      1           2           0  -3.87289730294014     
      2      2      2      2           6           0   4.33893954885004     
      2      2      2      2           4           0  -7.97707188667151     
      2      2      2      2           2           0   9.43840384390682     
      2      2      2      2           0           0  -23.4750750000000     
          60           6
   1   1   3   3   0   0   0   0-10.9398   1   1
   1   1   3   3   2   0   0   0  4.8543   1   1
   1   1   3   4   2   0   0   0 -1.8661   1   1
   1   1   4   3   2   0   0   0  1.8661   1   1
   1   1   4   4   0   0   0   0-16.2570   1   1
   1   1   4   4   2   0   0   0  0.2970   1   1
   1   2   3   3   2   0   0   0 -1.8661   1   1
   1   2   3   4   2   0   0   0  5.3722   1   1
   1   2   3   4   4   0   0   0 -7.9273   1   1
   1   2   4   3   2   0   0   0 -5.0101   1   1
   1   2   4   3   4   0   0   0 11.5945   1   1
   1   2   4   4   2   0   0   0  3.8729   1   1
   1   2   4   4   4   0   0   0  9.2195   1   1
   2   1   3   3   2   0   0   0  1.8661   1   1
   2   1   3   4   2   0   0   0 -5.0101   1   1
   2   1   3   4   4   0   0   0 11.5945   1   1
   2   1   4   3   2   0   0   0  5.3722   1   1
   2   1   4   3   4   0   0   0 -7.9273   1   1
   2   1   4   4   2   0   0   0 -3.8729   1   1
   2   1   4   4   4   0   0   0 -9.2195   1   1
   2   2   3   3   0   0   0   0-16.2570   1   1
   2   2   3   3   2   0   0   0  0.2970   1   1
   2   2   3   4   2   0   0   0  3.8729   1   1
   2   2   3   4   4   0   0   0  9.2195   1   1
   2   2   4   3   2   0   0   0 -3.8729   1   1
   2   2   4   3   4   0   0   0 -9.2195   1   1
   2   2   4   4   0   0   0   0-23.4751   1   1
   2   2   4   4   2   0   0   0  9.4384   1   1
   2   2   4   4   4   0   0   0 -7.9771   1   1
   2   2   4   4   6   0   0   0  4.3389   1   1
   3   3   1   1   0   0   0   0-10.9398   1   1
   3   3   1   1   2   0   0   0  4.8543   1   1
   3   3   1   2   2   0   0   0 -1.8661   1   1
   3   3   2   1   2   0   0   0  1.8661   1   1
   3   3   2   2   0   0   0   0-16.2570   1   1
   3   3   2   2   2   0   0   0  0.2970   1   1
   3   4   1   1   2   0   0   0 -1.8661   1   1
   3   4   1   2   2   0   0   0  5.3722   1   1
   3   4   1   2   4   0   0   0 -7.9273   1   1
   3   4   2   1   2   0   0   0 -5.0101   1   1
   3   4   2   1   4   0   0   0 11.5945   1   1
   3   4   2   2   2   0   0   0  3.8729   1   1
   3   4   2   2   4   0   0   0  9.2195   1   1
   4   3   1   1   2   0   0   0  1.8661   1   1
   4   3   1   2   2   0   0   0 -5.0101   1   1
   4   3   1   2   4   0   0   0 11.5945   1   1
   4   3   2   1   2   0   0   0  5.3722   1   1
   4   3   2   1   4   0   0   0 -7.9273   1   1
   4   3   2   2   2   0   0   0 -3.8729   1   1
   4   3   2   2   4   0   0   0 -9.2195   1   1
   4   4   1   1   0   0   0   0-16.2570   1   1
   4   4   1   1   2   0   0   0  0.2970   1   1
   4   4   1   2   2   0   0   0  3.8729   1   1
   4   4   1   2   4   0   0   0  9.2195   1   1
   4   4   2   1   2   0   0   0 -3.8729   1   1
   4   4   2   1   4   0   0   0 -9.2195   1   1
   4   4   2   2   0   0   0   0-23.4751   1   1
   4   4   2   2   2   0   0   0  9.4384   1   1
   4   4   2   2   4   0   0   0 -7.9771   1   1
   4   4   2   2   6   0   0   0  4.3389   1   1
