 ! Total Interaction
  20
   1   1   1   1     1     0  -6.8712
   1   2   1   1     1     0  -1.5237
   2   2   1   1     1     0   5.2548
   1   1   1   2     1     0  -1.5237
   1   2   1   2     1     0 -11.3705
   2   2   1   2     1     0  -8.1003
   1   1   2   2     1     0   5.2548
   1   2   2   2     1     0  -8.1003
   2   2   2   2     1     0  -5.4855
   1   2   1   2     2     0  -9.2948
   2   2   2   2     3     0  -9.2948
   1   1   1   1     0     1  -1.2659
   2   2   1   1     0     1  -2.9773
   1   1   2   2     0     1  -2.9773
   2   2   2   2     0     1  -3.3712
   1   2   1   2     1     1   0.1462
   1   2   1   2     2     1  -2.3633
   2   2   1   2     2     1   0.7942
   1   2   2   2     2     1   0.7942
   2   2   2   2     2     1  -1.8018
