 ! Total Interaction
  20
   1   1   1   1     1     0  -7.3421
   1   2   1   1     1     0  -0.3599
   2   2   1   1     1     0   3.7685
   1   1   1   2     1     0  -0.3599
   1   2   1   2     1     0 -12.4010
   2   2   1   2     1     0  -6.9681
   1   1   2   2     1     0   3.7685
   1   2   2   2     1     0  -6.9681
   2   2   2   2     1     0  -7.8140
   1   2   1   2     2     0  -8.7137
   2   2   2   2     3     0  -8.7137
   1   1   1   1     0     1  -1.3030
   2   2   1   1     0     1  -3.3147
   1   1   2   2     0     1  -3.3147
   2   2   2   2     0     1  -3.6468
   1   2   1   2     1     1   0.4477
   1   2   1   2     2     1  -2.6731
   2   2   1   2     2     1   1.3679
   1   2   2   2     2     1   1.3679
   2   2   2   2     2     1  -1.7059
