      1      1      1      1           2           0   5.23001401599460     
      1      1      1      1           0           0  -11.6646500000000     
      1      1      1      2           2           0 -0.440785679213833     
      1      1      2      1           2           0 -0.440785679213833     
      1      1      2      2           4           0  -6.61759829739229     
      1      1      2      2           2           0   3.13040023229469     
      1      2      1      1           2           0  0.440785679213833     
      1      2      1      2           2           0 -0.387856036033345     
      1      2      1      2           0           0  -16.4037989856866     
      1      2      2      1           4           0   12.4623615115487     
      1      2      2      1           2           0  -3.75731616622407     
      1      2      2      2           4           0   8.47220604581505     
      1      2      2      2           2           0   2.39399815314357     
      2      1      1      1           2           0  0.440785679213833     
      2      1      1      2           4           0   12.4623615115487     
      2      1      1      2           2           0  -3.75731616622407     
      2      1      2      1           2           0 -0.387856036033345     
      2      1      2      1           0           0  -16.4037989856866     
      2      1      2      2           4           0   8.47220604581505     
      2      1      2      2           2           0   2.39399815314357     
      2      2      1      1           4           0  -6.61759829739229     
      2      2      1      1           2           0   3.13040023229470     
      2      2      1      2           4           0  -8.47220604581506     
      2      2      1      2           2           0  -2.39399815314358     
      2      2      2      1           4           0  -8.47220604581506     
      2      2      2      1           2           0  -2.39399815314358     
      2      2      2      2           6           0   6.91549123437374     
      2      2      2      2           4           0  -8.61818611684037     
      2      2      2      2           2           0   6.08557783290133     
      2      2      2      2           0           0  -24.1535500000000     
      1      1      1      1           2           0   5.23001401599460     
      1      1      1      1           0           0  -11.6646500000000     
      1      1      1      2           2           0 -0.440785679213833     
      1      1      2      1           2           0 -0.440785679213833     
      1      1      2      2           4           0  -6.61759829739229     
      1      1      2      2           2           0   3.13040023229469     
      1      2      1      1           2           0  0.440785679213833     
      1      2      1      2           2           0 -0.387856036033345     
      1      2      1      2           0           0  -16.4037989856866     
      1      2      2      1           4           0   12.4623615115487     
      1      2      2      1           2           0  -3.75731616622407     
      1      2      2      2           4           0   8.47220604581505     
      1      2      2      2           2           0   2.39399815314357     
      2      1      1      1           2           0  0.440785679213833     
      2      1      1      2           4           0   12.4623615115487     
      2      1      1      2           2           0  -3.75731616622407     
      2      1      2      1           2           0 -0.387856036033345     
      2      1      2      1           0           0  -16.4037989856866     
      2      1      2      2           4           0   8.47220604581505     
      2      1      2      2           2           0   2.39399815314357     
      2      2      1      1           4           0  -6.61759829739229     
      2      2      1      1           2           0   3.13040023229470     
      2      2      1      2           4           0  -8.47220604581506     
      2      2      1      2           2           0  -2.39399815314358     
      2      2      2      1           4           0  -8.47220604581506     
      2      2      2      1           2           0  -2.39399815314358     
      2      2      2      2           6           0   6.91549123437374     
      2      2      2      2           4           0  -8.61818611684037     
      2      2      2      2           2           0   6.08557783290133     
      2      2      2      2           0           0  -24.1535500000000     
          60           6
   1   1   3   3   0   0   0   0-11.6647   1   1
   1   1   3   3   2   0   0   0  5.2300   1   1
   1   1   3   4   2   0   0   0 -0.4408   1   1
   1   1   4   3   2   0   0   0  0.4408   1   1
   1   1   4   4   0   0   0   0-16.4038   1   1
   1   1   4   4   2   0   0   0 -0.3879   1   1
   1   2   3   3   2   0   0   0 -0.4408   1   1
   1   2   3   4   2   0   0   0  3.1304   1   1
   1   2   3   4   4   0   0   0 -6.6176   1   1
   1   2   4   3   2   0   0   0 -3.7573   1   1
   1   2   4   3   4   0   0   0 12.4624   1   1
   1   2   4   4   2   0   0   0  2.3940   1   1
   1   2   4   4   4   0   0   0  8.4722   1   1
   2   1   3   3   2   0   0   0  0.4408   1   1
   2   1   3   4   2   0   0   0 -3.7573   1   1
   2   1   3   4   4   0   0   0 12.4624   1   1
   2   1   4   3   2   0   0   0  3.1304   1   1
   2   1   4   3   4   0   0   0 -6.6176   1   1
   2   1   4   4   2   0   0   0 -2.3940   1   1
   2   1   4   4   4   0   0   0 -8.4722   1   1
   2   2   3   3   0   0   0   0-16.4038   1   1
   2   2   3   3   2   0   0   0 -0.3879   1   1
   2   2   3   4   2   0   0   0  2.3940   1   1
   2   2   3   4   4   0   0   0  8.4722   1   1
   2   2   4   3   2   0   0   0 -2.3940   1   1
   2   2   4   3   4   0   0   0 -8.4722   1   1
   2   2   4   4   0   0   0   0-24.1536   1   1
   2   2   4   4   2   0   0   0  6.0856   1   1
   2   2   4   4   4   0   0   0 -8.6182   1   1
   2   2   4   4   6   0   0   0  6.9155   1   1
   3   3   1   1   0   0   0   0-11.6647   1   1
   3   3   1   1   2   0   0   0  5.2300   1   1
   3   3   1   2   2   0   0   0 -0.4408   1   1
   3   3   2   1   2   0   0   0  0.4408   1   1
   3   3   2   2   0   0   0   0-16.4038   1   1
   3   3   2   2   2   0   0   0 -0.3879   1   1
   3   4   1   1   2   0   0   0 -0.4408   1   1
   3   4   1   2   2   0   0   0  3.1304   1   1
   3   4   1   2   4   0   0   0 -6.6176   1   1
   3   4   2   1   2   0   0   0 -3.7573   1   1
   3   4   2   1   4   0   0   0 12.4624   1   1
   3   4   2   2   2   0   0   0  2.3940   1   1
   3   4   2   2   4   0   0   0  8.4722   1   1
   4   3   1   1   2   0   0   0  0.4408   1   1
   4   3   1   2   2   0   0   0 -3.7573   1   1
   4   3   1   2   4   0   0   0 12.4624   1   1
   4   3   2   1   2   0   0   0  3.1304   1   1
   4   3   2   1   4   0   0   0 -6.6176   1   1
   4   3   2   2   2   0   0   0 -2.3940   1   1
   4   3   2   2   4   0   0   0 -8.4722   1   1
   4   4   1   1   0   0   0   0-16.4038   1   1
   4   4   1   1   2   0   0   0 -0.3879   1   1
   4   4   1   2   2   0   0   0  2.3940   1   1
   4   4   1   2   4   0   0   0  8.4722   1   1
   4   4   2   1   2   0   0   0 -2.3940   1   1
   4   4   2   1   4   0   0   0 -8.4722   1   1
   4   4   2   2   0   0   0   0-24.1536   1   1
   4   4   2   2   2   0   0   0  6.0856   1   1
   4   4   2   2   4   0   0   0 -8.6182   1   1
   4   4   2   2   6   0   0   0  6.9155   1   1
