 ! Total Interaction
  20
   1   1   1   1     1     0  -7.6364
   1   2   1   1     1     0  -0.2057
   2   2   1   1     1     0   2.9225
   1   1   1   2     1     0  -0.2057
   1   2   1   2     1     0 -11.7430
   2   2   1   2     1     0  -5.5198
   1   1   2   2     1     0   2.9225
   1   2   2   2     1     0  -5.5198
   2   2   2   2     1     0  -8.1491
   1   2   1   2     2     0  -8.6634
   2   2   2   2     3     0  -8.6634
   1   1   1   1     0     1  -1.1455
   2   2   1   1     0     1  -3.9003
   1   1   2   2     0     1  -3.9003
   2   2   2   2     0     1  -3.9034
   1   2   1   2     1     1   0.7618
   1   2   1   2     2     1  -3.1737
   2   2   1   2     2     1   1.5798
   1   2   2   2     2     1   1.5798
   2   2   2   2     2     1  -2.0566
