      1      1      1      1           2           0   5.62128429342441     
      1      1      1      1           0           0  -12.0273500000000     
      1      1      1      2           2           0 -0.251930020045250     
      1      1      2      1           2           0 -0.251930020045250     
      1      1      2      2           4           0  -6.18323724151521     
      1      1      2      2           2           0   1.61336172482781     
      1      2      1      1           2           0  0.251930020045250     
      1      2      1      2           2           0  0.585994671210843     
      1      2      1      2           0           0  -16.2862778386534     
      1      2      2      1           4           0   12.0200113638998     
      1      2      2      1           2           0  -3.23540595663338     
      1      2      2      2           4           0   7.10357357807376     
      1      2      2      2           2           0   1.21694312968699     
      2      1      1      1           2           0  0.251930020045250     
      2      1      1      2           4           0   12.0200113638998     
      2      1      1      2           2           0  -3.23540595663338     
      2      1      2      1           2           0  0.585994671210843     
      2      1      2      1           0           0  -16.2862778386534     
      2      1      2      2           4           0   7.10357357807376     
      2      1      2      2           2           0   1.21694312968699     
      2      2      1      1           4           0  -6.18323724151521     
      2      2      1      1           2           0   1.61336172482781     
      2      2      1      2           4           0  -7.10357357807376     
      2      2      1      2           2           0  -1.21694312968699     
      2      2      2      1           4           0  -7.10357357807376     
      2      2      2      1           2           0  -1.21694312968699     
      2      2      2      2           6           0   6.90611204597602     
      2      2      2      2           4           0  -8.24651807796024     
      2      2      2      2           2           0   5.41190533155144     
      2      2      2      2           0           0  -24.8193750000000     
      1      1      1      1           2           0   5.62128429342441     
      1      1      1      1           0           0  -12.0273500000000     
      1      1      1      2           2           0 -0.251930020045250     
      1      1      2      1           2           0 -0.251930020045250     
      1      1      2      2           4           0  -6.18323724151521     
      1      1      2      2           2           0   1.61336172482781     
      1      2      1      1           2           0  0.251930020045250     
      1      2      1      2           2           0  0.585994671210843     
      1      2      1      2           0           0  -16.2862778386534     
      1      2      2      1           4           0   12.0200113638998     
      1      2      2      1           2           0  -3.23540595663338     
      1      2      2      2           4           0   7.10357357807376     
      1      2      2      2           2           0   1.21694312968699     
      2      1      1      1           2           0  0.251930020045250     
      2      1      1      2           4           0   12.0200113638998     
      2      1      1      2           2           0  -3.23540595663338     
      2      1      2      1           2           0  0.585994671210843     
      2      1      2      1           0           0  -16.2862778386534     
      2      1      2      2           4           0   7.10357357807376     
      2      1      2      2           2           0   1.21694312968699     
      2      2      1      1           4           0  -6.18323724151521     
      2      2      1      1           2           0   1.61336172482781     
      2      2      1      2           4           0  -7.10357357807376     
      2      2      1      2           2           0  -1.21694312968699     
      2      2      2      1           4           0  -7.10357357807376     
      2      2      2      1           2           0  -1.21694312968699     
      2      2      2      2           6           0   6.90611204597602     
      2      2      2      2           4           0  -8.24651807796024     
      2      2      2      2           2           0   5.41190533155144     
      2      2      2      2           0           0  -24.8193750000000     
          60           6
   1   1   3   3   0   0   0   0-12.0274   1   1
   1   1   3   3   2   0   0   0  5.6213   1   1
   1   1   3   4   2   0   0   0 -0.2519   1   1
   1   1   4   3   2   0   0   0  0.2519   1   1
   1   1   4   4   0   0   0   0-16.2863   1   1
   1   1   4   4   2   0   0   0  0.5860   1   1
   1   2   3   3   2   0   0   0 -0.2519   1   1
   1   2   3   4   2   0   0   0  1.6134   1   1
   1   2   3   4   4   0   0   0 -6.1832   1   1
   1   2   4   3   2   0   0   0 -3.2354   1   1
   1   2   4   3   4   0   0   0 12.0200   1   1
   1   2   4   4   2   0   0   0  1.2169   1   1
   1   2   4   4   4   0   0   0  7.1036   1   1
   2   1   3   3   2   0   0   0  0.2519   1   1
   2   1   3   4   2   0   0   0 -3.2354   1   1
   2   1   3   4   4   0   0   0 12.0200   1   1
   2   1   4   3   2   0   0   0  1.6134   1   1
   2   1   4   3   4   0   0   0 -6.1832   1   1
   2   1   4   4   2   0   0   0 -1.2169   1   1
   2   1   4   4   4   0   0   0 -7.1036   1   1
   2   2   3   3   0   0   0   0-16.2863   1   1
   2   2   3   3   2   0   0   0  0.5860   1   1
   2   2   3   4   2   0   0   0  1.2169   1   1
   2   2   3   4   4   0   0   0  7.1036   1   1
   2   2   4   3   2   0   0   0 -1.2169   1   1
   2   2   4   3   4   0   0   0 -7.1036   1   1
   2   2   4   4   0   0   0   0-24.8194   1   1
   2   2   4   4   2   0   0   0  5.4119   1   1
   2   2   4   4   4   0   0   0 -8.2465   1   1
   2   2   4   4   6   0   0   0  6.9061   1   1
   3   3   1   1   0   0   0   0-12.0274   1   1
   3   3   1   1   2   0   0   0  5.6213   1   1
   3   3   1   2   2   0   0   0 -0.2519   1   1
   3   3   2   1   2   0   0   0  0.2519   1   1
   3   3   2   2   0   0   0   0-16.2863   1   1
   3   3   2   2   2   0   0   0  0.5860   1   1
   3   4   1   1   2   0   0   0 -0.2519   1   1
   3   4   1   2   2   0   0   0  1.6134   1   1
   3   4   1   2   4   0   0   0 -6.1832   1   1
   3   4   2   1   2   0   0   0 -3.2354   1   1
   3   4   2   1   4   0   0   0 12.0200   1   1
   3   4   2   2   2   0   0   0  1.2169   1   1
   3   4   2   2   4   0   0   0  7.1036   1   1
   4   3   1   1   2   0   0   0  0.2519   1   1
   4   3   1   2   2   0   0   0 -3.2354   1   1
   4   3   1   2   4   0   0   0 12.0200   1   1
   4   3   2   1   2   0   0   0  1.6134   1   1
   4   3   2   1   4   0   0   0 -6.1832   1   1
   4   3   2   2   2   0   0   0 -1.2169   1   1
   4   3   2   2   4   0   0   0 -7.1036   1   1
   4   4   1   1   0   0   0   0-16.2863   1   1
   4   4   1   1   2   0   0   0  0.5860   1   1
   4   4   1   2   2   0   0   0  1.2169   1   1
   4   4   1   2   4   0   0   0  7.1036   1   1
   4   4   2   1   2   0   0   0 -1.2169   1   1
   4   4   2   1   4   0   0   0 -7.1036   1   1
   4   4   2   2   0   0   0   0-24.8194   1   1
   4   4   2   2   2   0   0   0  5.4119   1   1
   4   4   2   2   4   0   0   0 -8.2465   1   1
   4   4   2   2   6   0   0   0  6.9061   1   1
