      1      1      1      1           2           0   5.93643093786157     
      1      1      1      1           0           0  -12.7520000000000     
      1      1      1      2           2           0  -2.00478487998089     
      1      1      2      1           2           0  -2.00478487998089     
      1      1      2      2           4           0  -8.79837898910890     
      1      1      2      2           2           0   6.00195096397889     
      1      2      1      1           2           0   2.00478487998089     
      1      2      1      2           2           0  0.253321682846142     
      1      2      1      2           0           0  -18.7079948205306     
      1      2      2      1           4           0   13.5958523201931     
      1      2      2      1           2           0  -5.89910524295846     
      1      2      2      2           4           0   10.3305280078160     
      1      2      2      2           2           0   4.42724105563822     
      2      1      1      1           2           0   2.00478487998089     
      2      1      1      2           4           0   13.5958523201931     
      2      1      1      2           2           0  -5.89910524295846     
      2      1      2      1           2           0  0.253321682846142     
      2      1      2      1           0           0  -18.7079948205306     
      2      1      2      2           4           0   10.3305280078160     
      2      1      2      2           2           0   4.42724105563822     
      2      2      1      1           4           0  -8.79837898910890     
      2      2      1      1           2           0   6.00195096397889     
      2      2      1      2           4           0  -10.3305280078160     
      2      2      1      2           2           0  -4.42724105563822     
      2      2      2      1           4           0  -10.3305280078160     
      2      2      2      1           2           0  -4.42724105563822     
      2      2      2      2           6           0   5.67641975161942     
      2      2      2      2           4           0  -9.26491287763275     
      2      2      2      2           2           0   10.8039873416103     
      2      2      2      2           0           0  -27.2320750000000     
      1      1      1      1           2           0   5.93643093786157     
      1      1      1      1           0           0  -12.7520000000000     
      1      1      1      2           2           0  -2.00478487998089     
      1      1      2      1           2           0  -2.00478487998089     
      1      1      2      2           4           0  -8.79837898910890     
      1      1      2      2           2           0   6.00195096397889     
      1      2      1      1           2           0   2.00478487998089     
      1      2      1      2           2           0  0.253321682846142     
      1      2      1      2           0           0  -18.7079948205306     
      1      2      2      1           4           0   13.5958523201931     
      1      2      2      1           2           0  -5.89910524295846     
      1      2      2      2           4           0   10.3305280078160     
      1      2      2      2           2           0   4.42724105563822     
      2      1      1      1           2           0   2.00478487998089     
      2      1      1      2           4           0   13.5958523201931     
      2      1      1      2           2           0  -5.89910524295846     
      2      1      2      1           2           0  0.253321682846142     
      2      1      2      1           0           0  -18.7079948205306     
      2      1      2      2           4           0   10.3305280078160     
      2      1      2      2           2           0   4.42724105563822     
      2      2      1      1           4           0  -8.79837898910890     
      2      2      1      1           2           0   6.00195096397889     
      2      2      1      2           4           0  -10.3305280078160     
      2      2      1      2           2           0  -4.42724105563822     
      2      2      2      1           4           0  -10.3305280078160     
      2      2      2      1           2           0  -4.42724105563822     
      2      2      2      2           6           0   5.67641975161942     
      2      2      2      2           4           0  -9.26491287763275     
      2      2      2      2           2           0   10.8039873416103     
      2      2      2      2           0           0  -27.2320750000000     
          60           6
   1   1   3   3   0   0   0   0-12.7520   1   1
   1   1   3   3   2   0   0   0  5.9364   1   1
   1   1   3   4   2   0   0   0 -2.0048   1   1
   1   1   4   3   2   0   0   0  2.0048   1   1
   1   1   4   4   0   0   0   0-18.7080   1   1
   1   1   4   4   2   0   0   0  0.2533   1   1
   1   2   3   3   2   0   0   0 -2.0048   1   1
   1   2   3   4   2   0   0   0  6.0020   1   1
   1   2   3   4   4   0   0   0 -8.7984   1   1
   1   2   4   3   2   0   0   0 -5.8991   1   1
   1   2   4   3   4   0   0   0 13.5959   1   1
   1   2   4   4   2   0   0   0  4.4272   1   1
   1   2   4   4   4   0   0   0 10.3305   1   1
   2   1   3   3   2   0   0   0  2.0048   1   1
   2   1   3   4   2   0   0   0 -5.8991   1   1
   2   1   3   4   4   0   0   0 13.5959   1   1
   2   1   4   3   2   0   0   0  6.0020   1   1
   2   1   4   3   4   0   0   0 -8.7984   1   1
   2   1   4   4   2   0   0   0 -4.4272   1   1
   2   1   4   4   4   0   0   0-10.3305   1   1
   2   2   3   3   0   0   0   0-18.7080   1   1
   2   2   3   3   2   0   0   0  0.2533   1   1
   2   2   3   4   2   0   0   0  4.4272   1   1
   2   2   3   4   4   0   0   0 10.3305   1   1
   2   2   4   3   2   0   0   0 -4.4272   1   1
   2   2   4   3   4   0   0   0-10.3305   1   1
   2   2   4   4   0   0   0   0-27.2321   1   1
   2   2   4   4   2   0   0   0 10.8040   1   1
   2   2   4   4   4   0   0   0 -9.2649   1   1
   2   2   4   4   6   0   0   0  5.6764   1   1
   3   3   1   1   0   0   0   0-12.7520   1   1
   3   3   1   1   2   0   0   0  5.9364   1   1
   3   3   1   2   2   0   0   0 -2.0048   1   1
   3   3   2   1   2   0   0   0  2.0048   1   1
   3   3   2   2   0   0   0   0-18.7080   1   1
   3   3   2   2   2   0   0   0  0.2533   1   1
   3   4   1   1   2   0   0   0 -2.0048   1   1
   3   4   1   2   2   0   0   0  6.0020   1   1
   3   4   1   2   4   0   0   0 -8.7984   1   1
   3   4   2   1   2   0   0   0 -5.8991   1   1
   3   4   2   1   4   0   0   0 13.5959   1   1
   3   4   2   2   2   0   0   0  4.4272   1   1
   3   4   2   2   4   0   0   0 10.3305   1   1
   4   3   1   1   2   0   0   0  2.0048   1   1
   4   3   1   2   2   0   0   0 -5.8991   1   1
   4   3   1   2   4   0   0   0 13.5959   1   1
   4   3   2   1   2   0   0   0  6.0020   1   1
   4   3   2   1   4   0   0   0 -8.7984   1   1
   4   3   2   2   2   0   0   0 -4.4272   1   1
   4   3   2   2   4   0   0   0-10.3305   1   1
   4   4   1   1   0   0   0   0-18.7080   1   1
   4   4   1   1   2   0   0   0  0.2533   1   1
   4   4   1   2   2   0   0   0  4.4272   1   1
   4   4   1   2   4   0   0   0 10.3305   1   1
   4   4   2   1   2   0   0   0 -4.4272   1   1
   4   4   2   1   4   0   0   0-10.3305   1   1
   4   4   2   2   0   0   0   0-27.2321   1   1
   4   4   2   2   2   0   0   0 10.8040   1   1
   4   4   2   2   4   0   0   0 -9.2649   1   1
   4   4   2   2   6   0   0   0  5.6764   1   1
