      1      2      1      2  -1.23490000000000     
      2      4      1      2  0.000000000000000E+000
      1      5      1      2  0.000000000000000E+000
      4      5      1      2   2.31952237432623     
      3      6      1      2  -2.31952237432623     
      1      3      1      3  -2.60920000000000     
      3      4      1      3 -0.841900000000000     
      2      3      2      3 -0.464650000000000     
      1      4      2      3  -1.23815651979061     
      3      5      2      3 -0.420950000000000     
      2      3      1      4  -1.23815651979061     
      1      4      1      4  -1.89435000000000     
      3      5      1      4 -0.729106787446119     
      1      2      2      4  0.000000000000000E+000
      2      4      2      4  -1.17950000000000     
      1      5      2      4  -1.42970000000000     
      4      5      2      4 -0.420950000000000     
      3      6      2      4 -0.420950000000000     
      1      3      3      4 -0.841900000000000     
      3      4      3      4  -2.01390000000000     
      1      2      1      5  0.000000000000000E+000
      2      4      1      5  -1.42970000000000     
      1      5      1      5  -1.17950000000000     
      4      5      1      5 -0.420950000000000     
      3      6      1      5 -0.420950000000000     
      2      5      2      5  -1.89435000000000     
      1      6      2      5  -1.23815651979061     
      4      6      2      5 -0.729106787446119     
      2      3      3      5 -0.420950000000000     
      1      4      3      5 -0.729106787446119     
      3      5      3      5  -2.01390000000000     
      1      2      4      5   2.31952237432623     
      2      4      4      5 -0.420950000000000     
      1      5      4      5 -0.420950000000000     
      4      5      4      5  -2.78415000000000     
      3      6      4      5  0.770250000000000     
      2      5      1      6  -1.23815651979061     
      1      6      1      6 -0.464650000000000     
      4      6      1      6 -0.420950000000000     
      2      6      2      6  -2.60920000000000     
      5      6      2      6 -0.841900000000000     
      1      2      3      6  -2.31952237432623     
      2      4      3      6 -0.420950000000000     
      1      5      3      6 -0.420950000000000     
      4      5      3      6  0.770250000000000     
      3      6      3      6  -2.78415000000000     
      2      5      4      6 -0.729106787446119     
      1      6      4      6 -0.420950000000000     
      4      6      4      6  -2.01390000000000     
      2      6      5      6 -0.841900000000000     
      5      6      5      6  -2.01390000000000     
      1      7      1      7  -8.08970000000000     
      4      7      1      7  0.578731545062130     
      3      8      1      7  -1.00239243999045     
      2      9      1      7  -1.00239243999045     
      5      9      1      7   3.20428650591672     
      1     10      1      7  0.578731545062130     
      4     10      1      7  -3.69999135350341     
      3     11      1      7   3.20428650591672     
      2      7      2      7  -4.66230000000000     
      5      7      2      7  0.578731545062130     
      1      8      2      7  -3.42740000000000     
      4      8      2      7 -0.578731545062130     
      6      9      2      7   1.61523232796444     
      2     10      2      7 -0.578731545062130     
      5     10      2      7  0.234763348787263     
      1     11      2      7  0.578731545062130     
      4     11      2      7  -2.08475902553897     
      3     12      2      7   3.93475470229067     
      3      7      3      7  -6.68365000000000     
      1      9      3      7  -4.07445000000000     
      4      9      3      7 -0.420950000000000     
      3     10      3      7  0.420950000000000     
      1      7      4      7  0.578731545062130     
      4      7      4      7  -6.63740000000000     
      3      8      4      7 -8.010734985005907E-002
      2      9      4      7   1.15804916994055     
      5      9      4      7   1.40001654864250     
      1     10      4      7  -4.74305000000000     
      4     10      4      7  -2.03754986245736     
      3     11      4      7   2.12912333608862     
      2      7      5      7  0.578731545062130     
      5      7      5      7  -6.59115000000000     
      1      8      5      7  0.578731545062130     
      4      8      5      7 -9.249999999999836E-002
      6      9      5      7   2.84584979368604     
      2     10      5      7   1.33720000000000     
      5     10      5      7  -1.22924993122868     
      1     11      5      7  -5.41165000000000     
      4     11      5      7 -0.808299931228679     
      3     12      5      7   3.26679979368604     
      6      7      6      7  -6.54490000000000     
      2      8      6      7   1.00239243999045     
      5      8      6      7 -8.010734985005907E-002
      6     10      6      7   2.84584979368604     
      2     11      6      7   1.15804916994055     
      5     11      6      7  -3.52913988473112     
      1     12      6      7  -6.08025000000000     
      4     12      6      7   3.26679979368604     
      2      7      1      8  -3.42740000000000     
      5      7      1      8  0.578731545062130     
      1      8      1      8  -4.66230000000000     
      4      8      1      8 -0.578731545062130     
      6      9      1      8   3.93475470229067     
      2     10      1      8 -0.578731545062130     
      5     10      1      8  -2.08475902553897     
      1     11      1      8  0.578731545062130     
      4     11      1      8  0.234763348787263     
      3     12      1      8   1.61523232796444     
      6      7      2      8   1.00239243999045     
      2      8      2      8  -8.08970000000000     
      5      8      2      8 -0.578731545062130     
      6     10      2      8   3.20428650591672     
      2     11      2      8 -0.578731545062130     
      5     11      2      8  -3.69999135350341     
      1     12      2      8   1.00239243999045     
      4     12      2      8   3.20428650591672     
      1      7      3      8  -1.00239243999045     
      4      7      3      8 -8.010734985005907E-002
      3      8      3      8  -6.54490000000000     
      2      9      3      8  -6.08025000000000     
      5      9      3      8  -3.26679979368604     
      1     10      3      8   1.15804916994055     
      4     10      3      8   3.52913988473112     
      3     11      3      8  -2.84584979368604     
      2      7      4      8 -0.578731545062130     
      5      7      4      8 -9.249999999999836E-002
      1      8      4      8 -0.578731545062130     
      4      8      4      8  -6.59115000000000     
      6      9      4      8  -3.26679979368604     
      2     10      4      8  -5.41165000000000     
      5     10      4      8  0.808299931228679     
      1     11      4      8   1.33720000000000     
      4     11      4      8   1.22924993122868     
      3     12      4      8  -2.84584979368604     
      6      7      5      8 -8.010734985005907E-002
      2      8      5      8 -0.578731545062130     
      5      8      5      8  -6.63740000000000     
      6     10      5      8  -2.12912333608862     
      2     11      5      8  -4.74305000000000     
      5     11      5      8   2.03754986245736     
      1     12      5      8   1.15804916994055     
      4     12      5      8  -1.40001654864250     
      6      8      6      8  -6.68365000000000     
      6     11      6      8 -0.420950000000000     
      2     12      6      8  -4.07445000000000     
      5     12      6      8  0.420950000000000     
      7      8      7      8  -1.23490000000000     
      8     10      7      8  0.000000000000000E+000
      7     11      7      8  0.000000000000000E+000
     10     11      7      8   2.31952237432623     
      9     12      7      8  -2.31952237432623     
      3      7      1      9  -4.07445000000000     
      1      9      1      9  -6.68365000000000     
      4      9      1      9  0.420950000000000     
      3     10      1      9 -0.420950000000000     
      1      7      2      9  -1.00239243999045     
      4      7      2      9   1.15804916994055     
      3      8      2      9  -6.08025000000000     
      2      9      2      9  -6.54490000000000     
      5      9      2      9  -2.84584979368604     
      1     10      2      9 -8.010734985005907E-002
      4     10      2      9   3.52913988473112     
      3     11      2      9  -3.26679979368604     
      3      9      3      9  -10.7581000000000     
      3      7      4      9 -0.420950000000000     
      1      9      4      9  0.420950000000000     
      4      9      4      9  -6.38600000000000     
      3     10      4      9  -4.37210000000000     
      1      7      5      9   3.20428650591672     
      4      7      5      9   1.40001654864250     
      3      8      5      9  -3.26679979368604     
      2      9      5      9  -2.84584979368604     
      5      9      5      9  -5.15834000000000     
      1     10      5      9   2.12912333608862     
      4     10      5      9  -1.41757966294667     
      3     11      5      9  -3.14444000000000     
      2      7      6      9   1.61523232796444     
      5      7      6      9   2.84584979368604     
      1      8      6      9   3.93475470229068     
      4      8      6      9  -3.26679979368604     
      6      9      6      9  -4.92963500000000     
      2     10      6      9  -2.84584979368604     
      5     10      6      9 -0.228704999999997     
      1     11      6      9   3.26679979368604     
      4     11      6      9 -0.998954999999998     
      3     12      6      9  -2.14548500000000     
      7      9      7      9  -2.60920000000000     
      9     10      7      9 -0.841900000000000     
      8      9      8      9 -0.464650000000000     
      7     10      8      9  -1.23815651979061     
      9     11      8      9 -0.420950000000000     
      1      7      1     10  0.578731545062130     
      4      7      1     10  -4.74305000000000     
      3      8      1     10   1.15804916994055     
      2      9      1     10 -8.010734985005907E-002
      5      9      1     10   2.12912333608862     
      1     10      1     10  -6.63740000000000     
      4     10      1     10  -2.03754986245736     
      3     11      1     10   1.40001654864250     
      2      7      2     10 -0.578731545062130     
      5      7      2     10   1.33720000000000     
      1      8      2     10 -0.578731545062130     
      4      8      2     10  -5.41165000000000     
      6      9      2     10  -2.84584979368604     
      2     10      2     10  -6.59115000000000     
      5     10      2     10   1.22924993122868     
      1     11      2     10 -9.249999999999836E-002
      4     11      2     10  0.808299931228679     
      3     12      2     10  -3.26679979368604     
      3      7      3     10  0.420950000000000     
      1      9      3     10 -0.420950000000000     
      4      9      3     10  -4.37210000000000     
      3     10      3     10  -6.38599999999999     
      1      7      4     10  -3.69999135350341     
      4      7      4     10  -2.03754986245736     
      3      8      4     10   3.52913988473112     
      2      9      4     10   3.52913988473112     
      5      9      4     10  -1.41757966294667     
      1     10      4     10  -2.03754986245736     
      4     10      4     10  -9.12122000000000     
      3     11      4     10  -1.41757966294667     
      2      7      5     10  0.234763348787263     
      5      7      5     10  -1.22924993122868     
      1      8      5     10  -2.08475902553897     
      4      8      5     10  0.808299931228679     
      6      9      5     10 -0.228704999999997     
      2     10      5     10   1.22924993122868     
      5     10      5     10  -6.56651500000000     
      1     11      5     10 -0.808299931228679     
      4     11      5     10  -3.78236500000000     
      3     12      5     10 -0.998954999999998     
      6      7      6     10   2.84584979368604     
      2      8      6     10   3.20428650591672     
      5      8      6     10  -2.12912333608862     
      6     10      6     10  -5.15834000000000     
      2     11      6     10  -1.40001654864250     
      5     11      6     10  -1.41757966294667     
      1     12      6     10   3.26679979368604     
      4     12      6     10  -3.14444000000000     
      8      9      7     10  -1.23815651979061     
      7     10      7     10  -1.89435000000000     
      9     11      7     10 -0.729106787446119     
      7      8      8     10  0.000000000000000E+000
      8     10      8     10  -1.17950000000000     
      7     11      8     10  -1.42970000000000     
     10     11      8     10 -0.420950000000000     
      9     12      8     10 -0.420950000000000     
      7      9      9     10 -0.841900000000000     
      9     10      9     10  -2.01390000000000     
      2      7      1     11  0.578731545062130     
      5      7      1     11  -5.41165000000000     
      1      8      1     11  0.578731545062130     
      4      8      1     11   1.33720000000000     
      6      9      1     11   3.26679979368604     
      2     10      1     11 -9.249999999999836E-002
      5     10      1     11 -0.808299931228679     
      1     11      1     11  -6.59115000000000     
      4     11      1     11  -1.22924993122868     
      3     12      1     11   2.84584979368604     
      6      7      2     11   1.15804916994055     
      2      8      2     11 -0.578731545062130     
      5      8      2     11  -4.74305000000000     
      6     10      2     11  -1.40001654864250     
      2     11      2     11  -6.63740000000000     
      5     11      2     11   2.03754986245736     
      1     12      2     11 -8.010734985005907E-002
      4     12      2     11  -2.12912333608862     
      1      7      3     11   3.20428650591672     
      4      7      3     11   2.12912333608862     
      3      8      3     11  -2.84584979368604     
      2      9      3     11  -3.26679979368604     
      5      9      3     11  -3.14444000000000     
      1     10      3     11   1.40001654864250     
      4     10      3     11  -1.41757966294667     
      3     11      3     11  -5.15834000000000     
      2      7      4     11  -2.08475902553897     
      5      7      4     11 -0.808299931228679     
      1      8      4     11  0.234763348787263     
      4      8      4     11   1.22924993122868     
      6      9      4     11 -0.998954999999998     
      2     10      4     11  0.808299931228679     
      5     10      4     11  -3.78236500000000     
      1     11      4     11  -1.22924993122868     
      4     11      4     11  -6.56651500000000     
      3     12      4     11 -0.228704999999997     
      6      7      5     11  -3.52913988473112     
      2      8      5     11  -3.69999135350341     
      5      8      5     11   2.03754986245736     
      6     10      5     11  -1.41757966294667     
      2     11      5     11   2.03754986245736     
      5     11      5     11  -9.12122000000000     
      1     12      5     11  -3.52913988473112     
      4     12      5     11  -1.41757966294667     
      6      8      6     11 -0.420950000000000     
      6     11      6     11  -6.38600000000000     
      2     12      6     11  0.420950000000000     
      5     12      6     11  -4.37210000000000     
      7      8      7     11  0.000000000000000E+000
      8     10      7     11  -1.42970000000000     
      7     11      7     11  -1.17950000000000     
     10     11      7     11 -0.420950000000000     
      9     12      7     11 -0.420950000000000     
      8     11      8     11  -1.89435000000000     
      7     12      8     11  -1.23815651979061     
     10     12      8     11 -0.729106787446119     
      8      9      9     11 -0.420950000000000     
      7     10      9     11 -0.729106787446119     
      9     11      9     11  -2.01390000000000     
      7      8     10     11   2.31952237432623     
      8     10     10     11 -0.420950000000000     
      7     11     10     11 -0.420950000000000     
     10     11     10     11  -2.78415000000000     
      9     12     10     11  0.770250000000000     
      6      7      1     12  -6.08025000000000     
      2      8      1     12   1.00239243999045     
      5      8      1     12   1.15804916994055     
      6     10      1     12   3.26679979368604     
      2     11      1     12 -8.010734985005907E-002
      5     11      1     12  -3.52913988473112     
      1     12      1     12  -6.54490000000000     
      4     12      1     12   2.84584979368604     
      6      8      2     12  -4.07445000000000     
      6     11      2     12  0.420950000000000     
      2     12      2     12  -6.68365000000000     
      5     12      2     12 -0.420950000000000     
      2      7      3     12   3.93475470229068     
      5      7      3     12   3.26679979368604     
      1      8      3     12   1.61523232796444     
      4      8      3     12  -2.84584979368604     
      6      9      3     12  -2.14548500000000     
      2     10      3     12  -3.26679979368604     
      5     10      3     12 -0.998954999999998     
      1     11      3     12   2.84584979368604     
      4     11      3     12 -0.228704999999997     
      3     12      3     12  -4.92963500000000     
      6      7      4     12   3.26679979368604     
      2      8      4     12   3.20428650591672     
      5      8      4     12  -1.40001654864250     
      6     10      4     12  -3.14444000000000     
      2     11      4     12  -2.12912333608862     
      5     11      4     12  -1.41757966294667     
      1     12      4     12   2.84584979368604     
      4     12      4     12  -5.15834000000000     
      6      8      5     12  0.420950000000000     
      6     11      5     12  -4.37210000000000     
      2     12      5     12 -0.420950000000000     
      5     12      5     12  -6.38599999999999     
      6     12      6     12  -10.7581000000000     
      8     11      7     12  -1.23815651979061     
      7     12      7     12 -0.464650000000000     
     10     12      7     12 -0.420950000000000     
      8     12      8     12  -2.60920000000000     
     11     12      8     12 -0.841900000000000     
      7      8      9     12  -2.31952237432623     
      8     10      9     12 -0.420950000000000     
      7     11      9     12 -0.420950000000000     
     10     11      9     12  0.770250000000000     
      9     12      9     12  -2.78415000000000     
      8     11     10     12 -0.729106787446119     
      7     12     10     12 -0.420950000000000     
     10     12     10     12  -2.01390000000000     
      8     12     11     12 -0.841900000000000     
     11     12     11     12  -2.01390000000000     
