      1      1      1      1           2           0   4.92404724083756     
      1      1      1      1           0           0  -11.0743000000000     
      1      1      1      2           2           0 -0.402941062687833     
      1      1      2      1           2           0 -0.402941062687833     
      1      1      2      2           4           0  -6.22428489239989     
      1      1      2      2           2           0   2.36086600599070     
      1      2      1      1           2           0  0.402941062687833     
      1      2      1      2           2           0  0.122005199684277     
      1      2      1      2           0           0  -15.4229534918332     
      1      2      2      1           4           0   11.4264750701222     
      1      2      2      1           2           0  -3.22399607193852     
      1      2      2      2           4           0   7.53105288275296     
      1      2      2      2           2           0   1.74144375797164     
      2      1      1      1           2           0  0.402941062687833     
      2      1      1      2           4           0   11.4264750701222     
      2      1      1      2           2           0  -3.22399607193852     
      2      1      2      1           2           0  0.122005199684277     
      2      1      2      1           0           0  -15.4229534918332     
      2      1      2      2           4           0   7.53105288275296     
      2      1      2      2           2           0   1.74144375797164     
      2      2      1      1           4           0  -6.22428489239989     
      2      2      1      1           2           0   2.36086600599070     
      2      2      1      2           4           0  -7.53105288275296     
      2      2      1      2           2           0  -1.74144375797164     
      2      2      2      1           4           0  -7.53105288275296     
      2      2      2      1           2           0  -1.74144375797164     
      2      2      2      2           6           0   6.15515522260000     
      2      2      2      2           4           0  -7.90810036990553     
      2      2      2      2           2           0   5.45427995455862     
      2      2      2      2           0           0  -22.9690500000000     
      1      1      1      1           2           0   4.92404724083756     
      1      1      1      1           0           0  -11.0743000000000     
      1      1      1      2           2           0 -0.402941062687833     
      1      1      2      1           2           0 -0.402941062687833     
      1      1      2      2           4           0  -6.22428489239989     
      1      1      2      2           2           0   2.36086600599070     
      1      2      1      1           2           0  0.402941062687833     
      1      2      1      2           2           0  0.122005199684277     
      1      2      1      2           0           0  -15.4229534918332     
      1      2      2      1           4           0   11.4264750701222     
      1      2      2      1           2           0  -3.22399607193852     
      1      2      2      2           4           0   7.53105288275296     
      1      2      2      2           2           0   1.74144375797164     
      2      1      1      1           2           0  0.402941062687833     
      2      1      1      2           4           0   11.4264750701222     
      2      1      1      2           2           0  -3.22399607193852     
      2      1      2      1           2           0  0.122005199684277     
      2      1      2      1           0           0  -15.4229534918332     
      2      1      2      2           4           0   7.53105288275296     
      2      1      2      2           2           0   1.74144375797164     
      2      2      1      1           4           0  -6.22428489239989     
      2      2      1      1           2           0   2.36086600599070     
      2      2      1      2           4           0  -7.53105288275296     
      2      2      1      2           2           0  -1.74144375797164     
      2      2      2      1           4           0  -7.53105288275296     
      2      2      2      1           2           0  -1.74144375797164     
      2      2      2      2           6           0   6.15515522260000     
      2      2      2      2           4           0  -7.90810036990553     
      2      2      2      2           2           0   5.45427995455862     
      2      2      2      2           0           0  -22.9690500000000     
          60           6
   1   1   3   3   0   0   0   0-11.0743   1   1
   1   1   3   3   2   0   0   0  4.9240   1   1
   1   1   3   4   2   0   0   0 -0.4029   1   1
   1   1   4   3   2   0   0   0  0.4029   1   1
   1   1   4   4   0   0   0   0-15.4230   1   1
   1   1   4   4   2   0   0   0  0.1220   1   1
   1   2   3   3   2   0   0   0 -0.4029   1   1
   1   2   3   4   2   0   0   0  2.3609   1   1
   1   2   3   4   4   0   0   0 -6.2243   1   1
   1   2   4   3   2   0   0   0 -3.2240   1   1
   1   2   4   3   4   0   0   0 11.4265   1   1
   1   2   4   4   2   0   0   0  1.7414   1   1
   1   2   4   4   4   0   0   0  7.5311   1   1
   2   1   3   3   2   0   0   0  0.4029   1   1
   2   1   3   4   2   0   0   0 -3.2240   1   1
   2   1   3   4   4   0   0   0 11.4265   1   1
   2   1   4   3   2   0   0   0  2.3609   1   1
   2   1   4   3   4   0   0   0 -6.2243   1   1
   2   1   4   4   2   0   0   0 -1.7414   1   1
   2   1   4   4   4   0   0   0 -7.5311   1   1
   2   2   3   3   0   0   0   0-15.4230   1   1
   2   2   3   3   2   0   0   0  0.1220   1   1
   2   2   3   4   2   0   0   0  1.7414   1   1
   2   2   3   4   4   0   0   0  7.5311   1   1
   2   2   4   3   2   0   0   0 -1.7414   1   1
   2   2   4   3   4   0   0   0 -7.5311   1   1
   2   2   4   4   0   0   0   0-22.9691   1   1
   2   2   4   4   2   0   0   0  5.4543   1   1
   2   2   4   4   4   0   0   0 -7.9081   1   1
   2   2   4   4   6   0   0   0  6.1552   1   1
   3   3   1   1   0   0   0   0-11.0743   1   1
   3   3   1   1   2   0   0   0  4.9240   1   1
   3   3   1   2   2   0   0   0 -0.4029   1   1
   3   3   2   1   2   0   0   0  0.4029   1   1
   3   3   2   2   0   0   0   0-15.4230   1   1
   3   3   2   2   2   0   0   0  0.1220   1   1
   3   4   1   1   2   0   0   0 -0.4029   1   1
   3   4   1   2   2   0   0   0  2.3609   1   1
   3   4   1   2   4   0   0   0 -6.2243   1   1
   3   4   2   1   2   0   0   0 -3.2240   1   1
   3   4   2   1   4   0   0   0 11.4265   1   1
   3   4   2   2   2   0   0   0  1.7414   1   1
   3   4   2   2   4   0   0   0  7.5311   1   1
   4   3   1   1   2   0   0   0  0.4029   1   1
   4   3   1   2   2   0   0   0 -3.2240   1   1
   4   3   1   2   4   0   0   0 11.4265   1   1
   4   3   2   1   2   0   0   0  2.3609   1   1
   4   3   2   1   4   0   0   0 -6.2243   1   1
   4   3   2   2   2   0   0   0 -1.7414   1   1
   4   3   2   2   4   0   0   0 -7.5311   1   1
   4   4   1   1   0   0   0   0-15.4230   1   1
   4   4   1   1   2   0   0   0  0.1220   1   1
   4   4   1   2   2   0   0   0  1.7414   1   1
   4   4   1   2   4   0   0   0  7.5311   1   1
   4   4   2   1   2   0   0   0 -1.7414   1   1
   4   4   2   1   4   0   0   0 -7.5311   1   1
   4   4   2   2   0   0   0   0-22.9691   1   1
   4   4   2   2   2   0   0   0  5.4543   1   1
   4   4   2   2   4   0   0   0 -7.9081   1   1
   4   4   2   2   6   0   0   0  6.1552   1   1
