      1      2      1      2  -1.24360000000000     
      2      4      1      2  0.000000000000000E+000
      1      5      1      2  0.000000000000000E+000
      4      5      1      2   2.27695454609880     
      3      6      1      2  -2.27695454609880     
      1      3      1      3  -2.56090000000000     
      3      4      1      3 -0.832700000000000     
      2      3      2      3 -0.469375000000000     
      1      4      2      3  -1.20754252176683     
      3      5      2      3 -0.416350000000000     
      2      3      1      4  -1.20754252176683     
      1      4      1      4  -1.86372500000000     
      3      5      1      4 -0.721139353731302     
      1      2      2      4  0.000000000000000E+000
      2      4      2      4  -1.16655000000000     
      1      5      2      4  -1.39435000000000     
      4      5      2      4 -0.416350000000000     
      3      6      2      4 -0.416350000000000     
      1      3      3      4 -0.832700000000000     
      3      4      3      4  -1.97200000000000     
      1      2      1      5  0.000000000000000E+000
      2      4      1      5  -1.39435000000000     
      1      5      1      5  -1.16655000000000     
      4      5      1      5 -0.416350000000000     
      3      6      1      5 -0.416350000000000     
      2      5      2      5  -1.86372500000000     
      1      6      2      5  -1.20754252176683     
      4      6      2      5 -0.721139353731302     
      2      3      3      5 -0.416350000000000     
      1      4      3      5 -0.721139353731302     
      3      5      3      5  -1.97200000000000     
      1      2      4      5   2.27695454609880     
      2      4      4      5 -0.416350000000000     
      1      5      4      5 -0.416350000000000     
      4      5      4      5  -2.74625000000000     
      3      6      4      5  0.774250000000000     
      2      5      1      6  -1.20754252176683     
      1      6      1      6 -0.469375000000000     
      4      6      1      6 -0.416350000000000     
      2      6      2      6  -2.56090000000000     
      5      6      2      6 -0.832700000000000     
      1      2      3      6  -2.27695454609880     
      2      4      3      6 -0.416350000000000     
      1      5      3      6 -0.416350000000000     
      4      5      3      6  0.774250000000000     
      3      6      3      6  -2.74625000000000     
      2      5      4      6 -0.721139353731302     
      1      6      4      6 -0.416350000000000     
      4      6      4      6  -1.97200000000000     
      2      6      5      6 -0.832700000000000     
      5      6      5      6  -1.97200000000000     
      1      7      1      7  -7.18390000000000     
      4      7      1      7  0.571589766572146     
      3      8      1      7 -0.990022516789391     
      2      9      1      7 -0.990022516789391     
      5      9      1      7   2.91306242209123     
      1     10      1      7  0.571589766572146     
      4     10      1      7  -3.36371474712111     
      3     11      1      7   2.91306242209123     
      2      7      2      7  -4.21375000000000     
      5      7      2      7  0.571589766572146     
      1      8      2      7  -2.97015000000000     
      4      8      2      7 -0.571589766572146     
      6      9      2      7   1.38430878729143     
      2     10      2      7 -0.571589766572146     
      5     10      2      7  0.297548586269124     
      1     11      2      7  0.571589766572146     
      4     11      2      7  -1.97940595982968     
      3     12      2      7   3.66126333339023     
      3      7      3      7  -6.11750000000000     
      1      9      3      7  -3.55660000000000     
      4      9      3      7 -0.416350000000000     
      3     10      3      7  0.416350000000000     
      1      7      4      7  0.571589766572146     
      4      7      4      7  -6.00357500000000     
      3      8      4      7 -0.197323888252284     
      2      9      4      7   1.01021863351455     
      5      9      4      7   1.20425114941926     
      1     10      4      7  -4.13985000000000     
      4     10      4      7  -1.80689945057826     
      3     11      4      7   1.92539050315057     
      2      7      5      7  0.571589766572146     
      5      7      5      7  -5.88965000000000     
      1      8      5      7  0.571589766572146     
      4      8      5      7 -0.227849999999998     
      6      9      5      7   2.50217417586738     
      2     10      5      7   1.16650000000000     
      5     10      5      7  -1.11162472528913     
      1     11      5      7  -4.72310000000000     
      4     11      5      7 -0.695274725289128     
      3     12      5      7   2.91852417586738     
      6      7      6      7  -5.77572500000000     
      2      8      6      7  0.990022516789391     
      5      8      6      7 -0.197323888252283     
      6     10      6      7   2.50217417586738     
      2     11      6      7   1.01021863351455     
      5     11      6      7  -3.12964165256983     
      1     12      6      7  -5.30635000000000     
      4     12      6      7   2.91852417586739     
      2      7      1      8  -2.97015000000000     
      5      7      1      8  0.571589766572146     
      1      8      1      8  -4.21375000000000     
      4      8      1      8 -0.571589766572146     
      6      9      1      8   3.66126333339023     
      2     10      1      8 -0.571589766572146     
      5     10      1      8  -1.97940595982968     
      1     11      1      8  0.571589766572146     
      4     11      1      8  0.297548586269124     
      3     12      1      8   1.38430878729143     
      6      7      2      8  0.990022516789391     
      2      8      2      8  -7.18390000000000     
      5      8      2      8 -0.571589766572146     
      6     10      2      8   2.91306242209123     
      2     11      2      8 -0.571589766572146     
      5     11      2      8  -3.36371474712111     
      1     12      2      8  0.990022516789391     
      4     12      2      8   2.91306242209123     
      1      7      3      8 -0.990022516789391     
      4      7      3      8 -0.197323888252283     
      3      8      3      8  -5.77572500000000     
      2      9      3      8  -5.30635000000000     
      5      9      3      8  -2.91852417586739     
      1     10      3      8   1.01021863351455     
      4     10      3      8   3.12964165256983     
      3     11      3      8  -2.50217417586738     
      2      7      4      8 -0.571589766572146     
      5      7      4      8 -0.227849999999998     
      1      8      4      8 -0.571589766572146     
      4      8      4      8  -5.88965000000000     
      6      9      4      8  -2.91852417586738     
      2     10      4      8  -4.72310000000000     
      5     10      4      8  0.695274725289128     
      1     11      4      8   1.16650000000000     
      4     11      4      8   1.11162472528913     
      3     12      4      8  -2.50217417586738     
      6      7      5      8 -0.197323888252284     
      2      8      5      8 -0.571589766572146     
      5      8      5      8  -6.00357500000000     
      6     10      5      8  -1.92539050315057     
      2     11      5      8  -4.13985000000000     
      5     11      5      8   1.80689945057826     
      1     12      5      8   1.01021863351455     
      4     12      5      8  -1.20425114941926     
      6      8      6      8  -6.11750000000000     
      6     11      6      8 -0.416350000000000     
      2     12      6      8  -3.55660000000000     
      5     12      6      8  0.416350000000000     
      7      8      7      8  -1.24360000000000     
      8     10      7      8  0.000000000000000E+000
      7     11      7      8  0.000000000000000E+000
     10     11      7      8   2.27695454609880     
      9     12      7      8  -2.27695454609880     
      3      7      1      9  -3.55660000000000     
      1      9      1      9  -6.11750000000000     
      4      9      1      9  0.416350000000000     
      3     10      1      9 -0.416350000000000     
      1      7      2      9 -0.990022516789391     
      4      7      2      9   1.01021863351455     
      3      8      2      9  -5.30635000000000     
      2      9      2      9  -5.77572500000000     
      5      9      2      9  -2.50217417586738     
      1     10      2      9 -0.197323888252283     
      4     10      2      9   3.12964165256983     
      3     11      2      9  -2.91852417586739     
      3      9      3      9  -9.67410000000000     
      3      7      4      9 -0.416350000000000     
      1      9      4      9  0.416350000000000     
      4      9      4      9  -5.82305000000000     
      3     10      4      9  -3.85104999999999     
      1      7      5      9   2.91306242209123     
      4      7      5      9   1.20425114941926     
      3      8      5      9  -2.91852417586738     
      2      9      5      9  -2.50217417586738     
      5      9      5      9  -4.61051000000000     
      1     10      5      9   1.92539050315057     
      4     10      5      9  -1.40012059080637     
      3     11      5      9  -2.63851000000000     
      2      7      6      9   1.38430878729143     
      5      7      6      9   2.50217417586738     
      1      8      6      9   3.66126333339023     
      4      8      6      9  -2.91852417586738     
      6      9      6      9  -4.39136500000000     
      2     10      6      9  -2.50217417586738     
      5     10      6      9 -0.219144999999998     
      1     11      6      9   2.91852417586738     
      4     11      6      9 -0.993394999999998     
      3     12      6      9  -1.64511500000000     
      7      9      7      9  -2.56090000000000     
      9     10      7      9 -0.832700000000000     
      8      9      8      9 -0.469375000000000     
      7     10      8      9  -1.20754252176683     
      9     11      8      9 -0.416350000000000     
      1      7      1     10  0.571589766572146     
      4      7      1     10  -4.13985000000000     
      3      8      1     10   1.01021863351455     
      2      9      1     10 -0.197323888252284     
      5      9      1     10   1.92539050315057     
      1     10      1     10  -6.00357500000000     
      4     10      1     10  -1.80689945057826     
      3     11      1     10   1.20425114941926     
      2      7      2     10 -0.571589766572146     
      5      7      2     10   1.16650000000000     
      1      8      2     10 -0.571589766572146     
      4      8      2     10  -4.72310000000000     
      6      9      2     10  -2.50217417586738     
      2     10      2     10  -5.88965000000000     
      5     10      2     10   1.11162472528913     
      1     11      2     10 -0.227849999999998     
      4     11      2     10  0.695274725289128     
      3     12      2     10  -2.91852417586738     
      3      7      3     10  0.416350000000000     
      1      9      3     10 -0.416350000000000     
      4      9      3     10  -3.85104999999999     
      3     10      3     10  -5.82304999999999     
      1      7      4     10  -3.36371474712111     
      4      7      4     10  -1.80689945057826     
      3      8      4     10   3.12964165256983     
      2      9      4     10   3.12964165256983     
      5      9      4     10  -1.40012059080637     
      1     10      4     10  -1.80689945057826     
      4     10      4     10  -8.05738000000000     
      3     11      4     10  -1.40012059080637     
      2      7      5     10  0.297548586269124     
      5      7      5     10  -1.11162472528913     
      1      8      5     10  -1.97940595982968     
      4      8      5     10  0.695274725289128     
      6      9      5     10 -0.219144999999998     
      2     10      5     10   1.11162472528913     
      5     10      5     10  -6.00808500000000     
      1     11      5     10 -0.695274725289128     
      4     11      5     10  -3.26183500000000     
      3     12      5     10 -0.993394999999998     
      6      7      6     10   2.50217417586738     
      2      8      6     10   2.91306242209123     
      5      8      6     10  -1.92539050315057     
      6     10      6     10  -4.61051000000000     
      2     11      6     10  -1.20425114941926     
      5     11      6     10  -1.40012059080637     
      1     12      6     10   2.91852417586738     
      4     12      6     10  -2.63851000000000     
      8      9      7     10  -1.20754252176683     
      7     10      7     10  -1.86372500000000     
      9     11      7     10 -0.721139353731302     
      7      8      8     10  0.000000000000000E+000
      8     10      8     10  -1.16655000000000     
      7     11      8     10  -1.39435000000000     
     10     11      8     10 -0.416350000000000     
      9     12      8     10 -0.416350000000000     
      7      9      9     10 -0.832700000000000     
      9     10      9     10  -1.97200000000000     
      2      7      1     11  0.571589766572146     
      5      7      1     11  -4.72310000000000     
      1      8      1     11  0.571589766572146     
      4      8      1     11   1.16650000000000     
      6      9      1     11   2.91852417586738     
      2     10      1     11 -0.227849999999998     
      5     10      1     11 -0.695274725289128     
      1     11      1     11  -5.88965000000000     
      4     11      1     11  -1.11162472528913     
      3     12      1     11   2.50217417586738     
      6      7      2     11   1.01021863351455     
      2      8      2     11 -0.571589766572146     
      5      8      2     11  -4.13985000000000     
      6     10      2     11  -1.20425114941926     
      2     11      2     11  -6.00357500000000     
      5     11      2     11   1.80689945057826     
      1     12      2     11 -0.197323888252284     
      4     12      2     11  -1.92539050315057     
      1      7      3     11   2.91306242209123     
      4      7      3     11   1.92539050315057     
      3      8      3     11  -2.50217417586738     
      2      9      3     11  -2.91852417586738     
      5      9      3     11  -2.63851000000000     
      1     10      3     11   1.20425114941926     
      4     10      3     11  -1.40012059080637     
      3     11      3     11  -4.61051000000000     
      2      7      4     11  -1.97940595982968     
      5      7      4     11 -0.695274725289128     
      1      8      4     11  0.297548586269124     
      4      8      4     11   1.11162472528913     
      6      9      4     11 -0.993394999999998     
      2     10      4     11  0.695274725289128     
      5     10      4     11  -3.26183500000000     
      1     11      4     11  -1.11162472528913     
      4     11      4     11  -6.00808500000000     
      3     12      4     11 -0.219144999999998     
      6      7      5     11  -3.12964165256983     
      2      8      5     11  -3.36371474712111     
      5      8      5     11   1.80689945057826     
      6     10      5     11  -1.40012059080637     
      2     11      5     11   1.80689945057826     
      5     11      5     11  -8.05738000000000     
      1     12      5     11  -3.12964165256983     
      4     12      5     11  -1.40012059080637     
      6      8      6     11 -0.416350000000000     
      6     11      6     11  -5.82305000000000     
      2     12      6     11  0.416350000000000     
      5     12      6     11  -3.85104999999999     
      7      8      7     11  0.000000000000000E+000
      8     10      7     11  -1.39435000000000     
      7     11      7     11  -1.16655000000000     
     10     11      7     11 -0.416350000000000     
      9     12      7     11 -0.416350000000000     
      8     11      8     11  -1.86372500000000     
      7     12      8     11  -1.20754252176683     
     10     12      8     11 -0.721139353731302     
      8      9      9     11 -0.416350000000000     
      7     10      9     11 -0.721139353731302     
      9     11      9     11  -1.97200000000000     
      7      8     10     11   2.27695454609880     
      8     10     10     11 -0.416350000000000     
      7     11     10     11 -0.416350000000000     
     10     11     10     11  -2.74625000000000     
      9     12     10     11  0.774250000000000     
      6      7      1     12  -5.30635000000000     
      2      8      1     12  0.990022516789391     
      5      8      1     12   1.01021863351455     
      6     10      1     12   2.91852417586739     
      2     11      1     12 -0.197323888252283     
      5     11      1     12  -3.12964165256983     
      1     12      1     12  -5.77572500000000     
      4     12      1     12   2.50217417586738     
      6      8      2     12  -3.55660000000000     
      6     11      2     12  0.416350000000000     
      2     12      2     12  -6.11750000000000     
      5     12      2     12 -0.416350000000000     
      2      7      3     12   3.66126333339023     
      5      7      3     12   2.91852417586738     
      1      8      3     12   1.38430878729143     
      4      8      3     12  -2.50217417586738     
      6      9      3     12  -1.64511500000000     
      2     10      3     12  -2.91852417586738     
      5     10      3     12 -0.993394999999998     
      1     11      3     12   2.50217417586738     
      4     11      3     12 -0.219144999999998     
      3     12      3     12  -4.39136500000000     
      6      7      4     12   2.91852417586738     
      2      8      4     12   2.91306242209123     
      5      8      4     12  -1.20425114941926     
      6     10      4     12  -2.63851000000000     
      2     11      4     12  -1.92539050315057     
      5     11      4     12  -1.40012059080637     
      1     12      4     12   2.50217417586738     
      4     12      4     12  -4.61051000000000     
      6      8      5     12  0.416350000000000     
      6     11      5     12  -3.85104999999999     
      2     12      5     12 -0.416350000000000     
      5     12      5     12  -5.82304999999999     
      6     12      6     12  -9.67410000000000     
      8     11      7     12  -1.20754252176683     
      7     12      7     12 -0.469375000000000     
     10     12      7     12 -0.416350000000000     
      8     12      8     12  -2.56090000000000     
     11     12      8     12 -0.832700000000000     
      7      8      9     12  -2.27695454609880     
      8     10      9     12 -0.416350000000000     
      7     11      9     12 -0.416350000000000     
     10     11      9     12  0.774250000000000     
      9     12      9     12  -2.74625000000000     
      8     11     10     12 -0.721139353731302     
      7     12     10     12 -0.416350000000000     
     10     12     10     12  -1.97200000000000     
      8     12     11     12 -0.832700000000000     
     11     12     11     12  -1.97200000000000     
