 ! Total Interaction
  20
   1   1   1   1     1     0  -7.1839
   1   2   1   1     1     0  -1.6167
   2   2   1   1     1     0   5.3185
   1   1   1   2     1     0  -1.6167
   1   2   1   2     1     0 -11.5514
   2   2   1   2     1     0  -8.0807
   1   1   2   2     1     0   5.3185
   1   2   2   2     1     0  -8.0807
   2   2   2   2     1     0  -5.6323
   1   2   1   2     2     0  -9.6741
   2   2   2   2     3     0  -9.6741
   1   1   1   1     0     1  -1.2436
   2   2   1   1     0     1  -3.2201
   1   1   2   2     0     1  -3.2201
   2   2   2   2     0     1  -3.5205
   1   2   1   2     1     1   0.2278
   1   2   1   2     2     1  -2.5609
   2   2   1   2     2     1   0.8327
   1   2   2   2     2     1   0.8327
   2   2   2   2     2     1  -1.9720
