      1      1      1      1           2           0   5.14445070610070     
      1      1      1      1           0           0  -11.3976500000000     
      1      1      1      2           2           0  -1.98004503357878     
      1      1      2      1           2           0  -1.98004503357878     
      1      1      2      2           4           0  -8.18683369698803     
      1      1      2      2           2           0   5.31075557504404     
      1      2      1      1           2           0   1.98004503357878     
      1      2      1      2           2           0  0.623992923637763     
      1      2      1      2           0           0  -16.8195600953548     
      1      2      2      1           4           0   11.8653593124060     
      1      2      2      1           2           0  -5.14999326868492     
      1      2      2      2           4           0   9.22918380200676     
      1      2      2      2           2           0   3.80817650704063     
      2      1      1      1           2           0   1.98004503357878     
      2      1      1      2           4           0   11.8653593124060     
      2      1      1      2           2           0  -5.14999326868492     
      2      1      2      1           2           0  0.623992923637763     
      2      1      2      1           0           0  -16.8195600953548     
      2      1      2      2           4           0   9.22918380200676     
      2      1      2      2           2           0   3.80817650704063     
      2      2      1      1           4           0  -8.18683369698803     
      2      2      1      1           2           0   5.31075557504404     
      2      2      1      2           4           0  -9.22918380200676     
      2      2      1      2           2           0  -3.80817650704063     
      2      2      2      1           4           0  -9.22918380200676     
      2      2      2      1           2           0  -3.80817650704063     
      2      2      2      2           6           0   4.35256516810203     
      2      2      2      2           4           0  -8.12118646782137     
      2      2      2      2           2           0   9.85002571832556     
      2      2      2      2           0           0  -24.4990250000000     
      1      1      1      1           2           0   5.14445070610070     
      1      1      1      1           0           0  -11.3976500000000     
      1      1      1      2           2           0  -1.98004503357878     
      1      1      2      1           2           0  -1.98004503357878     
      1      1      2      2           4           0  -8.18683369698803     
      1      1      2      2           2           0   5.31075557504404     
      1      2      1      1           2           0   1.98004503357878     
      1      2      1      2           2           0  0.623992923637763     
      1      2      1      2           0           0  -16.8195600953548     
      1      2      2      1           4           0   11.8653593124060     
      1      2      2      1           2           0  -5.14999326868492     
      1      2      2      2           4           0   9.22918380200676     
      1      2      2      2           2           0   3.80817650704063     
      2      1      1      1           2           0   1.98004503357878     
      2      1      1      2           4           0   11.8653593124060     
      2      1      1      2           2           0  -5.14999326868492     
      2      1      2      1           2           0  0.623992923637763     
      2      1      2      1           0           0  -16.8195600953548     
      2      1      2      2           4           0   9.22918380200676     
      2      1      2      2           2           0   3.80817650704063     
      2      2      1      1           4           0  -8.18683369698803     
      2      2      1      1           2           0   5.31075557504404     
      2      2      1      2           4           0  -9.22918380200676     
      2      2      1      2           2           0  -3.80817650704063     
      2      2      2      1           4           0  -9.22918380200676     
      2      2      2      1           2           0  -3.80817650704063     
      2      2      2      2           6           0   4.35256516810203     
      2      2      2      2           4           0  -8.12118646782137     
      2      2      2      2           2           0   9.85002571832556     
      2      2      2      2           0           0  -24.4990250000000     
          60           6
   1   1   3   3   0   0   0   0-11.3977   1   1
   1   1   3   3   2   0   0   0  5.1445   1   1
   1   1   3   4   2   0   0   0 -1.9800   1   1
   1   1   4   3   2   0   0   0  1.9800   1   1
   1   1   4   4   0   0   0   0-16.8196   1   1
   1   1   4   4   2   0   0   0  0.6240   1   1
   1   2   3   3   2   0   0   0 -1.9800   1   1
   1   2   3   4   2   0   0   0  5.3108   1   1
   1   2   3   4   4   0   0   0 -8.1868   1   1
   1   2   4   3   2   0   0   0 -5.1500   1   1
   1   2   4   3   4   0   0   0 11.8654   1   1
   1   2   4   4   2   0   0   0  3.8082   1   1
   1   2   4   4   4   0   0   0  9.2292   1   1
   2   1   3   3   2   0   0   0  1.9800   1   1
   2   1   3   4   2   0   0   0 -5.1500   1   1
   2   1   3   4   4   0   0   0 11.8654   1   1
   2   1   4   3   2   0   0   0  5.3108   1   1
   2   1   4   3   4   0   0   0 -8.1868   1   1
   2   1   4   4   2   0   0   0 -3.8082   1   1
   2   1   4   4   4   0   0   0 -9.2292   1   1
   2   2   3   3   0   0   0   0-16.8196   1   1
   2   2   3   3   2   0   0   0  0.6240   1   1
   2   2   3   4   2   0   0   0  3.8082   1   1
   2   2   3   4   4   0   0   0  9.2292   1   1
   2   2   4   3   2   0   0   0 -3.8082   1   1
   2   2   4   3   4   0   0   0 -9.2292   1   1
   2   2   4   4   0   0   0   0-24.4990   1   1
   2   2   4   4   2   0   0   0  9.8500   1   1
   2   2   4   4   4   0   0   0 -8.1212   1   1
   2   2   4   4   6   0   0   0  4.3526   1   1
   3   3   1   1   0   0   0   0-11.3977   1   1
   3   3   1   1   2   0   0   0  5.1445   1   1
   3   3   1   2   2   0   0   0 -1.9800   1   1
   3   3   2   1   2   0   0   0  1.9800   1   1
   3   3   2   2   0   0   0   0-16.8196   1   1
   3   3   2   2   2   0   0   0  0.6240   1   1
   3   4   1   1   2   0   0   0 -1.9800   1   1
   3   4   1   2   2   0   0   0  5.3108   1   1
   3   4   1   2   4   0   0   0 -8.1868   1   1
   3   4   2   1   2   0   0   0 -5.1500   1   1
   3   4   2   1   4   0   0   0 11.8654   1   1
   3   4   2   2   2   0   0   0  3.8082   1   1
   3   4   2   2   4   0   0   0  9.2292   1   1
   4   3   1   1   2   0   0   0  1.9800   1   1
   4   3   1   2   2   0   0   0 -5.1500   1   1
   4   3   1   2   4   0   0   0 11.8654   1   1
   4   3   2   1   2   0   0   0  5.3108   1   1
   4   3   2   1   4   0   0   0 -8.1868   1   1
   4   3   2   2   2   0   0   0 -3.8082   1   1
   4   3   2   2   4   0   0   0 -9.2292   1   1
   4   4   1   1   0   0   0   0-16.8196   1   1
   4   4   1   1   2   0   0   0  0.6240   1   1
   4   4   1   2   2   0   0   0  3.8082   1   1
   4   4   1   2   4   0   0   0  9.2292   1   1
   4   4   2   1   2   0   0   0 -3.8082   1   1
   4   4   2   1   4   0   0   0 -9.2292   1   1
   4   4   2   2   0   0   0   0-24.4990   1   1
   4   4   2   2   2   0   0   0  9.8500   1   1
   4   4   2   2   4   0   0   0 -8.1212   1   1
   4   4   2   2   6   0   0   0  4.3526   1   1
