      1      1      1      1           2           0   6.27755834441226     
      1      1      1      1           0           0  -13.2562500000000     
      1      1      1      2           2           0  -2.08476072008276     
      1      1      2      1           2           0  -2.08476072008276     
      1      1      2      2           4           0  -9.01848656969277     
      1      1      2      2           2           0   5.91492928294760     
      1      2      1      1           2           0   2.08476072008276     
      1      2      1      2           2           0  0.540259837659158     
      1      2      1      2           0           0  -19.2987648585424     
      1      2      2      1           4           0   13.9409055599710     
      1      2      2      1           2           0  -6.05908178567254     
      1      2      2      2           4           0   10.3283222107161     
      1      2      2      2           2           0   4.36517033420570     
      2      1      1      1           2           0   2.08476072008276     
      2      1      1      2           4           0   13.9409055599710     
      2      1      1      2           2           0  -6.05908178567254     
      2      1      2      1           2           0  0.540259837659158     
      2      1      2      1           0           0  -19.2987648585424     
      2      1      2      2           4           0   10.3283222107161     
      2      1      2      2           2           0   4.36517033420570     
      2      2      1      1           4           0  -9.01848656969278     
      2      2      1      1           2           0   5.91492928294761     
      2      2      1      2           4           0  -10.3283222107161     
      2      2      1      2           2           0  -4.36517033420570     
      2      2      2      1           4           0  -10.3283222107161     
      2      2      2      1           2           0  -4.36517033420570     
      2      2      2      2           6           0   5.82421141985548     
      2      2      2      2           4           0  -9.45614141106853     
      2      2      2      2           2           0   11.1834103915163     
      2      2      2      2           0           0  -28.3222750000000     
      1      1      1      1           2           0   6.27755834441226     
      1      1      1      1           0           0  -13.2562500000000     
      1      1      1      2           2           0  -2.08476072008276     
      1      1      2      1           2           0  -2.08476072008276     
      1      1      2      2           4           0  -9.01848656969277     
      1      1      2      2           2           0   5.91492928294760     
      1      2      1      1           2           0   2.08476072008276     
      1      2      1      2           2           0  0.540259837659158     
      1      2      1      2           0           0  -19.2987648585424     
      1      2      2      1           4           0   13.9409055599710     
      1      2      2      1           2           0  -6.05908178567254     
      1      2      2      2           4           0   10.3283222107161     
      1      2      2      2           2           0   4.36517033420570     
      2      1      1      1           2           0   2.08476072008276     
      2      1      1      2           4           0   13.9409055599710     
      2      1      1      2           2           0  -6.05908178567254     
      2      1      2      1           2           0  0.540259837659158     
      2      1      2      1           0           0  -19.2987648585424     
      2      1      2      2           4           0   10.3283222107161     
      2      1      2      2           2           0   4.36517033420570     
      2      2      1      1           4           0  -9.01848656969278     
      2      2      1      1           2           0   5.91492928294761     
      2      2      1      2           4           0  -10.3283222107161     
      2      2      1      2           2           0  -4.36517033420570     
      2      2      2      1           4           0  -10.3283222107161     
      2      2      2      1           2           0  -4.36517033420570     
      2      2      2      2           6           0   5.82421141985548     
      2      2      2      2           4           0  -9.45614141106853     
      2      2      2      2           2           0   11.1834103915163     
      2      2      2      2           0           0  -28.3222750000000     
          60           6
   1   1   3   3   0   0   0   0-13.2563   1   1
   1   1   3   3   2   0   0   0  6.2776   1   1
   1   1   3   4   2   0   0   0 -2.0848   1   1
   1   1   4   3   2   0   0   0  2.0848   1   1
   1   1   4   4   0   0   0   0-19.2988   1   1
   1   1   4   4   2   0   0   0  0.5403   1   1
   1   2   3   3   2   0   0   0 -2.0848   1   1
   1   2   3   4   2   0   0   0  5.9149   1   1
   1   2   3   4   4   0   0   0 -9.0185   1   1
   1   2   4   3   2   0   0   0 -6.0591   1   1
   1   2   4   3   4   0   0   0 13.9409   1   1
   1   2   4   4   2   0   0   0  4.3652   1   1
   1   2   4   4   4   0   0   0 10.3283   1   1
   2   1   3   3   2   0   0   0  2.0848   1   1
   2   1   3   4   2   0   0   0 -6.0591   1   1
   2   1   3   4   4   0   0   0 13.9409   1   1
   2   1   4   3   2   0   0   0  5.9149   1   1
   2   1   4   3   4   0   0   0 -9.0185   1   1
   2   1   4   4   2   0   0   0 -4.3652   1   1
   2   1   4   4   4   0   0   0-10.3283   1   1
   2   2   3   3   0   0   0   0-19.2988   1   1
   2   2   3   3   2   0   0   0  0.5403   1   1
   2   2   3   4   2   0   0   0  4.3652   1   1
   2   2   3   4   4   0   0   0 10.3283   1   1
   2   2   4   3   2   0   0   0 -4.3652   1   1
   2   2   4   3   4   0   0   0-10.3283   1   1
   2   2   4   4   0   0   0   0-28.3223   1   1
   2   2   4   4   2   0   0   0 11.1834   1   1
   2   2   4   4   4   0   0   0 -9.4561   1   1
   2   2   4   4   6   0   0   0  5.8242   1   1
   3   3   1   1   0   0   0   0-13.2563   1   1
   3   3   1   1   2   0   0   0  6.2776   1   1
   3   3   1   2   2   0   0   0 -2.0848   1   1
   3   3   2   1   2   0   0   0  2.0848   1   1
   3   3   2   2   0   0   0   0-19.2988   1   1
   3   3   2   2   2   0   0   0  0.5403   1   1
   3   4   1   1   2   0   0   0 -2.0848   1   1
   3   4   1   2   2   0   0   0  5.9149   1   1
   3   4   1   2   4   0   0   0 -9.0185   1   1
   3   4   2   1   2   0   0   0 -6.0591   1   1
   3   4   2   1   4   0   0   0 13.9409   1   1
   3   4   2   2   2   0   0   0  4.3652   1   1
   3   4   2   2   4   0   0   0 10.3283   1   1
   4   3   1   1   2   0   0   0  2.0848   1   1
   4   3   1   2   2   0   0   0 -6.0591   1   1
   4   3   1   2   4   0   0   0 13.9409   1   1
   4   3   2   1   2   0   0   0  5.9149   1   1
   4   3   2   1   4   0   0   0 -9.0185   1   1
   4   3   2   2   2   0   0   0 -4.3652   1   1
   4   3   2   2   4   0   0   0-10.3283   1   1
   4   4   1   1   0   0   0   0-19.2988   1   1
   4   4   1   1   2   0   0   0  0.5403   1   1
   4   4   1   2   2   0   0   0  4.3652   1   1
   4   4   1   2   4   0   0   0 10.3283   1   1
   4   4   2   1   2   0   0   0 -4.3652   1   1
   4   4   2   1   4   0   0   0-10.3283   1   1
   4   4   2   2   0   0   0   0-28.3223   1   1
   4   4   2   2   2   0   0   0 11.1834   1   1
   4   4   2   2   4   0   0   0 -9.4561   1   1
   4   4   2   2   6   0   0   0  5.8242   1   1
