 ! Total Interaction
  20
   1   1   1   1     1     0  -8.4403
   1   2   1   1     1     0  -1.7022
   2   2   1   1     1     0   5.8883
   1   1   1   2     1     0  -1.7022
   1   2   1   2     1     0 -13.4952
   2   2   1   2     1     0  -9.0853
   1   1   2   2     1     0   5.8883
   1   2   2   2     1     0  -9.0853
   2   2   2   2     1     0  -6.8980
   1   2   1   2     2     0 -11.1534
   2   2   2   2     3     0 -11.1534
   1   1   1   1     0     1  -1.1916
   2   2   1   1     0     1  -3.5076
   1   1   2   2     0     1  -3.5076
   2   2   2   2     0     1  -3.6718
   1   2   1   2     1     1   0.3421
   1   2   1   2     2     1  -2.7888
   2   2   1   2     2     1   0.8752
   1   2   2   2     2     1   0.8752
   2   2   2   2     2     1  -2.1699
