 ! Total Interaction
  20
   1   1   1   1     1     0  -7.1213
   1   2   1   1     1     0  -0.3058
   2   2   1   1     1     0   3.2154
   1   1   1   2     1     0  -0.3058
   1   2   1   2     1     0 -11.4408
   2   2   1   2     1     0  -5.9474
   1   1   2   2     1     0   3.2154
   1   2   2   2     1     0  -5.9474
   2   2   2   2     1     0  -7.5265
   1   2   1   2     2     0  -8.2910
   2   2   2   2     3     0  -8.2910
   1   1   1   1     0     1  -1.2492
   2   2   1   1     0     1  -3.5737
   1   1   2   2     0     1  -3.5737
   2   2   2   2     0     1  -3.7762
   1   2   1   2     1     1   0.5759
   1   2   1   2     2     1  -2.8977
   2   2   1   2     2     1   1.4638
   1   2   2   2     2     1   1.4638
   2   2   2   2     2     1  -1.8627
