      1      1      1      1           2           0   5.08538777356260     
      1      1      1      1           0           0  -11.3065500000000     
      1      1      1      2           2           0 -0.374526981671548     
      1      1      2      1           2           0 -0.374526981671548     
      1      1      2      2           4           0  -6.23570463487677     
      1      1      2      2           2           0   2.21443240505922     
      1      2      1      1           2           0  0.374526981671548     
      1      2      1      2           2           0  0.221690705150218     
      1      2      1      2           0           0  -15.6514904035127     
      1      2      2      1           4           0   11.5837824523393     
      1      2      2      1           2           0  -3.23672664537415     
      1      2      2      2           4           0   7.46540581538193     
      1      2      2      2           2           0   1.63763312486701     
      2      1      1      1           2           0  0.374526981671548     
      2      1      1      2           4           0   11.5837824523393     
      2      1      1      2           2           0  -3.23672664537415     
      2      1      2      1           2           0  0.221690705150218     
      2      1      2      1           0           0  -15.6514904035127     
      2      1      2      2           4           0   7.46540581538193     
      2      1      2      2           2           0   1.63763312486701     
      2      2      1      1           4           0  -6.23570463487677     
      2      2      1      1           2           0   2.21443240505922     
      2      2      1      2           4           0  -7.46540581538193     
      2      2      1      2           2           0  -1.63763312486701     
      2      2      2      1           4           0  -7.46540581538193     
      2      2      2      1           2           0  -1.63763312486701     
      2      2      2      2           6           0   6.32797569823874     
      2      2      2      2           4           0  -8.00031581329763     
      2      2      2      2           2           0   5.46678536138927     
      2      2      2      2           0           0  -23.4265500000000     
      1      1      1      1           2           0   5.08538777356260     
      1      1      1      1           0           0  -11.3065500000000     
      1      1      1      2           2           0 -0.374526981671548     
      1      1      2      1           2           0 -0.374526981671548     
      1      1      2      2           4           0  -6.23570463487677     
      1      1      2      2           2           0   2.21443240505922     
      1      2      1      1           2           0  0.374526981671548     
      1      2      1      2           2           0  0.221690705150218     
      1      2      1      2           0           0  -15.6514904035127     
      1      2      2      1           4           0   11.5837824523393     
      1      2      2      1           2           0  -3.23672664537415     
      1      2      2      2           4           0   7.46540581538193     
      1      2      2      2           2           0   1.63763312486701     
      2      1      1      1           2           0  0.374526981671548     
      2      1      1      2           4           0   11.5837824523393     
      2      1      1      2           2           0  -3.23672664537415     
      2      1      2      1           2           0  0.221690705150218     
      2      1      2      1           0           0  -15.6514904035127     
      2      1      2      2           4           0   7.46540581538193     
      2      1      2      2           2           0   1.63763312486701     
      2      2      1      1           4           0  -6.23570463487677     
      2      2      1      1           2           0   2.21443240505922     
      2      2      1      2           4           0  -7.46540581538193     
      2      2      1      2           2           0  -1.63763312486701     
      2      2      2      1           4           0  -7.46540581538193     
      2      2      2      1           2           0  -1.63763312486701     
      2      2      2      2           6           0   6.32797569823874     
      2      2      2      2           4           0  -8.00031581329763     
      2      2      2      2           2           0   5.46678536138927     
      2      2      2      2           0           0  -23.4265500000000     
          60           6
   1   1   3   3   0   0   0   0-11.3066   1   1
   1   1   3   3   2   0   0   0  5.0854   1   1
   1   1   3   4   2   0   0   0 -0.3745   1   1
   1   1   4   3   2   0   0   0  0.3745   1   1
   1   1   4   4   0   0   0   0-15.6515   1   1
   1   1   4   4   2   0   0   0  0.2217   1   1
   1   2   3   3   2   0   0   0 -0.3745   1   1
   1   2   3   4   2   0   0   0  2.2144   1   1
   1   2   3   4   4   0   0   0 -6.2357   1   1
   1   2   4   3   2   0   0   0 -3.2367   1   1
   1   2   4   3   4   0   0   0 11.5838   1   1
   1   2   4   4   2   0   0   0  1.6376   1   1
   1   2   4   4   4   0   0   0  7.4654   1   1
   2   1   3   3   2   0   0   0  0.3745   1   1
   2   1   3   4   2   0   0   0 -3.2367   1   1
   2   1   3   4   4   0   0   0 11.5838   1   1
   2   1   4   3   2   0   0   0  2.2144   1   1
   2   1   4   3   4   0   0   0 -6.2357   1   1
   2   1   4   4   2   0   0   0 -1.6376   1   1
   2   1   4   4   4   0   0   0 -7.4654   1   1
   2   2   3   3   0   0   0   0-15.6515   1   1
   2   2   3   3   2   0   0   0  0.2217   1   1
   2   2   3   4   2   0   0   0  1.6376   1   1
   2   2   3   4   4   0   0   0  7.4654   1   1
   2   2   4   3   2   0   0   0 -1.6376   1   1
   2   2   4   3   4   0   0   0 -7.4654   1   1
   2   2   4   4   0   0   0   0-23.4266   1   1
   2   2   4   4   2   0   0   0  5.4668   1   1
   2   2   4   4   4   0   0   0 -8.0003   1   1
   2   2   4   4   6   0   0   0  6.3280   1   1
   3   3   1   1   0   0   0   0-11.3066   1   1
   3   3   1   1   2   0   0   0  5.0854   1   1
   3   3   1   2   2   0   0   0 -0.3745   1   1
   3   3   2   1   2   0   0   0  0.3745   1   1
   3   3   2   2   0   0   0   0-15.6515   1   1
   3   3   2   2   2   0   0   0  0.2217   1   1
   3   4   1   1   2   0   0   0 -0.3745   1   1
   3   4   1   2   2   0   0   0  2.2144   1   1
   3   4   1   2   4   0   0   0 -6.2357   1   1
   3   4   2   1   2   0   0   0 -3.2367   1   1
   3   4   2   1   4   0   0   0 11.5838   1   1
   3   4   2   2   2   0   0   0  1.6376   1   1
   3   4   2   2   4   0   0   0  7.4654   1   1
   4   3   1   1   2   0   0   0  0.3745   1   1
   4   3   1   2   2   0   0   0 -3.2367   1   1
   4   3   1   2   4   0   0   0 11.5838   1   1
   4   3   2   1   2   0   0   0  2.2144   1   1
   4   3   2   1   4   0   0   0 -6.2357   1   1
   4   3   2   2   2   0   0   0 -1.6376   1   1
   4   3   2   2   4   0   0   0 -7.4654   1   1
   4   4   1   1   0   0   0   0-15.6515   1   1
   4   4   1   1   2   0   0   0  0.2217   1   1
   4   4   1   2   2   0   0   0  1.6376   1   1
   4   4   1   2   4   0   0   0  7.4654   1   1
   4   4   2   1   2   0   0   0 -1.6376   1   1
   4   4   2   1   4   0   0   0 -7.4654   1   1
   4   4   2   2   0   0   0   0-23.4266   1   1
   4   4   2   2   2   0   0   0  5.4668   1   1
   4   4   2   2   4   0   0   0 -8.0003   1   1
   4   4   2   2   6   0   0   0  6.3280   1   1
