      1      2      1      2  -1.24920000000000     
      2      4      1      2  0.000000000000000E+000
      1      5      1      2  0.000000000000000E+000
      4      5      1      2   2.52698750392637     
      3      6      1      2  -2.52698750392637     
      1      3      1      3  -2.89770000000000     
      3      4      1      3  -1.46380000000000     
      2      3      2      3 -0.292500000000000     
      1      4      2      3  -1.50411292129281     
      3      5      2      3 -0.731900000000000     
      2      3      1      4  -1.50411292129281     
      1      4      1      4  -2.02930000000000     
      3      5      1      4  -1.26768798605966     
      1      2      2      4  0.000000000000000E+000
      2      4      2      4  -1.16090000000000     
      1      5      2      4  -1.73680000000000     
      4      5      2      4 -0.731900000000000     
      3      6      2      4 -0.731900000000000     
      1      3      3      4  -1.46380000000000     
      3      4      3      4  -1.86270000000000     
      1      2      1      5  0.000000000000000E+000
      2      4      1      5  -1.73680000000000     
      1      5      1      5  -1.16090000000000     
      4      5      1      5 -0.731900000000000     
      3      6      1      5 -0.731900000000000     
      2      5      2      5  -2.02930000000000     
      1      6      2      5  -1.50411292129281     
      4      6      2      5  -1.26768798605966     
      2      3      3      5 -0.731900000000000     
      1      4      3      5  -1.26768798605966     
      3      5      3      5  -1.86270000000000     
      1      2      4      5   2.52698750392637     
      2      4      4      5 -0.731900000000000     
      1      5      4      5 -0.731900000000000     
      4      5      4      5  -2.81945000000000     
      3      6      4      5  0.956750000000000     
      2      5      1      6  -1.50411292129281     
      1      6      1      6 -0.292500000000000     
      4      6      1      6 -0.731900000000000     
      2      6      2      6  -2.89770000000000     
      5      6      2      6  -1.46380000000000     
      1      2      3      6  -2.52698750392637     
      2      4      3      6 -0.731900000000000     
      1      5      3      6 -0.731900000000000     
      4      5      3      6  0.956750000000000     
      3      6      3      6  -2.81945000000000     
      2      5      4      6  -1.26768798605966     
      1      6      4      6 -0.731900000000000     
      4      6      4      6  -1.86270000000000     
      2      6      5      6  -1.46380000000000     
      5      6      5      6  -1.86270000000000     
      1      7      1      7  -7.12130000000000     
      4      7      1      7  0.108116626843423     
      3      8      1      7 -0.187263490835774     
      2      9      1      7 -0.187263490835774     
      5      9      1      7   1.76114711140211     
      1     10      1      7  0.108116626843423     
      4     10      1      7  -2.03359751770108     
      3     11      1      7   1.76114711140211     
      2      7      2      7  -4.18525000000000     
      5      7      2      7  0.108116626843423     
      1      8      2      7  -2.93605000000000     
      4      8      2      7 -0.108116626843423     
      6      9      2      7  0.261704386312628     
      2     10      2      7 -0.108116626843423     
      5     10      2      7  0.755094372537912     
      1     11      2      7  0.108116626843423     
      4     11      2      7  -1.77189313138845     
      3     12      2      7   2.78869189023899     
      3      7      3      7  -5.59435000000000     
      1      9      3      7  -2.69665000000000     
      4      9      3      7 -0.731900000000000     
      3     10      3      7  0.731900000000000     
      1      7      4      7  0.108116626843423     
      4      7      4      7  -5.55387500000000     
      3      8      4      7 -7.010475643634972E-002
      2      9      4      7   1.43400816485646     
      5      9      4      7  0.517865064631869     
      1     10      4      7  -3.52457500000000     
      4     10      4      7  -1.32987906893823     
      3     11      4      7   1.78555305069153     
      2      7      5      7  0.108116626843423     
      5      7      5      7  -5.51340000000000     
      1      8      5      7  0.108116626843423     
      4      8      5      7 -8.094999999999841E-002
      6      9      5      7   1.62886860340734     
      2     10      5      7   1.65585000000000     
      5     10      5      7  -1.03088953446911     
      1     11      5      7  -4.35250000000000     
      4     11      5      7 -0.298989534469113     
      3     12      5      7   2.36076860340734     
      6      7      6      7  -5.47292500000000     
      2      8      6      7  0.187263490835774     
      5      8      6      7 -7.010475643635017E-002
      6     10      6      7   1.62886860340734     
      2     11      6      7   1.43400816485646     
      5     11      6      7  -2.30341811532340     
      1     12      6      7  -5.18042500000000     
      4     12      6      7   2.36076860340734     
      2      7      1      8  -2.93605000000000     
      5      7      1      8  0.108116626843423     
      1      8      1      8  -4.18525000000000     
      4      8      1      8 -0.108116626843423     
      6      9      1      8   2.78869189023899     
      2     10      1      8 -0.108116626843423     
      5     10      1      8  -1.77189313138845     
      1     11      1      8  0.108116626843423     
      4     11      1      8  0.755094372537912     
      3     12      1      8  0.261704386312628     
      6      7      2      8  0.187263490835774     
      2      8      2      8  -7.12130000000000     
      5      8      2      8 -0.108116626843423     
      6     10      2      8   1.76114711140211     
      2     11      2      8 -0.108116626843423     
      5     11      2      8  -2.03359751770108     
      1     12      2      8  0.187263490835774     
      4     12      2      8   1.76114711140211     
      1      7      3      8 -0.187263490835774     
      4      7      3      8 -7.010475643635017E-002
      3      8      3      8  -5.47292500000000     
      2      9      3      8  -5.18042500000000     
      5      9      3      8  -2.36076860340734     
      1     10      3      8   1.43400816485646     
      4     10      3      8   2.30341811532340     
      3     11      3      8  -1.62886860340734     
      2      7      4      8 -0.108116626843423     
      5      7      4      8 -8.094999999999841E-002
      1      8      4      8 -0.108116626843423     
      4      8      4      8  -5.51340000000000     
      6      9      4      8  -2.36076860340734     
      2     10      4      8  -4.35250000000000     
      5     10      4      8  0.298989534469113     
      1     11      4      8   1.65585000000000     
      4     11      4      8   1.03088953446911     
      3     12      4      8  -1.62886860340734     
      6      7      5      8 -7.010475643634972E-002
      2      8      5      8 -0.108116626843423     
      5      8      5      8  -5.55387500000000     
      6     10      5      8  -1.78555305069153     
      2     11      5      8  -3.52457500000000     
      5     11      5      8   1.32987906893823     
      1     12      5      8   1.43400816485646     
      4     12      5      8 -0.517865064631869     
      6      8      6      8  -5.59435000000000     
      6     11      6      8 -0.731900000000000     
      2     12      6      8  -2.69665000000000     
      5     12      6      8  0.731900000000000     
      7      8      7      8  -1.24920000000000     
      8     10      7      8  0.000000000000000E+000
      7     11      7      8  0.000000000000000E+000
     10     11      7      8   2.52698750392637     
      9     12      7      8  -2.52698750392637     
      3      7      1      9  -2.69665000000000     
      1      9      1      9  -5.59435000000000     
      4      9      1      9  0.731900000000000     
      3     10      1      9 -0.731900000000000     
      1      7      2      9 -0.187263490835774     
      4      7      2      9   1.43400816485646     
      3      8      2      9  -5.18042500000000     
      2      9      2      9  -5.47292500000000     
      5      9      2      9  -1.62886860340734     
      1     10      2      9 -7.010475643635017E-002
      4     10      2      9   2.30341811532340     
      3     11      2      9  -2.36076860340734     
      3      9      3      9  -8.29100000000000     
      3      7      4      9 -0.731900000000000     
      1      9      4      9  0.731900000000000     
      4      9      4      9  -5.07685000000000     
      3     10      4      9  -3.21414999999999     
      1      7      5      9   1.76114711140211     
      4      7      5      9  0.517865064631869     
      3      8      5      9  -2.36076860340734     
      2      9      5      9  -1.62886860340734     
      5      9      5      9  -4.84750000000000     
      1     10      5      9   1.78555305069153     
      4     10      5      9 -0.264830568477277     
      3     11      5      9  -2.98480000000000     
      2      7      6      9  0.261704386312628     
      5      7      6      9   1.62886860340734     
      1      8      6      9   2.78869189023899     
      4      8      6      9  -2.36076860340734     
      6      9      6      9  -5.21120000000000     
      2     10      6      9  -1.62886860340734     
      5     10      6      9  0.363700000000003     
      1     11      6      9   2.36076860340734     
      4     11      6      9 -0.593049999999998     
      3     12      6      9  -2.39175000000000     
      7      9      7      9  -2.89770000000000     
      9     10      7      9  -1.46380000000000     
      8      9      8      9 -0.292500000000000     
      7     10      8      9  -1.50411292129281     
      9     11      8      9 -0.731900000000000     
      1      7      1     10  0.108116626843423     
      4      7      1     10  -3.52457500000000     
      3      8      1     10   1.43400816485646     
      2      9      1     10 -7.010475643634972E-002
      5      9      1     10   1.78555305069153     
      1     10      1     10  -5.55387500000000     
      4     10      1     10  -1.32987906893823     
      3     11      1     10  0.517865064631869     
      2      7      2     10 -0.108116626843423     
      5      7      2     10   1.65585000000000     
      1      8      2     10 -0.108116626843423     
      4      8      2     10  -4.35250000000000     
      6      9      2     10  -1.62886860340734     
      2     10      2     10  -5.51340000000000     
      5     10      2     10   1.03088953446911     
      1     11      2     10 -8.094999999999841E-002
      4     11      2     10  0.298989534469113     
      3     12      2     10  -2.36076860340734     
      3      7      3     10  0.731900000000000     
      1      9      3     10 -0.731900000000000     
      4      9      3     10  -3.21414999999999     
      3     10      3     10  -5.07684999999999     
      1      7      4     10  -2.03359751770108     
      4      7      4     10  -1.32987906893823     
      3      8      4     10   2.30341811532340     
      2      9      4     10   2.30341811532340     
      5      9      4     10 -0.264830568477277     
      1     10      4     10  -1.32987906893823     
      4     10      4     10  -7.98520000000000     
      3     11      4     10 -0.264830568477277     
      2      7      5     10  0.755094372537912     
      5      7      5     10  -1.03088953446911     
      1      8      5     10  -1.77189313138845     
      4      8      5     10  0.298989534469113     
      6      9      5     10  0.363700000000003     
      2     10      5     10   1.03088953446911     
      5     10      5     10  -5.51700000000000     
      1     11      5     10 -0.298989534469113     
      4     11      5     10  -2.69755000000000     
      3     12      5     10 -0.593049999999998     
      6      7      6     10   1.62886860340734     
      2      8      6     10   1.76114711140211     
      5      8      6     10  -1.78555305069153     
      6     10      6     10  -4.84750000000000     
      2     11      6     10 -0.517865064631869     
      5     11      6     10 -0.264830568477277     
      1     12      6     10   2.36076860340734     
      4     12      6     10  -2.98480000000000     
      8      9      7     10  -1.50411292129281     
      7     10      7     10  -2.02930000000000     
      9     11      7     10  -1.26768798605966     
      7      8      8     10  0.000000000000000E+000
      8     10      8     10  -1.16090000000000     
      7     11      8     10  -1.73680000000000     
     10     11      8     10 -0.731900000000000     
      9     12      8     10 -0.731900000000000     
      7      9      9     10  -1.46380000000000     
      9     10      9     10  -1.86270000000000     
      2      7      1     11  0.108116626843423     
      5      7      1     11  -4.35250000000000     
      1      8      1     11  0.108116626843423     
      4      8      1     11   1.65585000000000     
      6      9      1     11   2.36076860340734     
      2     10      1     11 -8.094999999999841E-002
      5     10      1     11 -0.298989534469113     
      1     11      1     11  -5.51340000000000     
      4     11      1     11  -1.03088953446911     
      3     12      1     11   1.62886860340734     
      6      7      2     11   1.43400816485646     
      2      8      2     11 -0.108116626843423     
      5      8      2     11  -3.52457500000000     
      6     10      2     11 -0.517865064631869     
      2     11      2     11  -5.55387500000000     
      5     11      2     11   1.32987906893823     
      1     12      2     11 -7.010475643634972E-002
      4     12      2     11  -1.78555305069153     
      1      7      3     11   1.76114711140211     
      4      7      3     11   1.78555305069153     
      3      8      3     11  -1.62886860340734     
      2      9      3     11  -2.36076860340734     
      5      9      3     11  -2.98480000000000     
      1     10      3     11  0.517865064631869     
      4     10      3     11 -0.264830568477277     
      3     11      3     11  -4.84750000000000     
      2      7      4     11  -1.77189313138845     
      5      7      4     11 -0.298989534469113     
      1      8      4     11  0.755094372537912     
      4      8      4     11   1.03088953446911     
      6      9      4     11 -0.593049999999998     
      2     10      4     11  0.298989534469113     
      5     10      4     11  -2.69755000000000     
      1     11      4     11  -1.03088953446911     
      4     11      4     11  -5.51700000000000     
      3     12      4     11  0.363700000000003     
      6      7      5     11  -2.30341811532340     
      2      8      5     11  -2.03359751770108     
      5      8      5     11   1.32987906893823     
      6     10      5     11 -0.264830568477277     
      2     11      5     11   1.32987906893823     
      5     11      5     11  -7.98520000000000     
      1     12      5     11  -2.30341811532340     
      4     12      5     11 -0.264830568477277     
      6      8      6     11 -0.731900000000000     
      6     11      6     11  -5.07685000000000     
      2     12      6     11  0.731900000000000     
      5     12      6     11  -3.21414999999999     
      7      8      7     11  0.000000000000000E+000
      8     10      7     11  -1.73680000000000     
      7     11      7     11  -1.16090000000000     
     10     11      7     11 -0.731900000000000     
      9     12      7     11 -0.731900000000000     
      8     11      8     11  -2.02930000000000     
      7     12      8     11  -1.50411292129281     
     10     12      8     11  -1.26768798605966     
      8      9      9     11 -0.731900000000000     
      7     10      9     11  -1.26768798605966     
      9     11      9     11  -1.86270000000000     
      7      8     10     11   2.52698750392637     
      8     10     10     11 -0.731900000000000     
      7     11     10     11 -0.731900000000000     
     10     11     10     11  -2.81945000000000     
      9     12     10     11  0.956750000000000     
      6      7      1     12  -5.18042500000000     
      2      8      1     12  0.187263490835774     
      5      8      1     12   1.43400816485646     
      6     10      1     12   2.36076860340734     
      2     11      1     12 -7.010475643635017E-002
      5     11      1     12  -2.30341811532340     
      1     12      1     12  -5.47292500000000     
      4     12      1     12   1.62886860340734     
      6      8      2     12  -2.69665000000000     
      6     11      2     12  0.731900000000000     
      2     12      2     12  -5.59435000000000     
      5     12      2     12 -0.731900000000000     
      2      7      3     12   2.78869189023899     
      5      7      3     12   2.36076860340734     
      1      8      3     12  0.261704386312628     
      4      8      3     12  -1.62886860340734     
      6      9      3     12  -2.39175000000000     
      2     10      3     12  -2.36076860340734     
      5     10      3     12 -0.593049999999998     
      1     11      3     12   1.62886860340734     
      4     11      3     12  0.363700000000003     
      3     12      3     12  -5.21120000000000     
      6      7      4     12   2.36076860340734     
      2      8      4     12   1.76114711140211     
      5      8      4     12 -0.517865064631869     
      6     10      4     12  -2.98480000000000     
      2     11      4     12  -1.78555305069153     
      5     11      4     12 -0.264830568477277     
      1     12      4     12   1.62886860340734     
      4     12      4     12  -4.84750000000000     
      6      8      5     12  0.731900000000000     
      6     11      5     12  -3.21414999999999     
      2     12      5     12 -0.731900000000000     
      5     12      5     12  -5.07684999999999     
      6     12      6     12  -8.29100000000000     
      8     11      7     12  -1.50411292129281     
      7     12      7     12 -0.292500000000000     
     10     12      7     12 -0.731900000000000     
      8     12      8     12  -2.89770000000000     
     11     12      8     12  -1.46380000000000     
      7      8      9     12  -2.52698750392637     
      8     10      9     12 -0.731900000000000     
      7     11      9     12 -0.731900000000000     
     10     11      9     12  0.956750000000000     
      9     12      9     12  -2.81945000000000     
      8     11     10     12  -1.26768798605966     
      7     12     10     12 -0.731900000000000     
     10     12     10     12  -1.86270000000000     
      8     12     11     12  -1.46380000000000     
     11     12     11     12  -1.86270000000000     
