      1      2      1      2  -1.25950000000000     
      2      4      1      2  0.000000000000000E+000
      1      5      1      2  0.000000000000000E+000
      4      5      1      2   2.17329269197685     
      3      6      1      2  -2.17329269197685     
      1      3      1      3  -2.44210000000000     
      3      4      1      3 -0.809800000000000     
      2      3      2      3 -0.477850000000000     
      1      4      2      3  -1.13406026625572     
      3      5      2      3 -0.404900000000000     
      2      3      1      4  -1.13406026625572     
      1      4      1      4  -1.78735000000000     
      3      5      1      4 -0.701307371984639     
      1      2      2      4  0.000000000000000E+000
      2      4      2      4  -1.13260000000000     
      1      5      2      4  -1.30950000000000     
      4      5      2      4 -0.404900000000000     
      3      6      2      4 -0.404900000000000     
      1      3      3      4 -0.809800000000000     
      3      4      3      4  -1.86950000000000     
      1      2      1      5  0.000000000000000E+000
      2      4      1      5  -1.30950000000000     
      1      5      1      5  -1.13260000000000     
      4      5      1      5 -0.404900000000000     
      3      6      1      5 -0.404900000000000     
      2      5      2      5  -1.78735000000000     
      1      6      2      5  -1.13406026625572     
      4      6      2      5 -0.701307371984639     
      2      3      3      5 -0.404900000000000     
      1      4      3      5 -0.701307371984639     
      3      5      3      5  -1.86950000000000     
      1      2      4      5   2.17329269197685     
      2      4      4      5 -0.404900000000000     
      1      5      4      5 -0.404900000000000     
      4      5      4      5  -2.65115000000000     
      3      6      4      5  0.781650000000000     
      2      5      1      6  -1.13406026625572     
      1      6      1      6 -0.477850000000000     
      4      6      1      6 -0.404900000000000     
      2      6      2      6  -2.44210000000000     
      5      6      2      6 -0.809800000000000     
      1      2      3      6  -2.17329269197685     
      2      4      3      6 -0.404900000000000     
      1      5      3      6 -0.404900000000000     
      4      5      3      6  0.781650000000000     
      3      6      3      6  -2.65115000000000     
      2      5      4      6 -0.701307371984639     
      1      6      4      6 -0.404900000000000     
      4      6      4      6  -1.86950000000000     
      2      6      5      6 -0.809800000000000     
      5      6      5      6  -1.86950000000000     
      1      7      1      7  -6.99850000000000     
      4      7      1      7  0.552533238819168     
      3      8      1      7 -0.957015642505388     
      2      9      1      7 -0.957015642505388     
      5      9      1      7   2.89652120085457     
      1     10      1      7  0.552533238819168     
      4     10      1      7  -3.34461459005369     
      3     11      1      7   2.89652120085457     
      2      7      2      7  -4.12900000000000     
      5      7      2      7  0.552533238819168     
      1      8      2      7  -2.86950000000000     
      4      8      2      7 -0.552533238819168     
      6      9      2      7   1.42181459655184     
      2     10      2      7 -0.552533238819168     
      5     10      2      7  0.250492698475005     
      1     11      2      7  0.552533238819168     
      4     11      2      7  -1.92279999350185     
      3     12      2      7   3.59510728852869     
      3      7      3      7  -5.94715000000000     
      1      9      3      7  -3.50505000000000     
      4      9      3      7 -0.404900000000000     
      3     10      3      7  0.404900000000000     
      1      7      4      7  0.552533238819168     
      4      7      4      7  -5.86987500000000     
      3      8      4      7 -0.133844226154884     
      2      9      4      7   1.00021604010084     
      5      9      4      7   1.21896963964189     
      1     10      4      7  -4.08252500000000     
      4     10      4      7  -1.81244489916246     
      3     11      4      7   1.92027701162653     
      2      7      5      7  0.552533238819168     
      5      7      5      7  -5.79260000000000     
      1      8      5      7  0.552533238819168     
      4      8      5      7 -0.154549999999999     
      6      9      5      7   2.51621734874368     
      2     10      5      7   1.15495000000000     
      5     10      5      7  -1.10867244958123     
      1     11      5      7  -4.66000000000000     
      4     11      5      7 -0.703772449581228     
      3     12      5      7   2.92111734874368     
      6      7      6      7  -5.71532500000000     
      2      8      6      7  0.957015642505388     
      5      8      6      7 -0.133844226154884     
      6     10      6      7   2.51621734874368     
      2     11      6      7   1.00021604010084     
      5     11      6      7  -3.13924665126842     
      1     12      6      7  -5.23747500000000     
      4     12      6      7   2.92111734874368     
      2      7      1      8  -2.86950000000000     
      5      7      1      8  0.552533238819168     
      1      8      1      8  -4.12900000000000     
      4      8      1      8 -0.552533238819168     
      6      9      1      8   3.59510728852869     
      2     10      1      8 -0.552533238819168     
      5     10      1      8  -1.92279999350185     
      1     11      1      8  0.552533238819168     
      4     11      1      8  0.250492698475005     
      3     12      1      8   1.42181459655184     
      6      7      2      8  0.957015642505388     
      2      8      2      8  -6.99850000000000     
      5      8      2      8 -0.552533238819168     
      6     10      2      8   2.89652120085457     
      2     11      2      8 -0.552533238819168     
      5     11      2      8  -3.34461459005369     
      1     12      2      8  0.957015642505388     
      4     12      2      8   2.89652120085457     
      1      7      3      8 -0.957015642505388     
      4      7      3      8 -0.133844226154884     
      3      8      3      8  -5.71532500000000     
      2      9      3      8  -5.23747500000000     
      5      9      3      8  -2.92111734874368     
      1     10      3      8   1.00021604010084     
      4     10      3      8   3.13924665126842     
      3     11      3      8  -2.51621734874368     
      2      7      4      8 -0.552533238819168     
      5      7      4      8 -0.154549999999999     
      1      8      4      8 -0.552533238819168     
      4      8      4      8  -5.79260000000000     
      6      9      4      8  -2.92111734874368     
      2     10      4      8  -4.66000000000000     
      5     10      4      8  0.703772449581228     
      1     11      4      8   1.15495000000000     
      4     11      4      8   1.10867244958123     
      3     12      4      8  -2.51621734874368     
      6      7      5      8 -0.133844226154884     
      2      8      5      8 -0.552533238819168     
      5      8      5      8  -5.86987500000000     
      6     10      5      8  -1.92027701162653     
      2     11      5      8  -4.08252500000000     
      5     11      5      8   1.81244489916246     
      1     12      5      8   1.00021604010084     
      4     12      5      8  -1.21896963964189     
      6      8      6      8  -5.94715000000000     
      6     11      6      8 -0.404900000000000     
      2     12      6      8  -3.50505000000000     
      5     12      6      8  0.404900000000000     
      7      8      7      8  -1.25950000000000     
      8     10      7      8  0.000000000000000E+000
      7     11      7      8  0.000000000000000E+000
     10     11      7      8   2.17329269197685     
      9     12      7      8  -2.17329269197685     
      3      7      1      9  -3.50505000000000     
      1      9      1      9  -5.94715000000000     
      4      9      1      9  0.404900000000000     
      3     10      1      9 -0.404900000000000     
      1      7      2      9 -0.957015642505388     
      4      7      2      9   1.00021604010084     
      3      8      2      9  -5.23747500000000     
      2      9      2      9  -5.71532500000000     
      5      9      2      9  -2.51621734874368     
      1     10      2      9 -0.133844226154884     
      4     10      2      9   3.13924665126842     
      3     11      2      9  -2.92111734874368     
      3      9      3      9  -9.45220000000000     
      3      7      4      9 -0.404900000000000     
      1      9      4      9  0.404900000000000     
      4      9      4      9  -5.66085000000000     
      3     10      4      9  -3.79135000000000     
      1      7      5      9   2.89652120085457     
      4      7      5      9   1.21896963964189     
      3      8      5      9  -2.92111734874368     
      2      9      5      9  -2.51621734874368     
      5      9      5      9  -4.48878000000000     
      1     10      5      9   1.92027701162653     
      4     10      5      9  -1.35338986001817     
      3     11      5      9  -2.61928000000000     
      2      7      6      9   1.42181459655184     
      5      7      6      9   2.51621734874368     
      1      8      6      9   3.59510728852869     
      4      8      6      9  -2.92111734874368     
      6      9      6      9  -4.29357000000000     
      2     10      6      9  -2.51621734874368     
      5     10      6      9 -0.195209999999998     
      1     11      6      9   2.92111734874368     
      4     11      6      9 -0.976859999999998     
      3     12      6      9  -1.64242000000000     
      7      9      7      9  -2.44210000000000     
      9     10      7      9 -0.809800000000000     
      8      9      8      9 -0.477850000000000     
      7     10      8      9  -1.13406026625572     
      9     11      8      9 -0.404900000000000     
      1      7      1     10  0.552533238819168     
      4      7      1     10  -4.08252500000000     
      3      8      1     10   1.00021604010084     
      2      9      1     10 -0.133844226154884     
      5      9      1     10   1.92027701162653     
      1     10      1     10  -5.86987500000000     
      4     10      1     10  -1.81244489916246     
      3     11      1     10   1.21896963964189     
      2      7      2     10 -0.552533238819168     
      5      7      2     10   1.15495000000000     
      1      8      2     10 -0.552533238819168     
      4      8      2     10  -4.66000000000000     
      6      9      2     10  -2.51621734874368     
      2     10      2     10  -5.79260000000000     
      5     10      2     10   1.10867244958123     
      1     11      2     10 -0.154549999999999     
      4     11      2     10  0.703772449581228     
      3     12      2     10  -2.92111734874368     
      3      7      3     10  0.404900000000000     
      1      9      3     10 -0.404900000000000     
      4      9      3     10  -3.79135000000000     
      3     10      3     10  -5.66084999999999     
      1      7      4     10  -3.34461459005369     
      4      7      4     10  -1.81244489916246     
      3      8      4     10   3.13924665126842     
      2      9      4     10   3.13924665126842     
      5      9      4     10  -1.35338986001816     
      1     10      4     10  -1.81244489916246     
      4     10      4     10  -7.88944000000000     
      3     11      4     10  -1.35338986001816     
      2      7      5     10  0.250492698475005     
      5      7      5     10  -1.10867244958123     
      1      8      5     10  -1.92279999350185     
      4      8      5     10  0.703772449581228     
      6      9      5     10 -0.195209999999998     
      2     10      5     10   1.10867244958123     
      5     10      5     10  -5.85633000000000     
      1     11      5     10 -0.703772449581228     
      4     11      5     10  -3.20518000000000     
      3     12      5     10 -0.976859999999998     
      6      7      6     10   2.51621734874368     
      2      8      6     10   2.89652120085457     
      5      8      6     10  -1.92027701162653     
      6     10      6     10  -4.48878000000000     
      2     11      6     10  -1.21896963964189     
      5     11      6     10  -1.35338986001817     
      1     12      6     10   2.92111734874368     
      4     12      6     10  -2.61928000000000     
      8      9      7     10  -1.13406026625572     
      7     10      7     10  -1.78735000000000     
      9     11      7     10 -0.701307371984639     
      7      8      8     10  0.000000000000000E+000
      8     10      8     10  -1.13260000000000     
      7     11      8     10  -1.30950000000000     
     10     11      8     10 -0.404900000000000     
      9     12      8     10 -0.404900000000000     
      7      9      9     10 -0.809800000000000     
      9     10      9     10  -1.86950000000000     
      2      7      1     11  0.552533238819168     
      5      7      1     11  -4.66000000000000     
      1      8      1     11  0.552533238819168     
      4      8      1     11   1.15495000000000     
      6      9      1     11   2.92111734874368     
      2     10      1     11 -0.154549999999999     
      5     10      1     11 -0.703772449581228     
      1     11      1     11  -5.79260000000000     
      4     11      1     11  -1.10867244958123     
      3     12      1     11   2.51621734874368     
      6      7      2     11   1.00021604010084     
      2      8      2     11 -0.552533238819168     
      5      8      2     11  -4.08252500000000     
      6     10      2     11  -1.21896963964189     
      2     11      2     11  -5.86987500000000     
      5     11      2     11   1.81244489916246     
      1     12      2     11 -0.133844226154884     
      4     12      2     11  -1.92027701162653     
      1      7      3     11   2.89652120085457     
      4      7      3     11   1.92027701162653     
      3      8      3     11  -2.51621734874368     
      2      9      3     11  -2.92111734874368     
      5      9      3     11  -2.61928000000000     
      1     10      3     11   1.21896963964189     
      4     10      3     11  -1.35338986001817     
      3     11      3     11  -4.48878000000000     
      2      7      4     11  -1.92279999350185     
      5      7      4     11 -0.703772449581228     
      1      8      4     11  0.250492698475005     
      4      8      4     11   1.10867244958123     
      6      9      4     11 -0.976859999999998     
      2     10      4     11  0.703772449581228     
      5     10      4     11  -3.20518000000000     
      1     11      4     11  -1.10867244958123     
      4     11      4     11  -5.85633000000000     
      3     12      4     11 -0.195209999999998     
      6      7      5     11  -3.13924665126842     
      2      8      5     11  -3.34461459005369     
      5      8      5     11   1.81244489916246     
      6     10      5     11  -1.35338986001816     
      2     11      5     11   1.81244489916246     
      5     11      5     11  -7.88944000000000     
      1     12      5     11  -3.13924665126842     
      4     12      5     11  -1.35338986001816     
      6      8      6     11 -0.404900000000000     
      6     11      6     11  -5.66085000000000     
      2     12      6     11  0.404900000000000     
      5     12      6     11  -3.79135000000000     
      7      8      7     11  0.000000000000000E+000
      8     10      7     11  -1.30950000000000     
      7     11      7     11  -1.13260000000000     
     10     11      7     11 -0.404900000000000     
      9     12      7     11 -0.404900000000000     
      8     11      8     11  -1.78735000000000     
      7     12      8     11  -1.13406026625572     
     10     12      8     11 -0.701307371984639     
      8      9      9     11 -0.404900000000000     
      7     10      9     11 -0.701307371984639     
      9     11      9     11  -1.86950000000000     
      7      8     10     11   2.17329269197685     
      8     10     10     11 -0.404900000000000     
      7     11     10     11 -0.404900000000000     
     10     11     10     11  -2.65115000000000     
      9     12     10     11  0.781650000000000     
      6      7      1     12  -5.23747500000000     
      2      8      1     12  0.957015642505388     
      5      8      1     12   1.00021604010084     
      6     10      1     12   2.92111734874368     
      2     11      1     12 -0.133844226154884     
      5     11      1     12  -3.13924665126842     
      1     12      1     12  -5.71532500000000     
      4     12      1     12   2.51621734874368     
      6      8      2     12  -3.50505000000000     
      6     11      2     12  0.404900000000000     
      2     12      2     12  -5.94715000000000     
      5     12      2     12 -0.404900000000000     
      2      7      3     12   3.59510728852869     
      5      7      3     12   2.92111734874368     
      1      8      3     12   1.42181459655184     
      4      8      3     12  -2.51621734874368     
      6      9      3     12  -1.64242000000000     
      2     10      3     12  -2.92111734874368     
      5     10      3     12 -0.976859999999998     
      1     11      3     12   2.51621734874368     
      4     11      3     12 -0.195209999999998     
      3     12      3     12  -4.29357000000000     
      6      7      4     12   2.92111734874368     
      2      8      4     12   2.89652120085457     
      5      8      4     12  -1.21896963964189     
      6     10      4     12  -2.61928000000000     
      2     11      4     12  -1.92027701162653     
      5     11      4     12  -1.35338986001817     
      1     12      4     12   2.51621734874368     
      4     12      4     12  -4.48878000000000     
      6      8      5     12  0.404900000000000     
      6     11      5     12  -3.79135000000000     
      2     12      5     12 -0.404900000000000     
      5     12      5     12  -5.66084999999999     
      6     12      6     12  -9.45220000000000     
      8     11      7     12  -1.13406026625572     
      7     12      7     12 -0.477850000000000     
     10     12      7     12 -0.404900000000000     
      8     12      8     12  -2.44210000000000     
     11     12      8     12 -0.809800000000000     
      7      8      9     12  -2.17329269197685     
      8     10      9     12 -0.404900000000000     
      7     11      9     12 -0.404900000000000     
     10     11      9     12  0.781650000000000     
      9     12      9     12  -2.65115000000000     
      8     11     10     12 -0.701307371984639     
      7     12     10     12 -0.404900000000000     
     10     12     10     12  -1.86950000000000     
      8     12     11     12 -0.809800000000000     
     11     12     11     12  -1.86950000000000     
