      1      1      1      1           2           0   4.97011979231889     
      1      1      1      1           0           0  -11.1275000000000     
      1      1      1      2           2           0  -1.91403128501078     
      1      1      2      1           2           0  -1.91403128501078     
      1      1      2      2           4           0  -8.03890428355511     
      1      1      2      2           2           0   5.35917632102540     
      1      2      1      1           2           0   1.91403128501078     
      1      2      1      2           2           0  0.423252606312119     
      1      2      1      2           0           0  -16.4932303158372     
      1      2      2      1           4           0   11.7113501304557     
      1      2      2      1           2           0  -5.07070864296845     
      1      2      2      2           4           0   9.23738413466243     
      1      2      2      2           2           0   3.85472045986305     
      2      1      1      1           2           0   1.91403128501078     
      2      1      1      2           4           0   11.7113501304557     
      2      1      1      2           2           0  -5.07070864296845     
      2      1      2      1           2           0  0.423252606312119     
      2      1      2      1           0           0  -16.4932303158372     
      2      1      2      2           4           0   9.23738413466243     
      2      1      2      2           2           0   3.85472045986305     
      2      2      1      1           4           0  -8.03890428355511     
      2      2      1      1           2           0   5.35917632102540     
      2      2      1      2           4           0  -9.23738413466243     
      2      2      1      2           2           0  -3.85472045986305     
      2      2      2      1           4           0  -9.23738413466243     
      2      2      2      1           2           0  -3.85472045986305     
      2      2      2      2           6           0   4.34543486831871     
      2      2      2      2           4           0  -8.04121349660610     
      2      2      2      2           2           0   9.61170418745812     
      2      2      2      2           0           0  -23.8954000000000     
      1      1      1      1           2           0   4.97011979231889     
      1      1      1      1           0           0  -11.1275000000000     
      1      1      1      2           2           0  -1.91403128501078     
      1      1      2      1           2           0  -1.91403128501078     
      1      1      2      2           4           0  -8.03890428355511     
      1      1      2      2           2           0   5.35917632102540     
      1      2      1      1           2           0   1.91403128501078     
      1      2      1      2           2           0  0.423252606312119     
      1      2      1      2           0           0  -16.4932303158372     
      1      2      2      1           4           0   11.7113501304557     
      1      2      2      1           2           0  -5.07070864296845     
      1      2      2      2           4           0   9.23738413466243     
      1      2      2      2           2           0   3.85472045986305     
      2      1      1      1           2           0   1.91403128501078     
      2      1      1      2           4           0   11.7113501304557     
      2      1      1      2           2           0  -5.07070864296845     
      2      1      2      1           2           0  0.423252606312119     
      2      1      2      1           0           0  -16.4932303158372     
      2      1      2      2           4           0   9.23738413466243     
      2      1      2      2           2           0   3.85472045986305     
      2      2      1      1           4           0  -8.03890428355511     
      2      2      1      1           2           0   5.35917632102540     
      2      2      1      2           4           0  -9.23738413466243     
      2      2      1      2           2           0  -3.85472045986305     
      2      2      2      1           4           0  -9.23738413466243     
      2      2      2      1           2           0  -3.85472045986305     
      2      2      2      2           6           0   4.34543486831871     
      2      2      2      2           4           0  -8.04121349660610     
      2      2      2      2           2           0   9.61170418745812     
      2      2      2      2           0           0  -23.8954000000000     
          60           6
   1   1   3   3   0   0   0   0-11.1275   1   1
   1   1   3   3   2   0   0   0  4.9701   1   1
   1   1   3   4   2   0   0   0 -1.9140   1   1
   1   1   4   3   2   0   0   0  1.9140   1   1
   1   1   4   4   0   0   0   0-16.4932   1   1
   1   1   4   4   2   0   0   0  0.4233   1   1
   1   2   3   3   2   0   0   0 -1.9140   1   1
   1   2   3   4   2   0   0   0  5.3592   1   1
   1   2   3   4   4   0   0   0 -8.0389   1   1
   1   2   4   3   2   0   0   0 -5.0707   1   1
   1   2   4   3   4   0   0   0 11.7114   1   1
   1   2   4   4   2   0   0   0  3.8547   1   1
   1   2   4   4   4   0   0   0  9.2374   1   1
   2   1   3   3   2   0   0   0  1.9140   1   1
   2   1   3   4   2   0   0   0 -5.0707   1   1
   2   1   3   4   4   0   0   0 11.7114   1   1
   2   1   4   3   2   0   0   0  5.3592   1   1
   2   1   4   3   4   0   0   0 -8.0389   1   1
   2   1   4   4   2   0   0   0 -3.8547   1   1
   2   1   4   4   4   0   0   0 -9.2374   1   1
   2   2   3   3   0   0   0   0-16.4932   1   1
   2   2   3   3   2   0   0   0  0.4233   1   1
   2   2   3   4   2   0   0   0  3.8547   1   1
   2   2   3   4   4   0   0   0  9.2374   1   1
   2   2   4   3   2   0   0   0 -3.8547   1   1
   2   2   4   3   4   0   0   0 -9.2374   1   1
   2   2   4   4   0   0   0   0-23.8954   1   1
   2   2   4   4   2   0   0   0  9.6117   1   1
   2   2   4   4   4   0   0   0 -8.0412   1   1
   2   2   4   4   6   0   0   0  4.3454   1   1
   3   3   1   1   0   0   0   0-11.1275   1   1
   3   3   1   1   2   0   0   0  4.9701   1   1
   3   3   1   2   2   0   0   0 -1.9140   1   1
   3   3   2   1   2   0   0   0  1.9140   1   1
   3   3   2   2   0   0   0   0-16.4932   1   1
   3   3   2   2   2   0   0   0  0.4233   1   1
   3   4   1   1   2   0   0   0 -1.9140   1   1
   3   4   1   2   2   0   0   0  5.3592   1   1
   3   4   1   2   4   0   0   0 -8.0389   1   1
   3   4   2   1   2   0   0   0 -5.0707   1   1
   3   4   2   1   4   0   0   0 11.7114   1   1
   3   4   2   2   2   0   0   0  3.8547   1   1
   3   4   2   2   4   0   0   0  9.2374   1   1
   4   3   1   1   2   0   0   0  1.9140   1   1
   4   3   1   2   2   0   0   0 -5.0707   1   1
   4   3   1   2   4   0   0   0 11.7114   1   1
   4   3   2   1   2   0   0   0  5.3592   1   1
   4   3   2   1   4   0   0   0 -8.0389   1   1
   4   3   2   2   2   0   0   0 -3.8547   1   1
   4   3   2   2   4   0   0   0 -9.2374   1   1
   4   4   1   1   0   0   0   0-16.4932   1   1
   4   4   1   1   2   0   0   0  0.4233   1   1
   4   4   1   2   2   0   0   0  3.8547   1   1
   4   4   1   2   4   0   0   0  9.2374   1   1
   4   4   2   1   2   0   0   0 -3.8547   1   1
   4   4   2   1   4   0   0   0 -9.2374   1   1
   4   4   2   2   0   0   0   0-23.8954   1   1
   4   4   2   2   2   0   0   0  9.6117   1   1
   4   4   2   2   4   0   0   0 -8.0412   1   1
   4   4   2   2   6   0   0   0  4.3454   1   1
