 ! Total Interaction
  20
   1   1   1   1     1     0  -6.9985
   1   2   1   1     1     0  -1.5628
   2   2   1   1     1     0   5.2883
   1   1   1   2     1     0  -1.5628
   1   2   1   2     1     0 -11.4530
   2   2   1   2     1     0  -8.1055
   1   1   2   2     1     0   5.2883
   1   2   2   2     1     0  -8.1055
   2   2   2   2     1     0  -5.5453
   1   2   1   2     2     0  -9.4522
   2   2   2   2     3     0  -9.4522
   1   1   1   1     0     1  -1.2595
   2   2   1   1     0     1  -3.0735
   1   1   2   2     0     1  -3.0735
   2   2   2   2     0     1  -3.4328
   1   2   1   2     1     1   0.1769
   1   2   1   2     2     1  -2.4421
   2   2   1   2     2     1   0.8098
   1   2   2   2     2     1   0.8098
   2   2   2   2     2     1  -1.8695
