      1      2      1      2  -1.27040000000000     
      2      4      1      2  0.000000000000000E+000
      1      5      1      2  0.000000000000000E+000
      4      5      1      2   2.46469139650383     
      3      6      1      2  -2.46469139650383     
      1      3      1      3  -2.82190000000000     
      3      4      1      3  -1.43160000000000     
      2      3      2      3 -0.307675000000000     
      1      4      2      3  -1.45158848055329     
      3      5      2      3 -0.715800000000000     
      2      3      1      4  -1.45158848055329     
      1      4      1      4  -1.98382500000000     
      3      5      1      4  -1.23980196805780     
      1      2      2      4  0.000000000000000E+000
      2      4      2      4  -1.14575000000000     
      1      5      2      4  -1.67615000000000     
      4      5      2      4 -0.715800000000000     
      3      6      2      4 -0.715800000000000     
      1      3      3      4  -1.43160000000000     
      3      4      3      4  -1.80960000000000     
      1      2      1      5  0.000000000000000E+000
      2      4      1      5  -1.67615000000000     
      1      5      1      5  -1.14575000000000     
      4      5      1      5 -0.715800000000000     
      3      6      1      5 -0.715800000000000     
      2      5      2      5  -1.98382500000000     
      1      6      2      5  -1.45158848055329     
      4      6      2      5  -1.23980196805780     
      2      3      3      5 -0.715800000000000     
      1      4      3      5  -1.23980196805780     
      3      5      3      5  -1.80960000000000     
      1      2      4      5   2.46469139650383     
      2      4      4      5 -0.715800000000000     
      1      5      4      5 -0.715800000000000     
      4      5      4      5  -2.77235000000000     
      3      6      4      5  0.962750000000000     
      2      5      1      6  -1.45158848055329     
      1      6      1      6 -0.307675000000000     
      4      6      1      6 -0.715800000000000     
      2      6      2      6  -2.82190000000000     
      5      6      2      6  -1.43160000000000     
      1      2      3      6  -2.46469139650383     
      2      4      3      6 -0.715800000000000     
      1      5      3      6 -0.715800000000000     
      4      5      3      6  0.962750000000000     
      3      6      3      6  -2.77235000000000     
      2      5      4      6  -1.23980196805780     
      1      6      4      6 -0.715800000000000     
      4      6      4      6  -1.80960000000000     
      2      6      5      6  -1.43160000000000     
      5      6      5      6  -1.80960000000000     
      1      7      1      7  -7.69250000000000     
      4      7      1      7  0.115505892706823     
      3      8      1      7 -0.200062074741816     
      2      9      1      7 -0.200062074741816     
      5      9      1      7   2.04032129896249     
      1     10      1      7  0.115505892706823     
      4     10      1      7  -2.35596010237865     
      3     11      1      7   2.04032129896249     
      2      7      2      7  -4.48145000000000     
      5      7      2      7  0.115505892706823     
      1      8      2      7  -3.21105000000000     
      4      8      2      7 -0.115505892706823     
      6      9      2      7  0.534624378532070     
      2     10      2      7 -0.115505892706823     
      5     10      2      7  0.643355672657253     
      1     11      2      7  0.115505892706823     
      4     11      2      7  -1.82133572384658     
      3     12      2      7   2.99931577503590     
      3      7      3      7  -5.92785000000000     
      1      9      3      7  -3.10595000000000     
      4      9      3      7 -0.715800000000000     
      3     10      3      7  0.715800000000000     
      1      7      4      7  0.115505892706823     
      4      7      4      7  -5.97530000000000     
      3      8      4      7  8.218581081914489E-002
      2      9      4      7   1.53377429137243     
      5      9      4      7  0.722784882434287     
      1     10      4      7  -3.99147500000000     
      4     10      4      7  -1.55040009287926     
      3     11      4      7   1.96258685049209     
      2      7      5      7  0.115505892706823     
      5      7      5      7  -6.02275000000000     
      1      8      5      7  0.115505892706823     
      4      8      5      7  9.490000000000143E-002
      6      9      5      7   1.96770013931888     
      2     10      5      7   1.77105000000000     
      5     10      5      7  -1.13310004643963     
      1     11      5      7  -4.87700000000000     
      4     11      5      7 -0.417300046439628     
      3     12      5      7   2.68350013931888     
      6      7      6      7  -6.07020000000000     
      2      8      6      7  0.200062074741816     
      5      8      6      7  8.218581081914489E-002
      6     10      6      7   1.96770013931888     
      2     11      6      7   1.53377429137243     
      5     11      6      7  -2.68537173292638     
      1     12      6      7  -5.76252500000000     
      4     12      6      7   2.68350013931888     
      2      7      1      8  -3.21105000000000     
      5      7      1      8  0.115505892706823     
      1      8      1      8  -4.48145000000000     
      4      8      1      8 -0.115505892706823     
      6      9      1      8   2.99931577503590     
      2     10      1      8 -0.115505892706823     
      5     10      1      8  -1.82133572384658     
      1     11      1      8  0.115505892706823     
      4     11      1      8  0.643355672657253     
      3     12      1      8  0.534624378532070     
      6      7      2      8  0.200062074741816     
      2      8      2      8  -7.69250000000000     
      5      8      2      8 -0.115505892706823     
      6     10      2      8   2.04032129896249     
      2     11      2      8 -0.115505892706823     
      5     11      2      8  -2.35596010237865     
      1     12      2      8  0.200062074741816     
      4     12      2      8   2.04032129896249     
      1      7      3      8 -0.200062074741816     
      4      7      3      8  8.218581081914489E-002
      3      8      3      8  -6.07020000000000     
      2      9      3      8  -5.76252500000000     
      5      9      3      8  -2.68350013931888     
      1     10      3      8   1.53377429137243     
      4     10      3      8   2.68537173292638     
      3     11      3      8  -1.96770013931888     
      2      7      4      8 -0.115505892706823     
      5      7      4      8  9.490000000000143E-002
      1      8      4      8 -0.115505892706823     
      4      8      4      8  -6.02275000000000     
      6      9      4      8  -2.68350013931888     
      2     10      4      8  -4.87700000000000     
      5     10      4      8  0.417300046439628     
      1     11      4      8   1.77105000000000     
      4     11      4      8   1.13310004643963     
      3     12      4      8  -1.96770013931888     
      6      7      5      8  8.218581081914489E-002
      2      8      5      8 -0.115505892706823     
      5      8      5      8  -5.97530000000000     
      6     10      5      8  -1.96258685049209     
      2     11      5      8  -3.99147500000000     
      5     11      5      8   1.55040009287926     
      1     12      5      8   1.53377429137243     
      4     12      5      8 -0.722784882434287     
      6      8      6      8  -5.92785000000000     
      6     11      6      8 -0.715800000000000     
      2     12      6      8  -3.10595000000000     
      5     12      6      8  0.715800000000000     
      7      8      7      8  -1.27040000000000     
      8     10      7      8  0.000000000000000E+000
      7     11      7      8  0.000000000000000E+000
     10     11      7      8   2.46469139650383     
      9     12      7      8  -2.46469139650383     
      3      7      1      9  -3.10595000000000     
      1      9      1      9  -5.92785000000000     
      4      9      1      9  0.715800000000000     
      3     10      1      9 -0.715800000000000     
      1      7      2      9 -0.200062074741816     
      4      7      2      9   1.53377429137243     
      3      8      2      9  -5.76252500000000     
      2      9      2      9  -6.07020000000000     
      5      9      2      9  -1.96770013931888     
      1     10      2      9  8.218581081914489E-002
      4     10      2      9   2.68537173292638     
      3     11      2      9  -2.68350013931888     
      3      9      3      9  -9.03380000000000     
      3      7      4      9 -0.715800000000000     
      1      9      4      9  0.715800000000000     
      4      9      4      9  -5.42170000000000     
      3     10      4      9  -3.61209999999999     
      1      7      5      9   2.04032129896249     
      4      7      5      9  0.722784882434287     
      3      8      5      9  -2.68350013931888     
      2      9      5      9  -1.96770013931888     
      5      9      5      9  -5.17669000000000     
      1     10      5      9   1.96258685049209     
      4     10      5      9 -0.282913178908295     
      3     11      5      9  -3.36709000000000     
      2      7      6      9  0.534624378532070     
      5      7      6      9   1.96770013931888     
      1      8      6      9   2.99931577503590     
      4      8      6      9  -2.68350013931888     
      6      9      6      9  -5.53556000000000     
      2     10      6      9  -1.96770013931888     
      5     10      6      9  0.358870000000002     
      1     11      6      9   2.68350013931888     
      4     11      6      9 -0.603879999999998     
      3     12      6      9  -2.76321000000000     
      7      9      7      9  -2.82190000000000     
      9     10      7      9  -1.43160000000000     
      8      9      8      9 -0.307675000000000     
      7     10      8      9  -1.45158848055329     
      9     11      8      9 -0.715800000000000     
      1      7      1     10  0.115505892706823     
      4      7      1     10  -3.99147500000000     
      3      8      1     10   1.53377429137243     
      2      9      1     10  8.218581081914489E-002
      5      9      1     10   1.96258685049209     
      1     10      1     10  -5.97530000000000     
      4     10      1     10  -1.55040009287926     
      3     11      1     10  0.722784882434287     
      2      7      2     10 -0.115505892706823     
      5      7      2     10   1.77105000000000     
      1      8      2     10 -0.115505892706823     
      4      8      2     10  -4.87700000000000     
      6      9      2     10  -1.96770013931888     
      2     10      2     10  -6.02275000000000     
      5     10      2     10   1.13310004643963     
      1     11      2     10  9.490000000000143E-002
      4     11      2     10  0.417300046439628     
      3     12      2     10  -2.68350013931888     
      3      7      3     10  0.715800000000000     
      1      9      3     10 -0.715800000000000     
      4      9      3     10  -3.61209999999999     
      3     10      3     10  -5.42169999999999     
      1      7      4     10  -2.35596010237865     
      4      7      4     10  -1.55040009287926     
      3      8      4     10   2.68537173292638     
      2      9      4     10   2.68537173292638     
      5      9      4     10 -0.282913178908295     
      1     10      4     10  -1.55040009287926     
      4     10      4     10  -8.70712000000000     
      3     11      4     10 -0.282913178908295     
      2      7      5     10  0.643355672657254     
      5      7      5     10  -1.13310004643963     
      1      8      5     10  -1.82133572384658     
      4      8      5     10  0.417300046439628     
      6      9      5     10  0.358870000000002     
      2     10      5     10   1.13310004643963     
      5     10      5     10  -5.86224000000000     
      1     11      5     10 -0.417300046439628     
      4     11      5     10  -3.08989000000000     
      3     12      5     10 -0.603879999999998     
      6      7      6     10   1.96770013931888     
      2      8      6     10   2.04032129896249     
      5      8      6     10  -1.96258685049209     
      6     10      6     10  -5.17669000000000     
      2     11      6     10 -0.722784882434287     
      5     11      6     10 -0.282913178908295     
      1     12      6     10   2.68350013931888     
      4     12      6     10  -3.36709000000000     
      8      9      7     10  -1.45158848055329     
      7     10      7     10  -1.98382500000000     
      9     11      7     10  -1.23980196805780     
      7      8      8     10  0.000000000000000E+000
      8     10      8     10  -1.14575000000000     
      7     11      8     10  -1.67615000000000     
     10     11      8     10 -0.715800000000000     
      9     12      8     10 -0.715800000000000     
      7      9      9     10  -1.43160000000000     
      9     10      9     10  -1.80960000000000     
      2      7      1     11  0.115505892706823     
      5      7      1     11  -4.87700000000000     
      1      8      1     11  0.115505892706823     
      4      8      1     11   1.77105000000000     
      6      9      1     11   2.68350013931888     
      2     10      1     11  9.490000000000143E-002
      5     10      1     11 -0.417300046439628     
      1     11      1     11  -6.02275000000000     
      4     11      1     11  -1.13310004643963     
      3     12      1     11   1.96770013931888     
      6      7      2     11   1.53377429137243     
      2      8      2     11 -0.115505892706823     
      5      8      2     11  -3.99147500000000     
      6     10      2     11 -0.722784882434287     
      2     11      2     11  -5.97530000000000     
      5     11      2     11   1.55040009287926     
      1     12      2     11  8.218581081914489E-002
      4     12      2     11  -1.96258685049209     
      1      7      3     11   2.04032129896249     
      4      7      3     11   1.96258685049209     
      3      8      3     11  -1.96770013931888     
      2      9      3     11  -2.68350013931888     
      5      9      3     11  -3.36709000000000     
      1     10      3     11  0.722784882434287     
      4     10      3     11 -0.282913178908295     
      3     11      3     11  -5.17669000000000     
      2      7      4     11  -1.82133572384658     
      5      7      4     11 -0.417300046439628     
      1      8      4     11  0.643355672657254     
      4      8      4     11   1.13310004643963     
      6      9      4     11 -0.603879999999998     
      2     10      4     11  0.417300046439628     
      5     10      4     11  -3.08989000000000     
      1     11      4     11  -1.13310004643963     
      4     11      4     11  -5.86224000000000     
      3     12      4     11  0.358870000000002     
      6      7      5     11  -2.68537173292638     
      2      8      5     11  -2.35596010237865     
      5      8      5     11   1.55040009287926     
      6     10      5     11 -0.282913178908295     
      2     11      5     11   1.55040009287926     
      5     11      5     11  -8.70712000000000     
      1     12      5     11  -2.68537173292638     
      4     12      5     11 -0.282913178908295     
      6      8      6     11 -0.715800000000000     
      6     11      6     11  -5.42170000000000     
      2     12      6     11  0.715800000000000     
      5     12      6     11  -3.61209999999999     
      7      8      7     11  0.000000000000000E+000
      8     10      7     11  -1.67615000000000     
      7     11      7     11  -1.14575000000000     
     10     11      7     11 -0.715800000000000     
      9     12      7     11 -0.715800000000000     
      8     11      8     11  -1.98382500000000     
      7     12      8     11  -1.45158848055329     
     10     12      8     11  -1.23980196805780     
      8      9      9     11 -0.715800000000000     
      7     10      9     11  -1.23980196805780     
      9     11      9     11  -1.80960000000000     
      7      8     10     11   2.46469139650383     
      8     10     10     11 -0.715800000000000     
      7     11     10     11 -0.715800000000000     
     10     11     10     11  -2.77235000000000     
      9     12     10     11  0.962750000000000     
      6      7      1     12  -5.76252500000000     
      2      8      1     12  0.200062074741816     
      5      8      1     12   1.53377429137243     
      6     10      1     12   2.68350013931888     
      2     11      1     12  8.218581081914489E-002
      5     11      1     12  -2.68537173292638     
      1     12      1     12  -6.07020000000000     
      4     12      1     12   1.96770013931888     
      6      8      2     12  -3.10595000000000     
      6     11      2     12  0.715800000000000     
      2     12      2     12  -5.92785000000000     
      5     12      2     12 -0.715800000000000     
      2      7      3     12   2.99931577503590     
      5      7      3     12   2.68350013931888     
      1      8      3     12  0.534624378532070     
      4      8      3     12  -1.96770013931888     
      6      9      3     12  -2.76321000000000     
      2     10      3     12  -2.68350013931888     
      5     10      3     12 -0.603879999999998     
      1     11      3     12   1.96770013931888     
      4     11      3     12  0.358870000000002     
      3     12      3     12  -5.53556000000000     
      6      7      4     12   2.68350013931888     
      2      8      4     12   2.04032129896249     
      5      8      4     12 -0.722784882434287     
      6     10      4     12  -3.36709000000000     
      2     11      4     12  -1.96258685049209     
      5     11      4     12 -0.282913178908295     
      1     12      4     12   1.96770013931888     
      4     12      4     12  -5.17669000000000     
      6      8      5     12  0.715800000000000     
      6     11      5     12  -3.61209999999999     
      2     12      5     12 -0.715800000000000     
      5     12      5     12  -5.42169999999999     
      6     12      6     12  -9.03380000000000     
      8     11      7     12  -1.45158848055329     
      7     12      7     12 -0.307675000000000     
     10     12      7     12 -0.715800000000000     
      8     12      8     12  -2.82190000000000     
     11     12      8     12  -1.43160000000000     
      7      8      9     12  -2.46469139650383     
      8     10      9     12 -0.715800000000000     
      7     11      9     12 -0.715800000000000     
     10     11      9     12  0.962750000000000     
      9     12      9     12  -2.77235000000000     
      8     11     10     12  -1.23980196805780     
      7     12     10     12 -0.715800000000000     
     10     12     10     12  -1.80960000000000     
      8     12     11     12  -1.43160000000000     
     11     12     11     12  -1.80960000000000     
