 ! Total Interaction
  20
   1   1   1   1     1     0  -7.6925
   1   2   1   1     1     0  -0.3267
   2   2   1   1     1     0   3.7251
   1   1   1   2     1     0  -0.3267
   1   2   1   2     1     0 -12.7657
   2   2   1   2     1     0  -6.9336
   1   1   2   2     1     0   3.7251
   1   2   2   2     1     0  -6.9336
   2   2   2   2     1     0  -8.2171
   1   2   1   2     2     0  -9.0338
   2   2   2   2     3     0  -9.0338
   1   1   1   1     0     1  -1.2704
   2   2   1   1     0     1  -3.4856
   1   1   2   2     0     1  -3.4856
   2   2   2   2     0     1  -3.7351
   1   2   1   2     1     1   0.5304
   1   2   1   2     2     1  -2.8219
   2   2   1   2     2     1   1.4316
   1   2   2   2     2     1   1.4316
   2   2   2   2     2     1  -1.8096
