      1      1      1      1           2           0   5.56170174564404     
      1      1      1      1           0           0  -12.1739500000000     
      1      1      1      2           2           0 -0.400124149483632     
      1      1      2      1           2           0 -0.400124149483632     
      1      1      2      2           4           0  -6.70667395896774     
      1      1      2      2           2           0   2.96631788554497     
      1      2      1      1           2           0  0.400124149483632     
      1      2      1      2           2           0 -0.259894353536200     
      1      2      1      2           0           0  -16.9678050320305     
      1      2      2      1           4           0   12.8853976220420     
      1      2      2      1           2           0  -3.84588891439612     
      1      2      2      2           4           0   8.48597254162683     
      1      2      2      2           2           0   2.28564648682937     
      2      1      1      1           2           0  0.400124149483632     
      2      1      1      2           4           0   12.8853976220420     
      2      1      1      2           2           0  -3.84588891439612     
      2      1      2      1           2           0 -0.259894353536200     
      2      1      2      1           0           0  -16.9678050320305     
      2      1      2      2           4           0   8.48597254162683     
      2      1      2      2           2           0   2.28564648682937     
      2      2      1      1           4           0  -6.70667395896774     
      2      2      1      1           2           0   2.96631788554498     
      2      2      1      2           4           0  -8.48597254162683     
      2      2      1      2           2           0  -2.28564648682937     
      2      2      2      1           4           0  -8.48597254162683     
      2      2      2      1           2           0  -2.28564648682937     
      2      2      2      2           6           0   7.31076648024679     
      2      2      2      2           4           0  -8.87935885661234     
      2      2      2      2           2           0   6.20058600652390     
      2      2      2      2           0           0  -25.1677500000000     
      1      1      1      1           2           0   5.56170174564404     
      1      1      1      1           0           0  -12.1739500000000     
      1      1      1      2           2           0 -0.400124149483632     
      1      1      2      1           2           0 -0.400124149483632     
      1      1      2      2           4           0  -6.70667395896774     
      1      1      2      2           2           0   2.96631788554497     
      1      2      1      1           2           0  0.400124149483632     
      1      2      1      2           2           0 -0.259894353536200     
      1      2      1      2           0           0  -16.9678050320305     
      1      2      2      1           4           0   12.8853976220420     
      1      2      2      1           2           0  -3.84588891439612     
      1      2      2      2           4           0   8.48597254162683     
      1      2      2      2           2           0   2.28564648682937     
      2      1      1      1           2           0  0.400124149483632     
      2      1      1      2           4           0   12.8853976220420     
      2      1      1      2           2           0  -3.84588891439612     
      2      1      2      1           2           0 -0.259894353536200     
      2      1      2      1           0           0  -16.9678050320305     
      2      1      2      2           4           0   8.48597254162683     
      2      1      2      2           2           0   2.28564648682937     
      2      2      1      1           4           0  -6.70667395896774     
      2      2      1      1           2           0   2.96631788554498     
      2      2      1      2           4           0  -8.48597254162683     
      2      2      1      2           2           0  -2.28564648682937     
      2      2      2      1           4           0  -8.48597254162683     
      2      2      2      1           2           0  -2.28564648682937     
      2      2      2      2           6           0   7.31076648024679     
      2      2      2      2           4           0  -8.87935885661234     
      2      2      2      2           2           0   6.20058600652390     
      2      2      2      2           0           0  -25.1677500000000     
          60           6
   1   1   3   3   0   0   0   0-12.1740   1   1
   1   1   3   3   2   0   0   0  5.5617   1   1
   1   1   3   4   2   0   0   0 -0.4001   1   1
   1   1   4   3   2   0   0   0  0.4001   1   1
   1   1   4   4   0   0   0   0-16.9678   1   1
   1   1   4   4   2   0   0   0 -0.2599   1   1
   1   2   3   3   2   0   0   0 -0.4001   1   1
   1   2   3   4   2   0   0   0  2.9663   1   1
   1   2   3   4   4   0   0   0 -6.7067   1   1
   1   2   4   3   2   0   0   0 -3.8459   1   1
   1   2   4   3   4   0   0   0 12.8854   1   1
   1   2   4   4   2   0   0   0  2.2856   1   1
   1   2   4   4   4   0   0   0  8.4860   1   1
   2   1   3   3   2   0   0   0  0.4001   1   1
   2   1   3   4   2   0   0   0 -3.8459   1   1
   2   1   3   4   4   0   0   0 12.8854   1   1
   2   1   4   3   2   0   0   0  2.9663   1   1
   2   1   4   3   4   0   0   0 -6.7067   1   1
   2   1   4   4   2   0   0   0 -2.2856   1   1
   2   1   4   4   4   0   0   0 -8.4860   1   1
   2   2   3   3   0   0   0   0-16.9678   1   1
   2   2   3   3   2   0   0   0 -0.2599   1   1
   2   2   3   4   2   0   0   0  2.2856   1   1
   2   2   3   4   4   0   0   0  8.4860   1   1
   2   2   4   3   2   0   0   0 -2.2856   1   1
   2   2   4   3   4   0   0   0 -8.4860   1   1
   2   2   4   4   0   0   0   0-25.1678   1   1
   2   2   4   4   2   0   0   0  6.2006   1   1
   2   2   4   4   4   0   0   0 -8.8794   1   1
   2   2   4   4   6   0   0   0  7.3108   1   1
   3   3   1   1   0   0   0   0-12.1740   1   1
   3   3   1   1   2   0   0   0  5.5617   1   1
   3   3   1   2   2   0   0   0 -0.4001   1   1
   3   3   2   1   2   0   0   0  0.4001   1   1
   3   3   2   2   0   0   0   0-16.9678   1   1
   3   3   2   2   2   0   0   0 -0.2599   1   1
   3   4   1   1   2   0   0   0 -0.4001   1   1
   3   4   1   2   2   0   0   0  2.9663   1   1
   3   4   1   2   4   0   0   0 -6.7067   1   1
   3   4   2   1   2   0   0   0 -3.8459   1   1
   3   4   2   1   4   0   0   0 12.8854   1   1
   3   4   2   2   2   0   0   0  2.2856   1   1
   3   4   2   2   4   0   0   0  8.4860   1   1
   4   3   1   1   2   0   0   0  0.4001   1   1
   4   3   1   2   2   0   0   0 -3.8459   1   1
   4   3   1   2   4   0   0   0 12.8854   1   1
   4   3   2   1   2   0   0   0  2.9663   1   1
   4   3   2   1   4   0   0   0 -6.7067   1   1
   4   3   2   2   2   0   0   0 -2.2856   1   1
   4   3   2   2   4   0   0   0 -8.4860   1   1
   4   4   1   1   0   0   0   0-16.9678   1   1
   4   4   1   1   2   0   0   0 -0.2599   1   1
   4   4   1   2   2   0   0   0  2.2856   1   1
   4   4   1   2   4   0   0   0  8.4860   1   1
   4   4   2   1   2   0   0   0 -2.2856   1   1
   4   4   2   1   4   0   0   0 -8.4860   1   1
   4   4   2   2   0   0   0   0-25.1678   1   1
   4   4   2   2   2   0   0   0  6.2006   1   1
   4   4   2   2   4   0   0   0 -8.8794   1   1
   4   4   2   2   6   0   0   0  7.3108   1   1
