      1      1      1      1           2           0   4.72494800050752     
      1      1      1      1           0           0  -10.7772500000000     
      1      1      1      2           2           0 -0.432702363062648     
      1      1      2      1           2           0 -0.432702363062648     
      1      1      2      2           4           0  -6.19248364637749     
      1      1      2      2           2           0   2.51936253829164     
      1      2      1      1           2           0  0.432702363062648     
      1      2      1      2           2           0  5.408760255363410E-003
      1      2      1      2           0           0  -15.1160161157897     
      1      2      2      1           4           0   11.2146914818033     
      1      2      2      1           2           0  -3.19981231253784     
      1      2      2      2           4           0   7.58385923074651     
      1      2      2      2           2           0   1.85500277175559     
      2      1      1      1           2           0  0.432702363062648     
      2      1      1      2           4           0   11.2146914818033     
      2      1      1      2           2           0  -3.19981231253784     
      2      1      2      1           2           0  5.408760255363410E-003
      2      1      2      1           0           0  -15.1160161157897     
      2      1      2      2           4           0   7.58385923074651     
      2      1      2      2           2           0   1.85500277175559     
      2      2      1      1           4           0  -6.19248364637749     
      2      2      1      1           2           0   2.51936253829164     
      2      2      1      2           4           0  -7.58385923074651     
      2      2      1      2           2           0  -1.85500277175559     
      2      2      2      1           4           0  -7.58385923074651     
      2      2      2      1           2           0  -1.85500277175559     
      2      2      2      2           6           0   5.94238390216418     
      2      2      2      2           4           0  -7.78189669325545     
      2      2      2      2           2           0   5.41995070755261     
      2      2      2      2           0           0  -22.3788500000000     
      1      1      1      1           2           0   4.72494800050752     
      1      1      1      1           0           0  -10.7772500000000     
      1      1      1      2           2           0 -0.432702363062648     
      1      1      2      1           2           0 -0.432702363062648     
      1      1      2      2           4           0  -6.19248364637749     
      1      1      2      2           2           0   2.51936253829164     
      1      2      1      1           2           0  0.432702363062648     
      1      2      1      2           2           0  5.408760255363410E-003
      1      2      1      2           0           0  -15.1160161157897     
      1      2      2      1           4           0   11.2146914818033     
      1      2      2      1           2           0  -3.19981231253784     
      1      2      2      2           4           0   7.58385923074651     
      1      2      2      2           2           0   1.85500277175559     
      2      1      1      1           2           0  0.432702363062648     
      2      1      1      2           4           0   11.2146914818033     
      2      1      1      2           2           0  -3.19981231253784     
      2      1      2      1           2           0  5.408760255363410E-003
      2      1      2      1           0           0  -15.1160161157897     
      2      1      2      2           4           0   7.58385923074651     
      2      1      2      2           2           0   1.85500277175559     
      2      2      1      1           4           0  -6.19248364637749     
      2      2      1      1           2           0   2.51936253829164     
      2      2      1      2           4           0  -7.58385923074651     
      2      2      1      2           2           0  -1.85500277175559     
      2      2      2      1           4           0  -7.58385923074651     
      2      2      2      1           2           0  -1.85500277175559     
      2      2      2      2           6           0   5.94238390216418     
      2      2      2      2           4           0  -7.78189669325545     
      2      2      2      2           2           0   5.41995070755261     
      2      2      2      2           0           0  -22.3788500000000     
          60           6
   1   1   3   3   0   0   0   0-10.7773   1   1
   1   1   3   3   2   0   0   0  4.7249   1   1
   1   1   3   4   2   0   0   0 -0.4327   1   1
   1   1   4   3   2   0   0   0  0.4327   1   1
   1   1   4   4   0   0   0   0-15.1160   1   1
   1   1   4   4   2   0   0   0  0.0054   1   1
   1   2   3   3   2   0   0   0 -0.4327   1   1
   1   2   3   4   2   0   0   0  2.5194   1   1
   1   2   3   4   4   0   0   0 -6.1925   1   1
   1   2   4   3   2   0   0   0 -3.1998   1   1
   1   2   4   3   4   0   0   0 11.2147   1   1
   1   2   4   4   2   0   0   0  1.8550   1   1
   1   2   4   4   4   0   0   0  7.5839   1   1
   2   1   3   3   2   0   0   0  0.4327   1   1
   2   1   3   4   2   0   0   0 -3.1998   1   1
   2   1   3   4   4   0   0   0 11.2147   1   1
   2   1   4   3   2   0   0   0  2.5194   1   1
   2   1   4   3   4   0   0   0 -6.1925   1   1
   2   1   4   4   2   0   0   0 -1.8550   1   1
   2   1   4   4   4   0   0   0 -7.5839   1   1
   2   2   3   3   0   0   0   0-15.1160   1   1
   2   2   3   3   2   0   0   0  0.0054   1   1
   2   2   3   4   2   0   0   0  1.8550   1   1
   2   2   3   4   4   0   0   0  7.5839   1   1
   2   2   4   3   2   0   0   0 -1.8550   1   1
   2   2   4   3   4   0   0   0 -7.5839   1   1
   2   2   4   4   0   0   0   0-22.3789   1   1
   2   2   4   4   2   0   0   0  5.4200   1   1
   2   2   4   4   4   0   0   0 -7.7819   1   1
   2   2   4   4   6   0   0   0  5.9424   1   1
   3   3   1   1   0   0   0   0-10.7773   1   1
   3   3   1   1   2   0   0   0  4.7249   1   1
   3   3   1   2   2   0   0   0 -0.4327   1   1
   3   3   2   1   2   0   0   0  0.4327   1   1
   3   3   2   2   0   0   0   0-15.1160   1   1
   3   3   2   2   2   0   0   0  0.0054   1   1
   3   4   1   1   2   0   0   0 -0.4327   1   1
   3   4   1   2   2   0   0   0  2.5194   1   1
   3   4   1   2   4   0   0   0 -6.1925   1   1
   3   4   2   1   2   0   0   0 -3.1998   1   1
   3   4   2   1   4   0   0   0 11.2147   1   1
   3   4   2   2   2   0   0   0  1.8550   1   1
   3   4   2   2   4   0   0   0  7.5839   1   1
   4   3   1   1   2   0   0   0  0.4327   1   1
   4   3   1   2   2   0   0   0 -3.1998   1   1
   4   3   1   2   4   0   0   0 11.2147   1   1
   4   3   2   1   2   0   0   0  2.5194   1   1
   4   3   2   1   4   0   0   0 -6.1925   1   1
   4   3   2   2   2   0   0   0 -1.8550   1   1
   4   3   2   2   4   0   0   0 -7.5839   1   1
   4   4   1   1   0   0   0   0-15.1160   1   1
   4   4   1   1   2   0   0   0  0.0054   1   1
   4   4   1   2   2   0   0   0  1.8550   1   1
   4   4   1   2   4   0   0   0  7.5839   1   1
   4   4   2   1   2   0   0   0 -1.8550   1   1
   4   4   2   1   4   0   0   0 -7.5839   1   1
   4   4   2   2   0   0   0   0-22.3789   1   1
   4   4   2   2   2   0   0   0  5.4200   1   1
   4   4   2   2   4   0   0   0 -7.7819   1   1
   4   4   2   2   6   0   0   0  5.9424   1   1
