 ! Total Interaction
  20
   1   1   1   1     1     0  -6.7940
   1   2   1   1     1     0  -0.3489
   2   2   1   1     1     0   3.3286
   1   1   1   2     1     0  -0.3489
   1   2   1   2     1     0 -11.1848
   2   2   1   2     1     0  -6.1055
   1   1   2   2     1     0   3.3286
   1   2   2   2     1     0  -6.1055
   2   2   2   2     1     0  -7.1489
   1   2   1   2     2     0  -8.0211
   2   2   2   2     3     0  -8.0211
   1   1   1   1     0     1  -1.2924
   2   2   1   1     0     1  -3.3772
   1   1   2   2     0     1  -3.3772
   2   2   2   2     0     1  -3.6804
   1   2   1   2     1     1   0.4771
   1   2   1   2     2     1  -2.7277
   2   2   1   2     2     1   1.3913
   1   2   2   2     2     1   1.3913
   2   2   2   2     2     1  -1.7439
