      1      1      1      1           2           0   4.76452536146047     
      1      1      1      1           0           0  -10.8372000000000     
      1      1      1      2           2           0 -0.427313485628525     
      1      1      2      1           2           0 -0.427313485628525     
      1      1      2      2           4           0  -6.20042447626648     
      1      1      2      2           2           0   2.48976907244740     
      1      2      1      1           2           0  0.427313485628525     
      1      2      1      2           2           0  2.813924639183041E-002
      1      2      1      2           0           0  -15.1793021727058     
      1      2      2      1           4           0   11.2583507090640     
      1      2      2      1           2           0  -3.20539817639225     
      1      2      2      2           4           0   7.57577990594977     
      1      2      2      2           2           0   1.83372392049833     
      2      1      1      1           2           0  0.427313485628525     
      2      1      1      2           4           0   11.2583507090640     
      2      1      1      2           2           0  -3.20539817639225     
      2      1      2      1           2           0  2.813924639183041E-002
      2      1      2      1           0           0  -15.1793021727058     
      2      1      2      2           4           0   7.57577990594977     
      2      1      2      2           2           0   1.83372392049833     
      2      2      1      1           4           0  -6.20042447626648     
      2      2      1      1           2           0   2.48976907244740     
      2      2      1      2           4           0  -7.57577990594977     
      2      2      1      2           2           0  -1.83372392049833     
      2      2      2      1           4           0  -7.57577990594977     
      2      2      2      1           2           0  -1.83372392049833     
      2      2      2      2           6           0   5.98464977935844     
      2      2      2      2           4           0  -7.80811459029163     
      2      2      2      2           2           0   5.42856766032026     
      2      2      2      2           0           0  -22.4985750000000     
      1      1      1      1           2           0   4.76452536146047     
      1      1      1      1           0           0  -10.8372000000000     
      1      1      1      2           2           0 -0.427313485628525     
      1      1      2      1           2           0 -0.427313485628525     
      1      1      2      2           4           0  -6.20042447626648     
      1      1      2      2           2           0   2.48976907244740     
      1      2      1      1           2           0  0.427313485628525     
      1      2      1      2           2           0  2.813924639183041E-002
      1      2      1      2           0           0  -15.1793021727058     
      1      2      2      1           4           0   11.2583507090640     
      1      2      2      1           2           0  -3.20539817639225     
      1      2      2      2           4           0   7.57577990594977     
      1      2      2      2           2           0   1.83372392049833     
      2      1      1      1           2           0  0.427313485628525     
      2      1      1      2           4           0   11.2583507090640     
      2      1      1      2           2           0  -3.20539817639225     
      2      1      2      1           2           0  2.813924639183041E-002
      2      1      2      1           0           0  -15.1793021727058     
      2      1      2      2           4           0   7.57577990594977     
      2      1      2      2           2           0   1.83372392049833     
      2      2      1      1           4           0  -6.20042447626648     
      2      2      1      1           2           0   2.48976907244740     
      2      2      1      2           4           0  -7.57577990594977     
      2      2      1      2           2           0  -1.83372392049833     
      2      2      2      1           4           0  -7.57577990594977     
      2      2      2      1           2           0  -1.83372392049833     
      2      2      2      2           6           0   5.98464977935844     
      2      2      2      2           4           0  -7.80811459029163     
      2      2      2      2           2           0   5.42856766032026     
      2      2      2      2           0           0  -22.4985750000000     
          60           6
   1   1   3   3   0   0   0   0-10.8372   1   1
   1   1   3   3   2   0   0   0  4.7645   1   1
   1   1   3   4   2   0   0   0 -0.4273   1   1
   1   1   4   3   2   0   0   0  0.4273   1   1
   1   1   4   4   0   0   0   0-15.1793   1   1
   1   1   4   4   2   0   0   0  0.0281   1   1
   1   2   3   3   2   0   0   0 -0.4273   1   1
   1   2   3   4   2   0   0   0  2.4898   1   1
   1   2   3   4   4   0   0   0 -6.2004   1   1
   1   2   4   3   2   0   0   0 -3.2054   1   1
   1   2   4   3   4   0   0   0 11.2584   1   1
   1   2   4   4   2   0   0   0  1.8337   1   1
   1   2   4   4   4   0   0   0  7.5758   1   1
   2   1   3   3   2   0   0   0  0.4273   1   1
   2   1   3   4   2   0   0   0 -3.2054   1   1
   2   1   3   4   4   0   0   0 11.2584   1   1
   2   1   4   3   2   0   0   0  2.4898   1   1
   2   1   4   3   4   0   0   0 -6.2004   1   1
   2   1   4   4   2   0   0   0 -1.8337   1   1
   2   1   4   4   4   0   0   0 -7.5758   1   1
   2   2   3   3   0   0   0   0-15.1793   1   1
   2   2   3   3   2   0   0   0  0.0281   1   1
   2   2   3   4   2   0   0   0  1.8337   1   1
   2   2   3   4   4   0   0   0  7.5758   1   1
   2   2   4   3   2   0   0   0 -1.8337   1   1
   2   2   4   3   4   0   0   0 -7.5758   1   1
   2   2   4   4   0   0   0   0-22.4986   1   1
   2   2   4   4   2   0   0   0  5.4286   1   1
   2   2   4   4   4   0   0   0 -7.8081   1   1
   2   2   4   4   6   0   0   0  5.9846   1   1
   3   3   1   1   0   0   0   0-10.8372   1   1
   3   3   1   1   2   0   0   0  4.7645   1   1
   3   3   1   2   2   0   0   0 -0.4273   1   1
   3   3   2   1   2   0   0   0  0.4273   1   1
   3   3   2   2   0   0   0   0-15.1793   1   1
   3   3   2   2   2   0   0   0  0.0281   1   1
   3   4   1   1   2   0   0   0 -0.4273   1   1
   3   4   1   2   2   0   0   0  2.4898   1   1
   3   4   1   2   4   0   0   0 -6.2004   1   1
   3   4   2   1   2   0   0   0 -3.2054   1   1
   3   4   2   1   4   0   0   0 11.2584   1   1
   3   4   2   2   2   0   0   0  1.8337   1   1
   3   4   2   2   4   0   0   0  7.5758   1   1
   4   3   1   1   2   0   0   0  0.4273   1   1
   4   3   1   2   2   0   0   0 -3.2054   1   1
   4   3   1   2   4   0   0   0 11.2584   1   1
   4   3   2   1   2   0   0   0  2.4898   1   1
   4   3   2   1   4   0   0   0 -6.2004   1   1
   4   3   2   2   2   0   0   0 -1.8337   1   1
   4   3   2   2   4   0   0   0 -7.5758   1   1
   4   4   1   1   0   0   0   0-15.1793   1   1
   4   4   1   1   2   0   0   0  0.0281   1   1
   4   4   1   2   2   0   0   0  1.8337   1   1
   4   4   1   2   4   0   0   0  7.5758   1   1
   4   4   2   1   2   0   0   0 -1.8337   1   1
   4   4   2   1   4   0   0   0 -7.5758   1   1
   4   4   2   2   0   0   0   0-22.4986   1   1
   4   4   2   2   2   0   0   0  5.4286   1   1
   4   4   2   2   4   0   0   0 -7.8081   1   1
   4   4   2   2   6   0   0   0  5.9846   1   1
