      1      2      1      2  -1.29240000000000     
      2      4      1      2  0.000000000000000E+000
      1      5      1      2  0.000000000000000E+000
      4      5      1      2   2.38804102142321     
      3      6      1      2  -2.38804102142321     
      1      3      1      3  -2.72770000000000     
      3      4      1      3  -1.39130000000000     
      2      3      2      3 -0.324100000000000     
      1      4      2      3  -1.38771910702419     
      3      5      2      3 -0.695650000000000     
      2      3      1      4  -1.38771910702419     
      1      4      1      4  -1.92650000000000     
      3      5      1      4  -1.20490114428529     
      1      2      2      4  0.000000000000000E+000
      2      4      2      4  -1.12530000000000     
      1      5      2      4  -1.60240000000000     
      4      5      2      4 -0.695650000000000     
      3      6      2      4 -0.695650000000000     
      1      3      3      4  -1.39130000000000     
      3      4      3      4  -1.74390000000000     
      1      2      1      5  0.000000000000000E+000
      2      4      1      5  -1.60240000000000     
      1      5      1      5  -1.12530000000000     
      4      5      1      5 -0.695650000000000     
      3      6      1      5 -0.695650000000000     
      2      5      2      5  -1.92650000000000     
      1      6      2      5  -1.38771910702419     
      4      6      2      5  -1.20490114428529     
      2      3      3      5 -0.695650000000000     
      1      4      3      5  -1.20490114428529     
      3      5      3      5  -1.74390000000000     
      1      2      4      5   2.38804102142321     
      2      4      4      5 -0.695650000000000     
      1      5      4      5 -0.695650000000000     
      4      5      4      5  -2.71215000000000     
      3      6      4      5  0.968250000000000     
      2      5      1      6  -1.38771910702419     
      1      6      1      6 -0.324100000000000     
      4      6      1      6 -0.695650000000000     
      2      6      2      6  -2.72770000000000     
      5      6      2      6  -1.39130000000000     
      1      2      3      6  -2.38804102142321     
      2      4      3      6 -0.695650000000000     
      1      5      3      6 -0.695650000000000     
      4      5      3      6  0.968250000000000     
      3      6      3      6  -2.71215000000000     
      2      5      4      6  -1.20490114428529     
      1      6      4      6 -0.695650000000000     
      4      6      4      6  -1.74390000000000     
      2      6      5      6  -1.39130000000000     
      5      6      5      6  -1.74390000000000     
      1      7      1      7  -6.79400000000000     
      4      7      1      7  0.123354777977993     
      3      8      1      7 -0.213656742814263     
      2      9      1      7 -0.213656742814263     
      5      9      1      7   1.82314930491170     
      1     10      1      7  0.123354777977993     
      4     10      1      7  -2.10519148392729     
      3     11      1      7   1.82314930491170     
      2      7      2      7  -4.04320000000000     
      5      7      2      7  0.123354777977993     
      1      8      2      7  -2.75080000000000     
      4      8      2      7 -0.123354777977993     
      6      9      2      7  0.384873102233867     
      2     10      2      7 -0.123354777977993     
      5     10      2      7  0.667722639729781     
      1     11      2      7  0.123354777977993     
      4     11      2      7  -1.72031838169343     
      3     12      2      7   2.77291412365707     
      3      7      3      7  -5.37440000000000     
      1      9      3      7  -2.64670000000000     
      4      9      3      7 -0.695650000000000     
      3     10      3      7  0.695650000000000     
      1      7      4      7  0.123354777977993     
      4      7      4      7  -5.36926250000000     
      3      8      4      7 -8.898411023884667E-003
      2      9      4      7   1.37882069600030     
      5      9      4      7  0.579874418870825     
      1     10      4      7  -3.44276250000000     
      4     10      4      7  -1.36523130366250     
      3     11      4      7   1.78477556315612     
      2      7      5      7  0.123354777977993     
      5      7      5      7  -5.36412500000000     
      1      8      5      7  0.123354777977993     
      4      8      5      7 -1.027499999999837E-002
      6      9      5      7   1.70002195549375     
      2     10      5      7   1.59212500000000     
      5     10      5      7  -1.03044065183125     
      1     11      5      7  -4.23882500000000     
      4     11      5      7 -0.334790651831249     
      3     12      5      7   2.39567195549375     
      6      7      6      7  -5.35898750000000     
      2      8      6      7  0.213656742814263     
      5      8      6      7 -8.898411023884667E-003
      6     10      6      7   1.70002195549375     
      2     11      6      7   1.37882069600030     
      5     11      6      7  -2.36464998202694     
      1     12      6      7  -5.03488750000000     
      4     12      6      7   2.39567195549375     
      2      7      1      8  -2.75080000000000     
      5      7      1      8  0.123354777977993     
      1      8      1      8  -4.04320000000000     
      4      8      1      8 -0.123354777977993     
      6      9      1      8   2.77291412365707     
      2     10      1      8 -0.123354777977993     
      5     10      1      8  -1.72031838169343     
      1     11      1      8  0.123354777977993     
      4     11      1      8  0.667722639729781     
      3     12      1      8  0.384873102233867     
      6      7      2      8  0.213656742814263     
      2      8      2      8  -6.79400000000000     
      5      8      2      8 -0.123354777977993     
      6     10      2      8   1.82314930491170     
      2     11      2      8 -0.123354777977993     
      5     11      2      8  -2.10519148392729     
      1     12      2      8  0.213656742814263     
      4     12      2      8   1.82314930491170     
      1      7      3      8 -0.213656742814263     
      4      7      3      8 -8.898411023884667E-003
      3      8      3      8  -5.35898750000000     
      2      9      3      8  -5.03488750000000     
      5      9      3      8  -2.39567195549375     
      1     10      3      8   1.37882069600030     
      4     10      3      8   2.36464998202694     
      3     11      3      8  -1.70002195549375     
      2      7      4      8 -0.123354777977993     
      5      7      4      8 -1.027499999999837E-002
      1      8      4      8 -0.123354777977993     
      4      8      4      8  -5.36412500000000     
      6      9      4      8  -2.39567195549375     
      2     10      4      8  -4.23882500000000     
      5     10      4      8  0.334790651831249     
      1     11      4      8   1.59212500000000     
      4     11      4      8   1.03044065183125     
      3     12      4      8  -1.70002195549375     
      6      7      5      8 -8.898411023884667E-003
      2      8      5      8 -0.123354777977993     
      5      8      5      8  -5.36926250000000     
      6     10      5      8  -1.78477556315612     
      2     11      5      8  -3.44276250000000     
      5     11      5      8   1.36523130366250     
      1     12      5      8   1.37882069600030     
      4     12      5      8 -0.579874418870825     
      6      8      6      8  -5.37440000000000     
      6     11      6      8 -0.695650000000000     
      2     12      6      8  -2.64670000000000     
      5     12      6      8  0.695650000000000     
      7      8      7      8  -1.29240000000000     
      8     10      7      8  0.000000000000000E+000
      7     11      7      8  0.000000000000000E+000
     10     11      7      8   2.38804102142321     
      9     12      7      8  -2.38804102142321     
      3      7      1      9  -2.64670000000000     
      1      9      1      9  -5.37440000000000     
      4      9      1      9  0.695650000000000     
      3     10      1      9 -0.695650000000000     
      1      7      2      9 -0.213656742814263     
      4      7      2      9   1.37882069600030     
      3      8      2      9  -5.03488750000000     
      2      9      2      9  -5.35898750000000     
      5      9      2      9  -1.70002195549375     
      1     10      2      9 -8.898411023884667E-003
      4     10      2      9   2.36464998202694     
      3     11      2      9  -2.39567195549375     
      3      9      3      9  -8.02110000000000     
      3      7      4      9 -0.695650000000000     
      1      9      4      9  0.695650000000000     
      4      9      4      9  -4.88250000000000     
      3     10      4      9  -3.13860000000000     
      1      7      5      9   1.82314930491170     
      4      7      5      9  0.579874418870825     
      3      8      5      9  -2.39567195549375     
      2      9      5      9  -1.70002195549375     
      5      9      5      9  -4.62084000000000     
      1     10      5      9   1.78477556315612     
      4     10      5      9 -0.302138942872311     
      3     11      5      9  -2.87694000000000     
      2      7      6      9  0.384873102233867     
      5      7      6      9   1.70002195549375     
      1      8      6      9   2.77291412365707     
      4      8      6      9  -2.39567195549375     
      6      9      6      9  -4.97413500000000     
      2     10      6      9  -1.70002195549375     
      5     10      6      9  0.353295000000002     
      1     11      6      9   2.39567195549375     
      4     11      6      9 -0.614954999999998     
      3     12      6      9  -2.26198500000000     
      7      9      7      9  -2.72770000000000     
      9     10      7      9  -1.39130000000000     
      8      9      8      9 -0.324100000000000     
      7     10      8      9  -1.38771910702419     
      9     11      8      9 -0.695650000000000     
      1      7      1     10  0.123354777977993     
      4      7      1     10  -3.44276250000000     
      3      8      1     10   1.37882069600030     
      2      9      1     10 -8.898411023884667E-003
      5      9      1     10   1.78477556315612     
      1     10      1     10  -5.36926250000000     
      4     10      1     10  -1.36523130366250     
      3     11      1     10  0.579874418870825     
      2      7      2     10 -0.123354777977993     
      5      7      2     10   1.59212500000000     
      1      8      2     10 -0.123354777977993     
      4      8      2     10  -4.23882500000000     
      6      9      2     10  -1.70002195549375     
      2     10      2     10  -5.36412500000000     
      5     10      2     10   1.03044065183125     
      1     11      2     10 -1.027499999999837E-002
      4     11      2     10  0.334790651831249     
      3     12      2     10  -2.39567195549375     
      3      7      3     10  0.695650000000000     
      1      9      3     10 -0.695650000000000     
      4      9      3     10  -3.13860000000000     
      3     10      3     10  -4.88249999999999     
      1      7      4     10  -2.10519148392729     
      4      7      4     10  -1.36523130366250     
      3      8      4     10   2.36464998202694     
      2      9      4     10   2.36464998202694     
      5      9      4     10 -0.302138942872311     
      1     10      4     10  -1.36523130366250     
      4     10      4     10  -7.67222000000000     
      3     11      4     10 -0.302138942872311     
      2      7      5     10  0.667722639729781     
      5      7      5     10  -1.03044065183125     
      1      8      5     10  -1.72031838169343     
      4      8      5     10  0.334790651831249     
      6      9      5     10  0.353295000000002     
      2     10      5     10   1.03044065183125     
      5     10      5     10  -5.32301500000000     
      1     11      5     10 -0.334790651831249     
      4     11      5     10  -2.61086500000000     
      3     12      5     10 -0.614954999999998     
      6      7      6     10   1.70002195549375     
      2      8      6     10   1.82314930491170     
      5      8      6     10  -1.78477556315612     
      6     10      6     10  -4.62084000000000     
      2     11      6     10 -0.579874418870825     
      5     11      6     10 -0.302138942872311     
      1     12      6     10   2.39567195549375     
      4     12      6     10  -2.87694000000000     
      8      9      7     10  -1.38771910702419     
      7     10      7     10  -1.92650000000000     
      9     11      7     10  -1.20490114428529     
      7      8      8     10  0.000000000000000E+000
      8     10      8     10  -1.12530000000000     
      7     11      8     10  -1.60240000000000     
     10     11      8     10 -0.695650000000000     
      9     12      8     10 -0.695650000000000     
      7      9      9     10  -1.39130000000000     
      9     10      9     10  -1.74390000000000     
      2      7      1     11  0.123354777977993     
      5      7      1     11  -4.23882500000000     
      1      8      1     11  0.123354777977993     
      4      8      1     11   1.59212500000000     
      6      9      1     11   2.39567195549375     
      2     10      1     11 -1.027499999999837E-002
      5     10      1     11 -0.334790651831249     
      1     11      1     11  -5.36412500000000     
      4     11      1     11  -1.03044065183125     
      3     12      1     11   1.70002195549375     
      6      7      2     11   1.37882069600030     
      2      8      2     11 -0.123354777977993     
      5      8      2     11  -3.44276250000000     
      6     10      2     11 -0.579874418870825     
      2     11      2     11  -5.36926250000000     
      5     11      2     11   1.36523130366250     
      1     12      2     11 -8.898411023884667E-003
      4     12      2     11  -1.78477556315612     
      1      7      3     11   1.82314930491170     
      4      7      3     11   1.78477556315612     
      3      8      3     11  -1.70002195549375     
      2      9      3     11  -2.39567195549375     
      5      9      3     11  -2.87694000000000     
      1     10      3     11  0.579874418870825     
      4     10      3     11 -0.302138942872311     
      3     11      3     11  -4.62084000000000     
      2      7      4     11  -1.72031838169343     
      5      7      4     11 -0.334790651831249     
      1      8      4     11  0.667722639729781     
      4      8      4     11   1.03044065183125     
      6      9      4     11 -0.614954999999998     
      2     10      4     11  0.334790651831249     
      5     10      4     11  -2.61086500000000     
      1     11      4     11  -1.03044065183125     
      4     11      4     11  -5.32301500000000     
      3     12      4     11  0.353295000000002     
      6      7      5     11  -2.36464998202694     
      2      8      5     11  -2.10519148392729     
      5      8      5     11   1.36523130366250     
      6     10      5     11 -0.302138942872311     
      2     11      5     11   1.36523130366250     
      5     11      5     11  -7.67222000000000     
      1     12      5     11  -2.36464998202694     
      4     12      5     11 -0.302138942872311     
      6      8      6     11 -0.695650000000000     
      6     11      6     11  -4.88250000000000     
      2     12      6     11  0.695650000000000     
      5     12      6     11  -3.13860000000000     
      7      8      7     11  0.000000000000000E+000
      8     10      7     11  -1.60240000000000     
      7     11      7     11  -1.12530000000000     
     10     11      7     11 -0.695650000000000     
      9     12      7     11 -0.695650000000000     
      8     11      8     11  -1.92650000000000     
      7     12      8     11  -1.38771910702419     
     10     12      8     11  -1.20490114428529     
      8      9      9     11 -0.695650000000000     
      7     10      9     11  -1.20490114428529     
      9     11      9     11  -1.74390000000000     
      7      8     10     11   2.38804102142321     
      8     10     10     11 -0.695650000000000     
      7     11     10     11 -0.695650000000000     
     10     11     10     11  -2.71215000000000     
      9     12     10     11  0.968250000000000     
      6      7      1     12  -5.03488750000000     
      2      8      1     12  0.213656742814263     
      5      8      1     12   1.37882069600030     
      6     10      1     12   2.39567195549375     
      2     11      1     12 -8.898411023884667E-003
      5     11      1     12  -2.36464998202694     
      1     12      1     12  -5.35898750000000     
      4     12      1     12   1.70002195549375     
      6      8      2     12  -2.64670000000000     
      6     11      2     12  0.695650000000000     
      2     12      2     12  -5.37440000000000     
      5     12      2     12 -0.695650000000000     
      2      7      3     12   2.77291412365707     
      5      7      3     12   2.39567195549375     
      1      8      3     12  0.384873102233867     
      4      8      3     12  -1.70002195549375     
      6      9      3     12  -2.26198500000000     
      2     10      3     12  -2.39567195549375     
      5     10      3     12 -0.614954999999998     
      1     11      3     12   1.70002195549375     
      4     11      3     12  0.353295000000002     
      3     12      3     12  -4.97413500000000     
      6      7      4     12   2.39567195549375     
      2      8      4     12   1.82314930491170     
      5      8      4     12 -0.579874418870825     
      6     10      4     12  -2.87694000000000     
      2     11      4     12  -1.78477556315612     
      5     11      4     12 -0.302138942872311     
      1     12      4     12   1.70002195549375     
      4     12      4     12  -4.62084000000000     
      6      8      5     12  0.695650000000000     
      6     11      5     12  -3.13860000000000     
      2     12      5     12 -0.695650000000000     
      5     12      5     12  -4.88249999999999     
      6     12      6     12  -8.02110000000000     
      8     11      7     12  -1.38771910702419     
      7     12      7     12 -0.324100000000000     
     10     12      7     12 -0.695650000000000     
      8     12      8     12  -2.72770000000000     
     11     12      8     12  -1.39130000000000     
      7      8      9     12  -2.38804102142321     
      8     10      9     12 -0.695650000000000     
      7     11      9     12 -0.695650000000000     
     10     11      9     12  0.968250000000000     
      9     12      9     12  -2.71215000000000     
      8     11     10     12  -1.20490114428529     
      7     12     10     12 -0.695650000000000     
     10     12     10     12  -1.74390000000000     
      8     12     11     12  -1.39130000000000     
     11     12     11     12  -1.74390000000000     
