 ! Total Interaction
  20
   1   1   1   1     1     0  -8.8699
   1   2   1   1     1     0  -0.1308
   2   2   1   1     1     0   3.2918
   1   1   1   2     1     0  -0.1308
   1   2   1   2     1     0 -13.7478
   2   2   1   2     1     0  -6.3769
   1   1   2   2     1     0   3.2918
   1   2   2   2     1     0  -6.3769
   2   2   2   2     1     0  -9.6493
   1   2   1   2     2     0  -9.9762
   2   2   2   2     3     0  -9.9762
   1   1   1   1     0     1  -1.0671
   2   2   1   1     0     1  -4.0917
   1   1   2   2     0     1  -4.0917
   2   2   2   2     0     1  -3.9604
   1   2   1   2     1     1   0.8826
   1   2   1   2     2     1  -3.3311
   2   2   1   2     2     1   1.6451
   1   2   2   2     2     1   1.6451
   2   2   2   2     2     1  -2.1679
