      1      2      1      2  -1.06710000000000     
      2      4      1      2  0.000000000000000E+000
      1      5      1      2  0.000000000000000E+000
      4      5      1      2   2.89326881658100     
      3      6      1      2  -2.89326881658100     
      1      3      1      3  -3.33110000000000     
      3      4      1      3  -1.64510000000000     
      2      3      2      3 -0.170825000000000     
      1      4      2      3  -1.82458562196325     
      3      5      2      3 -0.822550000000000     
      2      3      1      4  -1.82458562196325     
      1      4      1      4  -2.27767500000000     
      3      5      1      4  -1.42469839176578     
      1      2      2      4  0.000000000000000E+000
      2      4      2      4  -1.22425000000000     
      1      5      2      4  -2.10685000000000     
      4      5      2      4 -0.822550000000000     
      3      6      2      4 -0.822550000000000     
      1      3      3      4  -1.64510000000000     
      3      4      3      4  -2.16790000000000     
      1      2      1      5  0.000000000000000E+000
      2      4      1      5  -2.10685000000000     
      1      5      1      5  -1.22425000000000     
      4      5      1      5 -0.822550000000000     
      3      6      1      5 -0.822550000000000     
      2      5      2      5  -2.27767500000000     
      1      6      2      5  -1.82458562196325     
      4      6      2      5  -1.42469839176578     
      2      3      3      5 -0.822550000000000     
      1      4      3      5  -1.42469839176578     
      3      5      3      5  -2.16790000000000     
      1      2      4      5   2.89326881658100     
      2      4      4      5 -0.822550000000000     
      1      5      4      5 -0.822550000000000     
      4      5      4      5  -3.06415000000000     
      3      6      4      5  0.896250000000000     
      2      5      1      6  -1.82458562196325     
      1      6      1      6 -0.170825000000000     
      4      6      1      6 -0.822550000000000     
      2      6      2      6  -3.33110000000000     
      5      6      2      6  -1.64510000000000     
      1      2      3      6  -2.89326881658100     
      2      4      3      6 -0.822550000000000     
      1      5      3      6 -0.822550000000000     
      4      5      3      6  0.896250000000000     
      3      6      3      6  -3.06415000000000     
      2      5      4      6  -1.42469839176578     
      1      6      4      6 -0.822550000000000     
      4      6      4      6  -2.16790000000000     
      2      6      5      6  -1.64510000000000     
      5      6      5      6  -2.16790000000000     
      1      7      1      7  -8.86990000000000     
      4      7      1      7  4.624478348960023E-002
      3      8      1      7 -8.009831458900996E-002
      2      9      1      7 -8.009831458900996E-002
      5      9      1      7   1.80299311479551     
      1     10      1      7  4.624478348960023E-002
      4     10      1      7  -2.08191712034845     
      3     11      1      7   1.80299311479551     
      2      7      2      7  -4.96850000000000     
      5      7      2      7  4.624478348960023E-002
      1      8      2      7  -3.90140000000000     
      4      8      2      7 -4.624478348960023E-002
      6      9      2      7  0.114803431970842     
      2     10      2      7 -4.624478348960023E-002
      5     10      2      7  0.926155128203385     
      1     11      2      7  4.624478348960023E-002
      4     11      2      7  -1.96711368837761     
      3     12      2      7   3.00807224855184     
      3      7      3      7  -6.65365000000000     
      1      9      3      7  -3.32255000000000     
      4      9      3      7 -0.822550000000000     
      3     10      3      7  0.822550000000000     
      1      7      4      7  4.624478348960023E-002
      4      7      4      7  -6.59838750000000     
      3      8      4      7 -9.571745775327434E-002
      2      9      4      7   1.72886816420997     
      5      9      4      7  0.522532179138614     
      1     10      4      7  -4.32071250000000     
      4     10      4      7  -1.42591818857184     
      3     11      4      7   1.94723057090440     
      2      7      5      7  4.624478348960023E-002
      5      7      5      7  -6.54312500000000     
      1      8      5      7  4.624478348960023E-002
      4      8      5      7 -0.110524999999997     
      6      9      5      7   1.72760228285776     
      2     10      5      7   1.99632500000000     
      5     10      5      7  -1.12423409428592     
      1     11      5      7  -5.31887500000000     
      4     11      5      7 -0.301684094285921     
      3     12      5      7   2.55015228285776     
      6      7      6      7  -6.48786250000000     
      2      8      6      7  8.009831458900996E-002
      5      8      6      7 -9.571745775327389E-002
      6     10      6      7   1.72760228285776     
      2     11      6      7   1.72886816420997     
      5     11      6      7  -2.46976275004301     
      1     12      6      7  -6.31703750000000     
      4     12      6      7   2.55015228285776     
      2      7      1      8  -3.90140000000000     
      5      7      1      8  4.624478348960023E-002
      1      8      1      8  -4.96850000000000     
      4      8      1      8 -4.624478348960023E-002
      6      9      1      8   3.00807224855184     
      2     10      1      8 -4.624478348960023E-002
      5     10      1      8  -1.96711368837761     
      1     11      1      8  4.624478348960023E-002
      4     11      1      8  0.926155128203385     
      3     12      1      8  0.114803431970842     
      6      7      2      8  8.009831458900996E-002
      2      8      2      8  -8.86990000000000     
      5      8      2      8 -4.624478348960023E-002
      6     10      2      8   1.80299311479551     
      2     11      2      8 -4.624478348960023E-002
      5     11      2      8  -2.08191712034845     
      1     12      2      8  8.009831458900996E-002
      4     12      2      8   1.80299311479551     
      1      7      3      8 -8.009831458900996E-002
      4      7      3      8 -9.571745775327389E-002
      3      8      3      8  -6.48786250000000     
      2      9      3      8  -6.31703750000000     
      5      9      3      8  -2.55015228285776     
      1     10      3      8   1.72886816420997     
      4     10      3      8   2.46976275004301     
      3     11      3      8  -1.72760228285776     
      2      7      4      8 -4.624478348960023E-002
      5      7      4      8 -0.110524999999997     
      1      8      4      8 -4.624478348960023E-002
      4      8      4      8  -6.54312500000000     
      6      9      4      8  -2.55015228285776     
      2     10      4      8  -5.31887500000000     
      5     10      4      8  0.301684094285921     
      1     11      4      8   1.99632500000000     
      4     11      4      8   1.12423409428592     
      3     12      4      8  -1.72760228285776     
      6      7      5      8 -9.571745775327434E-002
      2      8      5      8 -4.624478348960023E-002
      5      8      5      8  -6.59838750000000     
      6     10      5      8  -1.94723057090440     
      2     11      5      8  -4.32071250000000     
      5     11      5      8   1.42591818857184     
      1     12      5      8   1.72886816420997     
      4     12      5      8 -0.522532179138614     
      6      8      6      8  -6.65365000000000     
      6     11      6      8 -0.822550000000000     
      2     12      6      8  -3.32255000000000     
      5     12      6      8  0.822550000000000     
      7      8      7      8  -1.06710000000000     
      8     10      7      8  0.000000000000000E+000
      7     11      7      8  0.000000000000000E+000
     10     11      7      8   2.89326881658100     
      9     12      7      8  -2.89326881658100     
      3      7      1      9  -3.32255000000000     
      1      9      1      9  -6.65365000000000     
      4      9      1      9  0.822550000000000     
      3     10      1      9 -0.822550000000000     
      1      7      2      9 -8.009831458900996E-002
      4      7      2      9   1.72886816420997     
      3      8      2      9  -6.31703750000000     
      2      9      2      9  -6.48786250000000     
      5      9      2      9  -1.72760228285776     
      1     10      2      9 -9.571745775327389E-002
      4     10      2      9   2.46976275004301     
      3     11      2      9  -2.55015228285776     
      3      9      3      9  -9.97620000000000     
      3      7      4      9 -0.822550000000000     
      1      9      4      9  0.822550000000000     
      4      9      4      9  -6.07205000000000     
      3     10      4      9  -3.90415000000000     
      1      7      5      9   1.80299311479551     
      4      7      5      9  0.522532179138614     
      3      8      5      9  -2.55015228285776     
      2      9      5      9  -1.72760228285776     
      5      9      5      9  -5.97398000000000     
      1     10      5      9   1.94723057090439     
      4     10      5      9 -0.113241481798848     
      3     11      5      9  -3.80608000000000     
      2      7      6      9  0.114803431970843     
      5      7      6      9   1.72760228285776     
      1      8      6      9   3.00807224855184     
      4      8      6      9  -2.55015228285776     
      6      9      6      9  -6.37307000000000     
      2     10      6      9  -1.72760228285776     
      5     10      6      9  0.399090000000003     
      1     11      6      9   2.55015228285776     
      4     11      6      9 -0.497159999999998     
      3     12      6      9  -3.30892000000000     
      7      9      7      9  -3.33110000000000     
      9     10      7      9  -1.64510000000000     
      8      9      8      9 -0.170825000000000     
      7     10      8      9  -1.82458562196325     
      9     11      8      9 -0.822550000000000     
      1      7      1     10  4.624478348960023E-002
      4      7      1     10  -4.32071250000000     
      3      8      1     10   1.72886816420997     
      2      9      1     10 -9.571745775327434E-002
      5      9      1     10   1.94723057090440     
      1     10      1     10  -6.59838750000000     
      4     10      1     10  -1.42591818857184     
      3     11      1     10  0.522532179138614     
      2      7      2     10 -4.624478348960023E-002
      5      7      2     10   1.99632500000000     
      1      8      2     10 -4.624478348960023E-002
      4      8      2     10  -5.31887500000000     
      6      9      2     10  -1.72760228285776     
      2     10      2     10  -6.54312500000000     
      5     10      2     10   1.12423409428592     
      1     11      2     10 -0.110524999999997     
      4     11      2     10  0.301684094285921     
      3     12      2     10  -2.55015228285776     
      3      7      3     10  0.822550000000000     
      1      9      3     10 -0.822550000000000     
      4      9      3     10  -3.90414999999999     
      3     10      3     10  -6.07204999999999     
      1      7      4     10  -2.08191712034845     
      4      7      4     10  -1.42591818857184     
      3      8      4     10   2.46976275004301     
      2      9      4     10   2.46976275004301     
      5      9      4     10 -0.113241481798848     
      1     10      4     10  -1.42591818857184     
      4     10      4     10  -9.84544000000000     
      3     11      4     10 -0.113241481798848     
      2      7      5     10  0.926155128203385     
      5      7      5     10  -1.12423409428592     
      1      8      5     10  -1.96711368837761     
      4      8      5     10  0.301684094285921     
      6      9      5     10  0.399090000000003     
      2     10      5     10   1.12423409428592     
      5     10      5     10  -6.50383000000000     
      1     11      5     10 -0.301684094285921     
      4     11      5     10  -3.43968000000000     
      3     12      5     10 -0.497159999999998     
      6      7      6     10   1.72760228285776     
      2      8      6     10   1.80299311479551     
      5      8      6     10  -1.94723057090439     
      6     10      6     10  -5.97398000000000     
      2     11      6     10 -0.522532179138614     
      5     11      6     10 -0.113241481798848     
      1     12      6     10   2.55015228285776     
      4     12      6     10  -3.80608000000000     
      8      9      7     10  -1.82458562196325     
      7     10      7     10  -2.27767500000000     
      9     11      7     10  -1.42469839176578     
      7      8      8     10  0.000000000000000E+000
      8     10      8     10  -1.22425000000000     
      7     11      8     10  -2.10685000000000     
     10     11      8     10 -0.822550000000000     
      9     12      8     10 -0.822550000000000     
      7      9      9     10  -1.64510000000000     
      9     10      9     10  -2.16790000000000     
      2      7      1     11  4.624478348960023E-002
      5      7      1     11  -5.31887500000000     
      1      8      1     11  4.624478348960023E-002
      4      8      1     11   1.99632500000000     
      6      9      1     11   2.55015228285776     
      2     10      1     11 -0.110524999999997     
      5     10      1     11 -0.301684094285921     
      1     11      1     11  -6.54312500000000     
      4     11      1     11  -1.12423409428592     
      3     12      1     11   1.72760228285776     
      6      7      2     11   1.72886816420997     
      2      8      2     11 -4.624478348960023E-002
      5      8      2     11  -4.32071250000000     
      6     10      2     11 -0.522532179138614     
      2     11      2     11  -6.59838750000000     
      5     11      2     11   1.42591818857184     
      1     12      2     11 -9.571745775327434E-002
      4     12      2     11  -1.94723057090440     
      1      7      3     11   1.80299311479551     
      4      7      3     11   1.94723057090439     
      3      8      3     11  -1.72760228285776     
      2      9      3     11  -2.55015228285776     
      5      9      3     11  -3.80608000000000     
      1     10      3     11  0.522532179138614     
      4     10      3     11 -0.113241481798848     
      3     11      3     11  -5.97398000000000     
      2      7      4     11  -1.96711368837761     
      5      7      4     11 -0.301684094285921     
      1      8      4     11  0.926155128203385     
      4      8      4     11   1.12423409428592     
      6      9      4     11 -0.497159999999998     
      2     10      4     11  0.301684094285921     
      5     10      4     11  -3.43968000000000     
      1     11      4     11  -1.12423409428592     
      4     11      4     11  -6.50383000000000     
      3     12      4     11  0.399090000000003     
      6      7      5     11  -2.46976275004301     
      2      8      5     11  -2.08191712034845     
      5      8      5     11   1.42591818857184     
      6     10      5     11 -0.113241481798848     
      2     11      5     11   1.42591818857184     
      5     11      5     11  -9.84544000000000     
      1     12      5     11  -2.46976275004301     
      4     12      5     11 -0.113241481798848     
      6      8      6     11 -0.822550000000000     
      6     11      6     11  -6.07205000000000     
      2     12      6     11  0.822550000000000     
      5     12      6     11  -3.90415000000000     
      7      8      7     11  0.000000000000000E+000
      8     10      7     11  -2.10685000000000     
      7     11      7     11  -1.22425000000000     
     10     11      7     11 -0.822550000000000     
      9     12      7     11 -0.822550000000000     
      8     11      8     11  -2.27767500000000     
      7     12      8     11  -1.82458562196325     
     10     12      8     11  -1.42469839176578     
      8      9      9     11 -0.822550000000000     
      7     10      9     11  -1.42469839176578     
      9     11      9     11  -2.16790000000000     
      7      8     10     11   2.89326881658100     
      8     10     10     11 -0.822550000000000     
      7     11     10     11 -0.822550000000000     
     10     11     10     11  -3.06415000000000     
      9     12     10     11  0.896250000000000     
      6      7      1     12  -6.31703750000000     
      2      8      1     12  8.009831458900996E-002
      5      8      1     12   1.72886816420997     
      6     10      1     12   2.55015228285776     
      2     11      1     12 -9.571745775327389E-002
      5     11      1     12  -2.46976275004301     
      1     12      1     12  -6.48786250000000     
      4     12      1     12   1.72760228285776     
      6      8      2     12  -3.32255000000000     
      6     11      2     12  0.822550000000000     
      2     12      2     12  -6.65365000000000     
      5     12      2     12 -0.822550000000000     
      2      7      3     12   3.00807224855184     
      5      7      3     12   2.55015228285776     
      1      8      3     12  0.114803431970843     
      4      8      3     12  -1.72760228285776     
      6      9      3     12  -3.30892000000000     
      2     10      3     12  -2.55015228285776     
      5     10      3     12 -0.497159999999998     
      1     11      3     12   1.72760228285776     
      4     11      3     12  0.399090000000003     
      3     12      3     12  -6.37307000000000     
      6      7      4     12   2.55015228285776     
      2      8      4     12   1.80299311479551     
      5      8      4     12 -0.522532179138614     
      6     10      4     12  -3.80608000000000     
      2     11      4     12  -1.94723057090439     
      5     11      4     12 -0.113241481798848     
      1     12      4     12   1.72760228285776     
      4     12      4     12  -5.97398000000000     
      6      8      5     12  0.822550000000000     
      6     11      5     12  -3.90414999999999     
      2     12      5     12 -0.822550000000000     
      5     12      5     12  -6.07204999999999     
      6     12      6     12  -9.97620000000000     
      8     11      7     12  -1.82458562196325     
      7     12      7     12 -0.170825000000000     
     10     12      7     12 -0.822550000000000     
      8     12      8     12  -3.33110000000000     
     11     12      8     12  -1.64510000000000     
      7      8      9     12  -2.89326881658100     
      8     10      9     12 -0.822550000000000     
      7     11      9     12 -0.822550000000000     
     10     11      9     12  0.896250000000000     
      9     12      9     12  -3.06415000000000     
      8     11     10     12  -1.42469839176578     
      7     12     10     12 -0.822550000000000     
     10     12     10     12  -2.16790000000000     
      8     12     11     12  -1.64510000000000     
     11     12     11     12  -2.16790000000000     
