      1      1      1      1           2           0   4.71005236356243     
      1      1      1      1           0           0  -10.6966500000000     
      1      1      1      2           2           0  -1.80245702722700     
      1      1      2      1           2           0  -1.80245702722700     
      1      1      2      2           4           0  -7.77392174671974     
      1      1      2      2           2           0   5.36768896880938     
      1      2      1      1           2           0   1.80245702722700     
      1      2      1      2           2           0  0.148090486485459     
      1      2      1      2           0           0  -15.9411390187562     
      1      2      2      1           4           0   11.4323167977135     
      1      2      2      1           2           0  -4.92601744863117     
      1      2      2      2           4           0   9.17174454127176     
      1      2      2      2           2           0   3.88145468473506     
      2      1      1      1           2           0   1.80245702722700     
      2      1      1      2           4           0   11.4323167977135     
      2      1      1      2           2           0  -4.92601744863117     
      2      1      2      1           2           0  0.148090486485459     
      2      1      2      1           0           0  -15.9411390187562     
      2      1      2      2           4           0   9.17174454127176     
      2      1      2      2           2           0   3.88145468473506     
      2      2      1      1           4           0  -7.77392174671974     
      2      2      1      1           2           0   5.36768896880938     
      2      2      1      2           4           0  -9.17174454127176     
      2      2      1      2           2           0  -3.88145468473506     
      2      2      2      1           4           0  -9.17174454127176     
      2      2      2      1           2           0  -3.88145468473506     
      2      2      2      2           6           0   4.32862111873689     
      2      2      2      2           4           0  -7.88516949279627     
      2      2      2      2           2           0   9.20648224077334     
      2      2      2      2           0           0  -22.9299750000000     
      1      1      1      1           2           0   4.71005236356243     
      1      1      1      1           0           0  -10.6966500000000     
      1      1      1      2           2           0  -1.80245702722700     
      1      1      2      1           2           0  -1.80245702722700     
      1      1      2      2           4           0  -7.77392174671974     
      1      1      2      2           2           0   5.36768896880938     
      1      2      1      1           2           0   1.80245702722700     
      1      2      1      2           2           0  0.148090486485459     
      1      2      1      2           0           0  -15.9411390187562     
      1      2      2      1           4           0   11.4323167977135     
      1      2      2      1           2           0  -4.92601744863117     
      1      2      2      2           4           0   9.17174454127176     
      1      2      2      2           2           0   3.88145468473506     
      2      1      1      1           2           0   1.80245702722700     
      2      1      1      2           4           0   11.4323167977135     
      2      1      1      2           2           0  -4.92601744863117     
      2      1      2      1           2           0  0.148090486485459     
      2      1      2      1           0           0  -15.9411390187562     
      2      1      2      2           4           0   9.17174454127176     
      2      1      2      2           2           0   3.88145468473506     
      2      2      1      1           4           0  -7.77392174671974     
      2      2      1      1           2           0   5.36768896880938     
      2      2      1      2           4           0  -9.17174454127176     
      2      2      1      2           2           0  -3.88145468473506     
      2      2      2      1           4           0  -9.17174454127176     
      2      2      2      1           2           0  -3.88145468473506     
      2      2      2      2           6           0   4.32862111873689     
      2      2      2      2           4           0  -7.88516949279627     
      2      2      2      2           2           0   9.20648224077334     
      2      2      2      2           0           0  -22.9299750000000     
          60           6
   1   1   3   3   0   0   0   0-10.6967   1   1
   1   1   3   3   2   0   0   0  4.7101   1   1
   1   1   3   4   2   0   0   0 -1.8025   1   1
   1   1   4   3   2   0   0   0  1.8025   1   1
   1   1   4   4   0   0   0   0-15.9411   1   1
   1   1   4   4   2   0   0   0  0.1481   1   1
   1   2   3   3   2   0   0   0 -1.8025   1   1
   1   2   3   4   2   0   0   0  5.3677   1   1
   1   2   3   4   4   0   0   0 -7.7739   1   1
   1   2   4   3   2   0   0   0 -4.9260   1   1
   1   2   4   3   4   0   0   0 11.4323   1   1
   1   2   4   4   2   0   0   0  3.8815   1   1
   1   2   4   4   4   0   0   0  9.1717   1   1
   2   1   3   3   2   0   0   0  1.8025   1   1
   2   1   3   4   2   0   0   0 -4.9260   1   1
   2   1   3   4   4   0   0   0 11.4323   1   1
   2   1   4   3   2   0   0   0  5.3677   1   1
   2   1   4   3   4   0   0   0 -7.7739   1   1
   2   1   4   4   2   0   0   0 -3.8815   1   1
   2   1   4   4   4   0   0   0 -9.1717   1   1
   2   2   3   3   0   0   0   0-15.9411   1   1
   2   2   3   3   2   0   0   0  0.1481   1   1
   2   2   3   4   2   0   0   0  3.8815   1   1
   2   2   3   4   4   0   0   0  9.1717   1   1
   2   2   4   3   2   0   0   0 -3.8815   1   1
   2   2   4   3   4   0   0   0 -9.1717   1   1
   2   2   4   4   0   0   0   0-22.9300   1   1
   2   2   4   4   2   0   0   0  9.2065   1   1
   2   2   4   4   4   0   0   0 -7.8852   1   1
   2   2   4   4   6   0   0   0  4.3286   1   1
   3   3   1   1   0   0   0   0-10.6967   1   1
   3   3   1   1   2   0   0   0  4.7101   1   1
   3   3   1   2   2   0   0   0 -1.8025   1   1
   3   3   2   1   2   0   0   0  1.8025   1   1
   3   3   2   2   0   0   0   0-15.9411   1   1
   3   3   2   2   2   0   0   0  0.1481   1   1
   3   4   1   1   2   0   0   0 -1.8025   1   1
   3   4   1   2   2   0   0   0  5.3677   1   1
   3   4   1   2   4   0   0   0 -7.7739   1   1
   3   4   2   1   2   0   0   0 -4.9260   1   1
   3   4   2   1   4   0   0   0 11.4323   1   1
   3   4   2   2   2   0   0   0  3.8815   1   1
   3   4   2   2   4   0   0   0  9.1717   1   1
   4   3   1   1   2   0   0   0  1.8025   1   1
   4   3   1   2   2   0   0   0 -4.9260   1   1
   4   3   1   2   4   0   0   0 11.4323   1   1
   4   3   2   1   2   0   0   0  5.3677   1   1
   4   3   2   1   4   0   0   0 -7.7739   1   1
   4   3   2   2   2   0   0   0 -3.8815   1   1
   4   3   2   2   4   0   0   0 -9.1717   1   1
   4   4   1   1   0   0   0   0-15.9411   1   1
   4   4   1   1   2   0   0   0  0.1481   1   1
   4   4   1   2   2   0   0   0  3.8815   1   1
   4   4   1   2   4   0   0   0  9.1717   1   1
   4   4   2   1   2   0   0   0 -3.8815   1   1
   4   4   2   1   4   0   0   0 -9.1717   1   1
   4   4   2   2   0   0   0   0-22.9300   1   1
   4   4   2   2   2   0   0   0  9.2065   1   1
   4   4   2   2   4   0   0   0 -7.8852   1   1
   4   4   2   2   6   0   0   0  4.3286   1   1
