      1      2      1      2  -1.26930000000000     
      2      4      1      2  0.000000000000000E+000
      1      5      1      2  0.000000000000000E+000
      4      5      1      2   2.02147686605610     
      3      6      1      2  -2.02147686605610     
      1      3      1      3  -2.26540000000000     
      3      4      1      3 -0.774400000000000     
      2      3      2      3 -0.482800000000000     
      1      4      2      3  -1.02918458985743     
      3      5      2      3 -0.387200000000000     
      2      3      1      4  -1.02918458985743     
      1      4      1      4  -1.67120000000000     
      3      5      1      4 -0.670650072690669     
      1      2      2      4  0.000000000000000E+000
      2      4      2      4  -1.07700000000000     
      1      5      2      4  -1.18840000000000     
      4      5      2      4 -0.387200000000000     
      3      6      2      4 -0.387200000000000     
      1      3      3      4 -0.774400000000000     
      3      4      3      4  -1.71780000000000     
      1      2      1      5  0.000000000000000E+000
      2      4      1      5  -1.18840000000000     
      1      5      1      5  -1.07700000000000     
      4      5      1      5 -0.387200000000000     
      3      6      1      5 -0.387200000000000     
      2      5      2      5  -1.67120000000000     
      1      6      2      5  -1.02918458985743     
      4      6      2      5 -0.670650072690669     
      2      3      3      5 -0.387200000000000     
      1      4      3      5 -0.670650072690669     
      3      5      3      5  -1.71780000000000     
      1      2      4      5   2.02147686605610     
      2      4      4      5 -0.387200000000000     
      1      5      4      5 -0.387200000000000     
      4      5      4      5  -2.50430000000000     
      3      6      4      5  0.786500000000000     
      2      5      1      6  -1.02918458985743     
      1      6      1      6 -0.482800000000000     
      4      6      1      6 -0.387200000000000     
      2      6      2      6  -2.26540000000000     
      5      6      2      6 -0.774400000000000     
      1      2      3      6  -2.02147686605610     
      2      4      3      6 -0.387200000000000     
      1      5      3      6 -0.387200000000000     
      4      5      3      6  0.786500000000000     
      3      6      3      6  -2.50430000000000     
      2      5      4      6 -0.670650072690669     
      1      6      4      6 -0.387200000000000     
      4      6      4      6  -1.71780000000000     
      2      6      5      6 -0.774400000000000     
      5      6      5      6  -1.71780000000000     
      1      7      1      7  -6.70800000000000     
      4      7      1      7  0.520324524936121     
      3      8      1      7 -0.901228513613501     
      2      9      1      7 -0.901228513613501     
      5      9      1      7   2.84733571519061     
      1     10      1      7  0.520324524936121     
      4     10      1      7  -3.28782008327706     
      3     11      1      7   2.84733571519061     
      2      7      2      7  -3.98865000000000     
      5      7      2      7  0.520324524936121     
      1      8      2      7  -2.71935000000000     
      4      8      2      7 -0.520324524936121     
      6      9      2      7   1.45512662942975     
      2     10      2      7 -0.520324524936121     
      5     10      2      7  0.188783412208785     
      1     11      2      7  0.520324524936121     
      4     11      2      7  -1.83269345384732     
      3     12      2      7   3.47660349548585     
      3      7      3      7  -5.67660000000000     
      1      9      3      7  -3.41120000000000     
      4      9      3      7 -0.387200000000000     
      3     10      3      7  0.387200000000000     
      1      7      4      7  0.520324524936121     
      4      7      4      7  -5.64956250000000     
      3      8      4      7 -4.683032370964246E-002
      2      9      4      7  0.982354266147785     
      5      9      4      7   1.22742374384936     
      1     10      4      7  -3.97836250000000     
      4     10      4      7  -1.80450685784233     
      3     11      4      7   1.89807381654003     
      2      7      5      7  0.520324524936121     
      5      7      5      7  -5.62252500000000     
      1      8      5      7  0.520324524936121     
      4      8      5      7 -5.407499999999799E-002
      6      9      5      7   2.51316028676350     
      2     10      5      7   1.13432500000000     
      5     10      5      7  -1.09585342892117     
      1     11      5      7  -4.54552500000000     
      4     11      5      7 -0.708653428921166     
      3     12      5      7   2.90036028676350     
      6      7      6      7  -5.59548750000000     
      2      8      6      7  0.901228513613501     
      5      8      6      7 -4.683032370964291E-002
      6     10      6      7   2.51316028676350     
      2     11      6      7  0.982354266147785     
      5     11      6      7  -3.12549756038939     
      1     12      6      7  -5.11268750000000     
      4     12      6      7   2.90036028676350     
      2      7      1      8  -2.71935000000000     
      5      7      1      8  0.520324524936121     
      1      8      1      8  -3.98865000000000     
      4      8      1      8 -0.520324524936121     
      6      9      1      8   3.47660349548585     
      2     10      1      8 -0.520324524936121     
      5     10      1      8  -1.83269345384732     
      1     11      1      8  0.520324524936121     
      4     11      1      8  0.188783412208785     
      3     12      1      8   1.45512662942975     
      6      7      2      8  0.901228513613501     
      2      8      2      8  -6.70800000000000     
      5      8      2      8 -0.520324524936121     
      6     10      2      8   2.84733571519061     
      2     11      2      8 -0.520324524936121     
      5     11      2      8  -3.28782008327706     
      1     12      2      8  0.901228513613501     
      4     12      2      8   2.84733571519061     
      1      7      3      8 -0.901228513613501     
      4      7      3      8 -4.683032370964291E-002
      3      8      3      8  -5.59548750000000     
      2      9      3      8  -5.11268750000000     
      5      9      3      8  -2.90036028676350     
      1     10      3      8  0.982354266147785     
      4     10      3      8   3.12549756038939     
      3     11      3      8  -2.51316028676350     
      2      7      4      8 -0.520324524936121     
      5      7      4      8 -5.407499999999799E-002
      1      8      4      8 -0.520324524936121     
      4      8      4      8  -5.62252500000000     
      6      9      4      8  -2.90036028676350     
      2     10      4      8  -4.54552500000000     
      5     10      4      8  0.708653428921166     
      1     11      4      8   1.13432500000000     
      4     11      4      8   1.09585342892117     
      3     12      4      8  -2.51316028676350     
      6      7      5      8 -4.683032370964246E-002
      2      8      5      8 -0.520324524936121     
      5      8      5      8  -5.64956250000000     
      6     10      5      8  -1.89807381654003     
      2     11      5      8  -3.97836250000000     
      5     11      5      8   1.80450685784233     
      1     12      5      8  0.982354266147785     
      4     12      5      8  -1.22742374384936     
      6      8      6      8  -5.67660000000000     
      6     11      6      8 -0.387200000000000     
      2     12      6      8  -3.41120000000000     
      5     12      6      8  0.387200000000000     
      7      8      7      8  -1.26930000000000     
      8     10      7      8  0.000000000000000E+000
      7     11      7      8  0.000000000000000E+000
     10     11      7      8   2.02147686605610     
      9     12      7      8  -2.02147686605610     
      3      7      1      9  -3.41120000000000     
      1      9      1      9  -5.67660000000000     
      4      9      1      9  0.387200000000000     
      3     10      1      9 -0.387200000000000     
      1      7      2      9 -0.901228513613501     
      4      7      2      9  0.982354266147785     
      3      8      2      9  -5.11268750000000     
      2      9      2      9  -5.59548750000000     
      5      9      2      9  -2.51316028676350     
      1     10      2      9 -4.683032370964291E-002
      4     10      2      9   3.12549756038939     
      3     11      2      9  -2.90036028676350     
      3      9      3      9  -9.08780000000000     
      3      7      4      9 -0.387200000000000     
      1      9      4      9  0.387200000000000     
      4      9      4      9  -5.40280000000000     
      3     10      4      9  -3.68500000000000     
      1      7      5      9   2.84733571519061     
      4      7      5      9   1.22742374384936     
      3      8      5      9  -2.90036028676350     
      2      9      5      9  -2.51316028676350     
      5      9      5      9  -4.29901000000000     
      1     10      5      9   1.89807381654003     
      4     10      5      9  -1.27454690725763     
      3     11      5      9  -2.58121000000000     
      2      7      6      9   1.45512662942975     
      5      7      6      9   2.51316028676350     
      1      8      6      9   3.47660349548585     
      4      8      6      9  -2.90036028676350     
      6      9      6      9  -4.14036500000000     
      2     10      6      9  -2.51316028676350     
      5     10      6      9 -0.158644999999998     
      1     11      6      9   2.90036028676350     
      4     11      6      9 -0.945144999999998     
      3     12      6      9  -1.63606500000000     
      7      9      7      9  -2.26540000000000     
      9     10      7      9 -0.774400000000000     
      8      9      8      9 -0.482800000000000     
      7     10      8      9  -1.02918458985743     
      9     11      8      9 -0.387200000000000     
      1      7      1     10  0.520324524936121     
      4      7      1     10  -3.97836250000000     
      3      8      1     10  0.982354266147785     
      2      9      1     10 -4.683032370964246E-002
      5      9      1     10   1.89807381654003     
      1     10      1     10  -5.64956250000000     
      4     10      1     10  -1.80450685784233     
      3     11      1     10   1.22742374384936     
      2      7      2     10 -0.520324524936121     
      5      7      2     10   1.13432500000000     
      1      8      2     10 -0.520324524936121     
      4      8      2     10  -4.54552500000000     
      6      9      2     10  -2.51316028676350     
      2     10      2     10  -5.62252500000000     
      5     10      2     10   1.09585342892117     
      1     11      2     10 -5.407499999999799E-002
      4     11      2     10  0.708653428921166     
      3     12      2     10  -2.90036028676350     
      3      7      3     10  0.387200000000000     
      1      9      3     10 -0.387200000000000     
      4      9      3     10  -3.68500000000000     
      3     10      3     10  -5.40280000000000     
      1      7      4     10  -3.28782008327706     
      4      7      4     10  -1.80450685784233     
      3      8      4     10   3.12549756038939     
      2      9      4     10   3.12549756038939     
      5      9      4     10  -1.27454690725763     
      1     10      4     10  -1.80450685784233     
      4     10      4     10  -7.61608000000000     
      3     11      4     10  -1.27454690725763     
      2      7      5     10  0.188783412208785     
      5      7      5     10  -1.09585342892117     
      1      8      5     10  -1.83269345384732     
      4      8      5     10  0.708653428921166     
      6      9      5     10 -0.158644999999998     
      2     10      5     10   1.09585342892117     
      5     10      5     10  -5.61208500000000     
      1     11      5     10 -0.708653428921166     
      4     11      5     10  -3.10778500000000     
      3     12      5     10 -0.945144999999998     
      6      7      6     10   2.51316028676350     
      2      8      6     10   2.84733571519061     
      5      8      6     10  -1.89807381654003     
      6     10      6     10  -4.29901000000000     
      2     11      6     10  -1.22742374384936     
      5     11      6     10  -1.27454690725763     
      1     12      6     10   2.90036028676350     
      4     12      6     10  -2.58121000000000     
      8      9      7     10  -1.02918458985743     
      7     10      7     10  -1.67120000000000     
      9     11      7     10 -0.670650072690669     
      7      8      8     10  0.000000000000000E+000
      8     10      8     10  -1.07700000000000     
      7     11      8     10  -1.18840000000000     
     10     11      8     10 -0.387200000000000     
      9     12      8     10 -0.387200000000000     
      7      9      9     10 -0.774400000000000     
      9     10      9     10  -1.71780000000000     
      2      7      1     11  0.520324524936121     
      5      7      1     11  -4.54552500000000     
      1      8      1     11  0.520324524936121     
      4      8      1     11   1.13432500000000     
      6      9      1     11   2.90036028676350     
      2     10      1     11 -5.407499999999799E-002
      5     10      1     11 -0.708653428921166     
      1     11      1     11  -5.62252500000000     
      4     11      1     11  -1.09585342892117     
      3     12      1     11   2.51316028676350     
      6      7      2     11  0.982354266147785     
      2      8      2     11 -0.520324524936121     
      5      8      2     11  -3.97836250000000     
      6     10      2     11  -1.22742374384936     
      2     11      2     11  -5.64956250000000     
      5     11      2     11   1.80450685784233     
      1     12      2     11 -4.683032370964246E-002
      4     12      2     11  -1.89807381654003     
      1      7      3     11   2.84733571519061     
      4      7      3     11   1.89807381654003     
      3      8      3     11  -2.51316028676350     
      2      9      3     11  -2.90036028676350     
      5      9      3     11  -2.58121000000000     
      1     10      3     11   1.22742374384936     
      4     10      3     11  -1.27454690725763     
      3     11      3     11  -4.29901000000000     
      2      7      4     11  -1.83269345384732     
      5      7      4     11 -0.708653428921166     
      1      8      4     11  0.188783412208785     
      4      8      4     11   1.09585342892117     
      6      9      4     11 -0.945144999999998     
      2     10      4     11  0.708653428921166     
      5     10      4     11  -3.10778500000000     
      1     11      4     11  -1.09585342892117     
      4     11      4     11  -5.61208500000000     
      3     12      4     11 -0.158644999999998     
      6      7      5     11  -3.12549756038939     
      2      8      5     11  -3.28782008327706     
      5      8      5     11   1.80450685784233     
      6     10      5     11  -1.27454690725763     
      2     11      5     11   1.80450685784233     
      5     11      5     11  -7.61608000000000     
      1     12      5     11  -3.12549756038939     
      4     12      5     11  -1.27454690725763     
      6      8      6     11 -0.387200000000000     
      6     11      6     11  -5.40280000000000     
      2     12      6     11  0.387200000000000     
      5     12      6     11  -3.68500000000000     
      7      8      7     11  0.000000000000000E+000
      8     10      7     11  -1.18840000000000     
      7     11      7     11  -1.07700000000000     
     10     11      7     11 -0.387200000000000     
      9     12      7     11 -0.387200000000000     
      8     11      8     11  -1.67120000000000     
      7     12      8     11  -1.02918458985743     
     10     12      8     11 -0.670650072690669     
      8      9      9     11 -0.387200000000000     
      7     10      9     11 -0.670650072690669     
      9     11      9     11  -1.71780000000000     
      7      8     10     11   2.02147686605610     
      8     10     10     11 -0.387200000000000     
      7     11     10     11 -0.387200000000000     
     10     11     10     11  -2.50430000000000     
      9     12     10     11  0.786500000000000     
      6      7      1     12  -5.11268750000000     
      2      8      1     12  0.901228513613501     
      5      8      1     12  0.982354266147785     
      6     10      1     12   2.90036028676350     
      2     11      1     12 -4.683032370964291E-002
      5     11      1     12  -3.12549756038939     
      1     12      1     12  -5.59548750000000     
      4     12      1     12   2.51316028676350     
      6      8      2     12  -3.41120000000000     
      6     11      2     12  0.387200000000000     
      2     12      2     12  -5.67660000000000     
      5     12      2     12 -0.387200000000000     
      2      7      3     12   3.47660349548585     
      5      7      3     12   2.90036028676350     
      1      8      3     12   1.45512662942975     
      4      8      3     12  -2.51316028676350     
      6      9      3     12  -1.63606500000000     
      2     10      3     12  -2.90036028676350     
      5     10      3     12 -0.945144999999998     
      1     11      3     12   2.51316028676350     
      4     11      3     12 -0.158644999999998     
      3     12      3     12  -4.14036500000000     
      6      7      4     12   2.90036028676350     
      2      8      4     12   2.84733571519061     
      5      8      4     12  -1.22742374384936     
      6     10      4     12  -2.58121000000000     
      2     11      4     12  -1.89807381654003     
      5     11      4     12  -1.27454690725763     
      1     12      4     12   2.51316028676350     
      4     12      4     12  -4.29901000000000     
      6      8      5     12  0.387200000000000     
      6     11      5     12  -3.68500000000000     
      2     12      5     12 -0.387200000000000     
      5     12      5     12  -5.40280000000000     
      6     12      6     12  -9.08780000000000     
      8     11      7     12  -1.02918458985743     
      7     12      7     12 -0.482800000000000     
     10     12      7     12 -0.387200000000000     
      8     12      8     12  -2.26540000000000     
     11     12      8     12 -0.774400000000000     
      7      8      9     12  -2.02147686605610     
      8     10      9     12 -0.387200000000000     
      7     11      9     12 -0.387200000000000     
     10     11      9     12  0.786500000000000     
      9     12      9     12  -2.50430000000000     
      8     11     10     12 -0.670650072690669     
      7     12     10     12 -0.387200000000000     
     10     12     10     12  -1.71780000000000     
      8     12     11     12 -0.774400000000000     
     11     12     11     12  -1.71780000000000     
