 ! Total Interaction
  20
   1   1   1   1     1     0  -6.7080
   1   2   1   1     1     0  -1.4717
   2   2   1   1     1     0   5.1985
   1   1   1   2     1     0  -1.4717
   1   2   1   2     1     0 -11.2483
   2   2   1   2     1     0  -8.0700
   1   1   2   2     1     0   5.1985
   1   2   2   2     1     0  -8.0700
   2   2   2   2     1     0  -5.4085
   1   2   1   2     2     0  -9.0878
   2   2   2   2     3     0  -9.0878
   1   1   1   1     0     1  -1.2693
   2   2   1   1     0     1  -2.8588
   1   1   2   2     0     1  -2.8588
   2   2   2   2     0     1  -3.2908
   1   2   1   2     1     1   0.1114
   1   2   1   2     2     1  -2.2654
   2   2   1   2     2     1   0.7744
   1   2   2   2     2     1   0.7744
   2   2   2   2     2     1  -1.7178
