      1      2      1      2  -1.12580000000000     
      2      4      1      2  0.000000000000000E+000
      1      5      1      2  0.000000000000000E+000
      4      5      1      2   2.79413244585864     
      3      6      1      2  -2.79413244585864     
      1      3      1      3  -3.21610000000000     
      3      4      1      3  -1.59740000000000     
      2      3      2      3 -0.209125000000000     
      1      4      2      3  -1.73607782569648     
      3      5      2      3 -0.798700000000000     
      2      3      1      4  -1.73607782569648     
      1      4      1      4  -2.21377500000000     
      3      5      1      4  -1.38338898000526     
      1      2      2      4  0.000000000000000E+000
      2      4      2      4  -1.21145000000000     
      1      5      2      4  -2.00465000000000     
      4      5      2      4 -0.798700000000000     
      3      6      2      4 -0.798700000000000     
      1      3      3      4  -1.59740000000000     
      3      4      3      4  -2.08660000000000     
      1      2      1      5  0.000000000000000E+000
      2      4      1      5  -2.00465000000000     
      1      5      1      5  -1.21145000000000     
      4      5      1      5 -0.798700000000000     
      3      6      1      5 -0.798700000000000     
      2      5      2      5  -2.21377500000000     
      1      6      2      5  -1.73607782569648     
      4      6      2      5  -1.38338898000526     
      2      3      3      5 -0.798700000000000     
      1      4      3      5  -1.38338898000526     
      3      5      3      5  -2.08660000000000     
      1      2      4      5   2.79413244585864     
      2      4      4      5 -0.798700000000000     
      1      5      4      5 -0.798700000000000     
      4      5      4      5  -3.00325000000000     
      3      6      4      5  0.916650000000001     
      2      5      1      6  -1.73607782569648     
      1      6      1      6 -0.209125000000000     
      4      6      1      6 -0.798700000000000     
      2      6      2      6  -3.21610000000000     
      5      6      2      6  -1.59740000000000     
      1      2      3      6  -2.79413244585864     
      2      4      3      6 -0.798700000000000     
      1      5      3      6 -0.798700000000000     
      4      5      3      6  0.916650000000001     
      3      6      3      6  -3.00325000000000     
      2      5      4      6  -1.38338898000526     
      1      6      4      6 -0.798700000000000     
      4      6      4      6  -2.08660000000000     
      2      6      5      6  -1.59740000000000     
      5      6      5      6  -2.08660000000000     
      1      7      1      7  -7.71370000000000     
      4      7      1      7  6.607912870188289E-002
      3      8      1      7 -0.114452408231544     
      2      9      1      7 -0.114452408231544     
      5      9      1      7   1.56927989950805     
      1     10      1      7  6.607912870188289E-002
      4     10      1      7  -1.81204834482969     
      3     11      1      7   1.56927989950805     
      2      7      2      7  -4.41975000000000     
      5      7      2      7  6.607912870188289E-002
      1      8      2      7  -3.29395000000000     
      4      8      2      7 -6.607912870188289E-002
      6      9      2      7 -3.802996430705741E-002
      2     10      2      7 -6.607912870188289E-002
      5     10      2      7  0.944054136721900     
      1     11      2      7  6.607912870188289E-002
      4     11      2      7  -1.85007830913674     
      3     12      2      7   2.75610248155159     
      3      7      3      7  -5.96465000000000     
      1      9      3      7  -2.74855000000000     
      4      9      3      7 -0.798700000000000     
      3     10      3      7  0.798700000000000     
      1      7      4      7  6.607912870188289E-002
      4      7      4      7  -5.84641250000000     
      3      8      4      7 -0.204793357359924     
      2      9      4      7   1.53128446833655     
      5      9      4      7  0.360730639579042     
      1     10      4      7  -3.63263750000000     
      4     10      4      7  -1.21523586373181     
      3     11      4      7   1.74411961958430     
      2      7      5      7  6.607912870188289E-002
      5      7      5      7  -5.72817500000000     
      1      8      5      7  6.607912870188289E-002
      4      8      5      7 -0.236474999999998     
      6      9      5      7   1.42350379559772     
      2     10      5      7   1.76817500000000     
      5     10      5      7  -1.00696793186591     
      1     11      5      7  -4.51672500000000     
      4     11      5      7 -0.208267931865906     
      3     12      5      7   2.22220379559772     
      6      7      6      7  -5.60993750000000     
      2      8      6      7  0.114452408231544     
      5      8      6      7 -0.204793357359924     
      6     10      6      7   1.42350379559772     
      2     11      6      7   1.53128446833655     
      5     11      6      7  -2.10485025916335     
      1     12      6      7  -5.40081250000000     
      4     12      6      7   2.22220379559772     
      2      7      1      8  -3.29395000000000     
      5      7      1      8  6.607912870188289E-002
      1      8      1      8  -4.41975000000000     
      4      8      1      8 -6.607912870188289E-002
      6      9      1      8   2.75610248155159     
      2     10      1      8 -6.607912870188289E-002
      5     10      1      8  -1.85007830913674     
      1     11      1      8  6.607912870188289E-002
      4     11      1      8  0.944054136721900     
      3     12      1      8 -3.802996430705741E-002
      6      7      2      8  0.114452408231544     
      2      8      2      8  -7.71370000000000     
      5      8      2      8 -6.607912870188289E-002
      6     10      2      8   1.56927989950805     
      2     11      2      8 -6.607912870188289E-002
      5     11      2      8  -1.81204834482969     
      1     12      2      8  0.114452408231544     
      4     12      2      8   1.56927989950805     
      1      7      3      8 -0.114452408231544     
      4      7      3      8 -0.204793357359924     
      3      8      3      8  -5.60993750000000     
      2      9      3      8  -5.40081250000000     
      5      9      3      8  -2.22220379559772     
      1     10      3      8   1.53128446833655     
      4     10      3      8   2.10485025916335     
      3     11      3      8  -1.42350379559772     
      2      7      4      8 -6.607912870188289E-002
      5      7      4      8 -0.236474999999998     
      1      8      4      8 -6.607912870188289E-002
      4      8      4      8  -5.72817500000000     
      6      9      4      8  -2.22220379559772     
      2     10      4      8  -4.51672500000000     
      5     10      4      8  0.208267931865906     
      1     11      4      8   1.76817500000000     
      4     11      4      8   1.00696793186591     
      3     12      4      8  -1.42350379559772     
      6      7      5      8 -0.204793357359924     
      2      8      5      8 -6.607912870188289E-002
      5      8      5      8  -5.84641250000000     
      6     10      5      8  -1.74411961958430     
      2     11      5      8  -3.63263750000000     
      5     11      5      8   1.21523586373181     
      1     12      5      8   1.53128446833655     
      4     12      5      8 -0.360730639579042     
      6      8      6      8  -5.96465000000000     
      6     11      6      8 -0.798700000000000     
      2     12      6      8  -2.74855000000000     
      5     12      6      8  0.798700000000000     
      7      8      7      8  -1.12580000000000     
      8     10      7      8  0.000000000000000E+000
      7     11      7      8  0.000000000000000E+000
     10     11      7      8   2.79413244585864     
      9     12      7      8  -2.79413244585864     
      3      7      1      9  -2.74855000000000     
      1      9      1      9  -5.96465000000000     
      4      9      1      9  0.798700000000000     
      3     10      1      9 -0.798700000000000     
      1      7      2      9 -0.114452408231544     
      4      7      2      9   1.53128446833655     
      3      8      2      9  -5.40081250000000     
      2      9      2      9  -5.60993750000000     
      5      9      2      9  -1.42350379559772     
      1     10      2      9 -0.204793357359924     
      4     10      2      9   2.10485025916335     
      3     11      2      9  -2.22220379559772     
      3      9      3      9  -8.71320000000000     
      3      7      4      9 -0.798700000000000     
      1      9      4      9  0.798700000000000     
      4      9      4      9  -5.39990000000000     
      3     10      4      9  -3.31330000000000     
      1      7      5      9   1.56927989950805     
      4      7      5      9  0.360730639579042     
      3      8      5      9  -2.22220379559772     
      2      9      5      9  -1.42350379559772     
      5      9      5      9  -5.25974000000000     
      1     10      5      9   1.74411961958430     
      4     10      5      9 -0.161842827459232     
      3     11      5      9  -3.17314000000000     
      2      7      6      9 -3.802996430705763E-002
      5      7      6      9   1.42350379559772     
      1      8      6      9   2.75610248155159     
      4      8      6      9  -2.22220379559772     
      6      9      6      9  -5.64798500000000     
      2     10      6      9  -1.42350379559772     
      5     10      6      9  0.388245000000003     
      1     11      6      9   2.22220379559772     
      4     11      6      9 -0.528404999999998     
      3     12      6      9  -2.64473500000000     
      7      9      7      9  -3.21610000000000     
      9     10      7      9  -1.59740000000000     
      8      9      8      9 -0.209125000000000     
      7     10      8      9  -1.73607782569648     
      9     11      8      9 -0.798700000000000     
      1      7      1     10  6.607912870188289E-002
      4      7      1     10  -3.63263750000000     
      3      8      1     10   1.53128446833655     
      2      9      1     10 -0.204793357359924     
      5      9      1     10   1.74411961958430     
      1     10      1     10  -5.84641250000000     
      4     10      1     10  -1.21523586373181     
      3     11      1     10  0.360730639579042     
      2      7      2     10 -6.607912870188289E-002
      5      7      2     10   1.76817500000000     
      1      8      2     10 -6.607912870188289E-002
      4      8      2     10  -4.51672500000000     
      6      9      2     10  -1.42350379559772     
      2     10      2     10  -5.72817500000000     
      5     10      2     10   1.00696793186591     
      1     11      2     10 -0.236474999999998     
      4     11      2     10  0.208267931865906     
      3     12      2     10  -2.22220379559772     
      3      7      3     10  0.798700000000000     
      1      9      3     10 -0.798700000000000     
      4      9      3     10  -3.31330000000000     
      3     10      3     10  -5.39990000000000     
      1      7      4     10  -1.81204834482969     
      4      7      4     10  -1.21523586373181     
      3      8      4     10   2.10485025916335     
      2      9      4     10   2.10485025916335     
      5      9      4     10 -0.161842827459232     
      1     10      4     10  -1.21523586373181     
      4     10      4     10  -8.52632000000000     
      3     11      4     10 -0.161842827459232     
      2      7      5     10  0.944054136721900     
      5      7      5     10  -1.00696793186591     
      1      8      5     10  -1.85007830913674     
      4      8      5     10  0.208267931865906     
      6      9      5     10  0.388245000000002     
      2     10      5     10   1.00696793186591     
      5     10      5     10  -5.83486500000000     
      1     11      5     10 -0.208267931865906     
      4     11      5     10  -2.83161500000000     
      3     12      5     10 -0.528404999999998     
      6      7      6     10   1.42350379559772     
      2      8      6     10   1.56927989950805     
      5      8      6     10  -1.74411961958430     
      6     10      6     10  -5.25974000000000     
      2     11      6     10 -0.360730639579042     
      5     11      6     10 -0.161842827459232     
      1     12      6     10   2.22220379559772     
      4     12      6     10  -3.17314000000000     
      8      9      7     10  -1.73607782569648     
      7     10      7     10  -2.21377500000000     
      9     11      7     10  -1.38338898000526     
      7      8      8     10  0.000000000000000E+000
      8     10      8     10  -1.21145000000000     
      7     11      8     10  -2.00465000000000     
     10     11      8     10 -0.798700000000000     
      9     12      8     10 -0.798700000000000     
      7      9      9     10  -1.59740000000000     
      9     10      9     10  -2.08660000000000     
      2      7      1     11  6.607912870188289E-002
      5      7      1     11  -4.51672500000000     
      1      8      1     11  6.607912870188289E-002
      4      8      1     11   1.76817500000000     
      6      9      1     11   2.22220379559772     
      2     10      1     11 -0.236474999999998     
      5     10      1     11 -0.208267931865906     
      1     11      1     11  -5.72817500000000     
      4     11      1     11  -1.00696793186591     
      3     12      1     11   1.42350379559772     
      6      7      2     11   1.53128446833655     
      2      8      2     11 -6.607912870188289E-002
      5      8      2     11  -3.63263750000000     
      6     10      2     11 -0.360730639579042     
      2     11      2     11  -5.84641250000000     
      5     11      2     11   1.21523586373181     
      1     12      2     11 -0.204793357359924     
      4     12      2     11  -1.74411961958430     
      1      7      3     11   1.56927989950805     
      4      7      3     11   1.74411961958430     
      3      8      3     11  -1.42350379559772     
      2      9      3     11  -2.22220379559772     
      5      9      3     11  -3.17314000000000     
      1     10      3     11  0.360730639579042     
      4     10      3     11 -0.161842827459232     
      3     11      3     11  -5.25974000000000     
      2      7      4     11  -1.85007830913674     
      5      7      4     11 -0.208267931865906     
      1      8      4     11  0.944054136721900     
      4      8      4     11   1.00696793186591     
      6      9      4     11 -0.528404999999998     
      2     10      4     11  0.208267931865906     
      5     10      4     11  -2.83161500000000     
      1     11      4     11  -1.00696793186591     
      4     11      4     11  -5.83486500000000     
      3     12      4     11  0.388245000000002     
      6      7      5     11  -2.10485025916335     
      2      8      5     11  -1.81204834482969     
      5      8      5     11   1.21523586373181     
      6     10      5     11 -0.161842827459232     
      2     11      5     11   1.21523586373181     
      5     11      5     11  -8.52632000000000     
      1     12      5     11  -2.10485025916335     
      4     12      5     11 -0.161842827459232     
      6      8      6     11 -0.798700000000000     
      6     11      6     11  -5.39990000000000     
      2     12      6     11  0.798700000000000     
      5     12      6     11  -3.31330000000000     
      7      8      7     11  0.000000000000000E+000
      8     10      7     11  -2.00465000000000     
      7     11      7     11  -1.21145000000000     
     10     11      7     11 -0.798700000000000     
      9     12      7     11 -0.798700000000000     
      8     11      8     11  -2.21377500000000     
      7     12      8     11  -1.73607782569648     
     10     12      8     11  -1.38338898000526     
      8      9      9     11 -0.798700000000000     
      7     10      9     11  -1.38338898000526     
      9     11      9     11  -2.08660000000000     
      7      8     10     11   2.79413244585864     
      8     10     10     11 -0.798700000000000     
      7     11     10     11 -0.798700000000000     
     10     11     10     11  -3.00325000000000     
      9     12     10     11  0.916650000000001     
      6      7      1     12  -5.40081250000000     
      2      8      1     12  0.114452408231544     
      5      8      1     12   1.53128446833655     
      6     10      1     12   2.22220379559772     
      2     11      1     12 -0.204793357359924     
      5     11      1     12  -2.10485025916335     
      1     12      1     12  -5.60993750000000     
      4     12      1     12   1.42350379559772     
      6      8      2     12  -2.74855000000000     
      6     11      2     12  0.798700000000000     
      2     12      2     12  -5.96465000000000     
      5     12      2     12 -0.798700000000000     
      2      7      3     12   2.75610248155159     
      5      7      3     12   2.22220379559772     
      1      8      3     12 -3.802996430705763E-002
      4      8      3     12  -1.42350379559772     
      6      9      3     12  -2.64473500000000     
      2     10      3     12  -2.22220379559772     
      5     10      3     12 -0.528404999999998     
      1     11      3     12   1.42350379559772     
      4     11      3     12  0.388245000000003     
      3     12      3     12  -5.64798500000000     
      6      7      4     12   2.22220379559772     
      2      8      4     12   1.56927989950805     
      5      8      4     12 -0.360730639579042     
      6     10      4     12  -3.17314000000000     
      2     11      4     12  -1.74411961958430     
      5     11      4     12 -0.161842827459232     
      1     12      4     12   1.42350379559772     
      4     12      4     12  -5.25974000000000     
      6      8      5     12  0.798700000000000     
      6     11      5     12  -3.31330000000000     
      2     12      5     12 -0.798700000000000     
      5     12      5     12  -5.39990000000000     
      6     12      6     12  -8.71320000000000     
      8     11      7     12  -1.73607782569648     
      7     12      7     12 -0.209125000000000     
     10     12      7     12 -0.798700000000000     
      8     12      8     12  -3.21610000000000     
     11     12      8     12  -1.59740000000000     
      7      8      9     12  -2.79413244585864     
      8     10      9     12 -0.798700000000000     
      7     11      9     12 -0.798700000000000     
     10     11      9     12  0.916650000000001     
      9     12      9     12  -3.00325000000000     
      8     11     10     12  -1.38338898000526     
      7     12     10     12 -0.798700000000000     
     10     12     10     12  -2.08660000000000     
      8     12     11     12  -1.59740000000000     
     11     12     11     12  -2.08660000000000     
