      1      1      1      1           2           0   5.70528875759150     
      1      1      1      1           0           0  -12.1334500000000     
      1      1      1      2           2           0 -0.228904816463088     
      1      1      2      1           2           0 -0.228904816463088     
      1      1      2      2           4           0  -6.16283250170520     
      1      1      2      2           2           0   1.50341006911820     
      1      2      1      1           2           0  0.228904816463088     
      1      2      1      2           2           0  0.647613458930172     
      1      2      1      2           0           0  -16.3689386213741     
      1      2      2      1           4           0   12.0765838837306     
      1      2      2      1           2           0  -3.22934377880689     
      1      2      2      2           4           0   7.02722541916004     
      1      2      2      2           2           0   1.14073044287905     
      2      1      1      1           2           0  0.228904816463088     
      2      1      1      2           4           0   12.0765838837306     
      2      1      1      2           2           0  -3.22934377880689     
      2      1      2      1           2           0  0.647613458930172     
      2      1      2      1           0           0  -16.3689386213741     
      2      1      2      2           4           0   7.02722541916004     
      2      1      2      2           2           0   1.14073044287905     
      2      2      1      1           4           0  -6.16283250170521     
      2      2      1      1           2           0   1.50341006911820     
      2      2      1      2           4           0  -7.02722541916004     
      2      2      1      2           2           0  -1.14073044287905     
      2      2      2      1           4           0  -7.02722541916004     
      2      2      2      1           2           0  -1.14073044287905     
      2      2      2      2           6           0   6.99731109366842     
      2      2      2      2           4           0  -8.27690624177446     
      2      2      2      2           2           0   5.39002952985186     
      2      2      2      2           0           0  -25.0208250000000     
      1      1      1      1           2           0   5.70528875759150     
      1      1      1      1           0           0  -12.1334500000000     
      1      1      1      2           2           0 -0.228904816463088     
      1      1      2      1           2           0 -0.228904816463088     
      1      1      2      2           4           0  -6.16283250170520     
      1      1      2      2           2           0   1.50341006911820     
      1      2      1      1           2           0  0.228904816463088     
      1      2      1      2           2           0  0.647613458930172     
      1      2      1      2           0           0  -16.3689386213741     
      1      2      2      1           4           0   12.0765838837306     
      1      2      2      1           2           0  -3.22934377880689     
      1      2      2      2           4           0   7.02722541916004     
      1      2      2      2           2           0   1.14073044287905     
      2      1      1      1           2           0  0.228904816463088     
      2      1      1      2           4           0   12.0765838837306     
      2      1      1      2           2           0  -3.22934377880689     
      2      1      2      1           2           0  0.647613458930172     
      2      1      2      1           0           0  -16.3689386213741     
      2      1      2      2           4           0   7.02722541916004     
      2      1      2      2           2           0   1.14073044287905     
      2      2      1      1           4           0  -6.16283250170521     
      2      2      1      1           2           0   1.50341006911820     
      2      2      1      2           4           0  -7.02722541916004     
      2      2      1      2           2           0  -1.14073044287905     
      2      2      2      1           4           0  -7.02722541916004     
      2      2      2      1           2           0  -1.14073044287905     
      2      2      2      2           6           0   6.99731109366842     
      2      2      2      2           4           0  -8.27690624177446     
      2      2      2      2           2           0   5.39002952985186     
      2      2      2      2           0           0  -25.0208250000000     
          60           6
   1   1   3   3   0   0   0   0-12.1335   1   1
   1   1   3   3   2   0   0   0  5.7053   1   1
   1   1   3   4   2   0   0   0 -0.2289   1   1
   1   1   4   3   2   0   0   0  0.2289   1   1
   1   1   4   4   0   0   0   0-16.3689   1   1
   1   1   4   4   2   0   0   0  0.6476   1   1
   1   2   3   3   2   0   0   0 -0.2289   1   1
   1   2   3   4   2   0   0   0  1.5034   1   1
   1   2   3   4   4   0   0   0 -6.1628   1   1
   1   2   4   3   2   0   0   0 -3.2293   1   1
   1   2   4   3   4   0   0   0 12.0766   1   1
   1   2   4   4   2   0   0   0  1.1407   1   1
   1   2   4   4   4   0   0   0  7.0272   1   1
   2   1   3   3   2   0   0   0  0.2289   1   1
   2   1   3   4   2   0   0   0 -3.2293   1   1
   2   1   3   4   4   0   0   0 12.0766   1   1
   2   1   4   3   2   0   0   0  1.5034   1   1
   2   1   4   3   4   0   0   0 -6.1628   1   1
   2   1   4   4   2   0   0   0 -1.1407   1   1
   2   1   4   4   4   0   0   0 -7.0272   1   1
   2   2   3   3   0   0   0   0-16.3689   1   1
   2   2   3   3   2   0   0   0  0.6476   1   1
   2   2   3   4   2   0   0   0  1.1407   1   1
   2   2   3   4   4   0   0   0  7.0272   1   1
   2   2   4   3   2   0   0   0 -1.1407   1   1
   2   2   4   3   4   0   0   0 -7.0272   1   1
   2   2   4   4   0   0   0   0-25.0208   1   1
   2   2   4   4   2   0   0   0  5.3900   1   1
   2   2   4   4   4   0   0   0 -8.2769   1   1
   2   2   4   4   6   0   0   0  6.9973   1   1
   3   3   1   1   0   0   0   0-12.1335   1   1
   3   3   1   1   2   0   0   0  5.7053   1   1
   3   3   1   2   2   0   0   0 -0.2289   1   1
   3   3   2   1   2   0   0   0  0.2289   1   1
   3   3   2   2   0   0   0   0-16.3689   1   1
   3   3   2   2   2   0   0   0  0.6476   1   1
   3   4   1   1   2   0   0   0 -0.2289   1   1
   3   4   1   2   2   0   0   0  1.5034   1   1
   3   4   1   2   4   0   0   0 -6.1628   1   1
   3   4   2   1   2   0   0   0 -3.2293   1   1
   3   4   2   1   4   0   0   0 12.0766   1   1
   3   4   2   2   2   0   0   0  1.1407   1   1
   3   4   2   2   4   0   0   0  7.0272   1   1
   4   3   1   1   2   0   0   0  0.2289   1   1
   4   3   1   2   2   0   0   0 -3.2293   1   1
   4   3   1   2   4   0   0   0 12.0766   1   1
   4   3   2   1   2   0   0   0  1.5034   1   1
   4   3   2   1   4   0   0   0 -6.1628   1   1
   4   3   2   2   2   0   0   0 -1.1407   1   1
   4   3   2   2   4   0   0   0 -7.0272   1   1
   4   4   1   1   0   0   0   0-16.3689   1   1
   4   4   1   1   2   0   0   0  0.6476   1   1
   4   4   1   2   2   0   0   0  1.1407   1   1
   4   4   1   2   4   0   0   0  7.0272   1   1
   4   4   2   1   2   0   0   0 -1.1407   1   1
   4   4   2   1   4   0   0   0 -7.0272   1   1
   4   4   2   2   0   0   0   0-25.0208   1   1
   4   4   2   2   2   0   0   0  5.3900   1   1
   4   4   2   2   4   0   0   0 -8.2769   1   1
   4   4   2   2   6   0   0   0  6.9973   1   1
