 ! Total Interaction
  20
   1   1   1   1     1     0  -7.7137
   1   2   1   1     1     0  -0.1869
   2   2   1   1     1     0   2.8651
   1   1   1   2     1     0  -0.1869
   1   2   1   2     1     0 -11.7766
   2   2   1   2     1     0  -5.4347
   1   1   2   2     1     0   2.8651
   1   2   2   2     1     0  -5.4347
   2   2   2   2     1     0  -8.2460
   1   2   1   2     2     0  -8.7132
   2   2   2   2     3     0  -8.7132
   1   1   1   1     0     1  -1.1258
   2   2   1   1     0     1  -3.9515
   1   1   2   2     0     1  -3.9515
   2   2   2   2     0     1  -3.9199
   1   2   1   2     1     1   0.7932
   1   2   1   2     2     1  -3.2161
   2   2   1   2     2     1   1.5974
   1   2   2   2     2     1   1.5974
   2   2   2   2     2     1  -2.0866
