 ! Total Interaction
  20
   1   1   1   1     1     0  -9.0621
   1   2   1   1     1     0  -0.0848
   2   2   1   1     1     0   3.1745
   1   1   1   2     1     0  -0.0848
   1   2   1   2     1     0 -13.8694
   2   2   1   2     1     0  -6.2149
   1   1   2   2     1     0   3.1745
   1   2   2   2     1     0  -6.2149
   2   2   2   2     1     0  -9.8963
   1   2   1   2     2     0 -10.1084
   2   2   2   2     3     0 -10.1084
   1   1   1   1     0     1  -1.0191
   2   2   1   1     0     1  -4.1964
   1   1   2   2     0     1  -4.1964
   2   2   2   2     0     1  -3.9864
   1   2   1   2     1     1   0.9521
   1   2   1   2     2     1  -3.4157
   2   2   1   2     2     1   1.6799
   1   2   2   2     2     1   1.6799
   2   2   2   2     2     1  -2.2278
