      1      2      1      2  -1.01910000000000     
      2      4      1      2  0.000000000000000E+000
      1      5      1      2  0.000000000000000E+000
      4      5      1      2   2.96730289657123     
      3      6      1      2  -2.96730289657123     
      1      3      1      3  -3.41570000000000     
      3      4      1      3  -1.67990000000000     
      2      3      2      3 -0.139850000000000     
      1      4      2      3  -1.89131287932484     
      3      5      2      3 -0.839950000000000     
      2      3      1      4  -1.89131287932484     
      1      4      1      4  -2.32375000000000     
      3      5      1      4  -1.45483607581748     
      1      2      2      4  0.000000000000000E+000
      2      4      2      4  -1.23180000000000     
      1      5      2      4  -2.18390000000000     
      4      5      2      4 -0.839950000000000     
      3      6      2      4 -0.839950000000000     
      1      3      3      4  -1.67990000000000     
      3      4      3      4  -2.22780000000000     
      1      2      1      5  0.000000000000000E+000
      2      4      1      5  -2.18390000000000     
      1      5      1      5  -1.23180000000000     
      4      5      1      5 -0.839950000000000     
      3      6      1      5 -0.839950000000000     
      2      5      2      5  -2.32375000000000     
      1      6      2      5  -1.89131287932484     
      4      6      2      5  -1.45483607581748     
      2      3      3      5 -0.839950000000000     
      1      4      3      5  -1.45483607581748     
      3      5      3      5  -2.22780000000000     
      1      2      4      5   2.96730289657123     
      2      4      4      5 -0.839950000000000     
      1      5      4      5 -0.839950000000000     
      4      5      4      5  -3.10710000000000     
      3      6      4      5  0.879300000000000     
      2      5      1      6  -1.89131287932484     
      1      6      1      6 -0.139850000000000     
      4      6      1      6 -0.839950000000000     
      2      6      2      6  -3.41570000000000     
      5      6      2      6  -1.67990000000000     
      1      2      3      6  -2.96730289657123     
      2      4      3      6 -0.839950000000000     
      1      5      3      6 -0.839950000000000     
      4      5      3      6  0.879300000000000     
      3      6      3      6  -3.10710000000000     
      2      5      4      6  -1.45483607581748     
      1      6      4      6 -0.839950000000000     
      4      6      4      6  -2.22780000000000     
      2      6      5      6  -1.67990000000000     
      5      6      5      6  -2.22780000000000     
      1      7      1      7  -9.06210000000000     
      4      7      1      7  2.998132752230963E-002
      3      8      1      7 -5.192918254700340E-002
      2      9      1      7 -5.192918254700340E-002
      5      9      1      7   1.73874525880015     
      1     10      1      7  2.998132752230963E-002
      4     10      1      7  -2.00773008644090     
      3     11      1      7   1.73874525880015     
      2      7      2      7  -5.04060000000000     
      5      7      2      7  2.998132752230963E-002
      1      8      2      7  -4.02150000000000     
      4      8      2      7 -2.998132752230963E-002
      6      9      2      7  2.214611654506404E-002
      2     10      2      7 -2.998132752230963E-002
      5     10      2      7  0.981718926675388     
      1     11      2      7  2.998132752230963E-002
      4     11      2      7  -1.98558396989584     
      3     12      2      7   2.98944901311629     
      3      7      3      7  -6.76205000000000     
      1      9      3      7  -3.34635000000000     
      4      9      3      7 -0.839950000000000     
      3     10      3      7  0.839950000000000     
      1      7      4      7  2.998132752230963E-002
      4      7      4      7  -6.68620000000000     
      3      8      4      7 -0.131376053754098     
      2      9      4      7   1.75993682557074     
      5      9      4      7  0.476092172008485     
      1     10      4      7  -4.36245000000000     
      4     10      4      7  -1.38969388733635     
      3     11      4      7   1.93092824782596     
      2      7      5      7  2.998132752230963E-002
      5      7      5      7  -6.61035000000000     
      1      8      5      7  2.998132752230963E-002
      4      8      5      7 -0.151699999999999     
      6      9      5      7   1.66456583100452     
      2     10      5      7   2.03220000000000     
      5     10      5      7  -1.11482194366817     
      1     11      5      7  -5.37855000000000     
      4     11      5      7 -0.274871943668172     
      3     12      5      7   2.50451583100452     
      6      7      6      7  -6.53450000000000     
      2      8      6      7  5.192918254700340E-002
      5      8      6      7 -0.131376053754098     
      6     10      6      7   1.66456583100452     
      2     11      6      7   1.75993682557074     
      5     11      6      7  -2.40702041983445     
      1     12      6      7  -6.39465000000000     
      4     12      6      7   2.50451583100452     
      2      7      1      8  -4.02150000000000     
      5      7      1      8  2.998132752230963E-002
      1      8      1      8  -5.04060000000000     
      4      8      1      8 -2.998132752230963E-002
      6      9      1      8   2.98944901311629     
      2     10      1      8 -2.998132752230963E-002
      5     10      1      8  -1.98558396989584     
      1     11      1      8  2.998132752230963E-002
      4     11      1      8  0.981718926675388     
      3     12      1      8  2.214611654506404E-002
      6      7      2      8  5.192918254700340E-002
      2      8      2      8  -9.06210000000000     
      5      8      2      8 -2.998132752230963E-002
      6     10      2      8   1.73874525880015     
      2     11      2      8 -2.998132752230963E-002
      5     11      2      8  -2.00773008644090     
      1     12      2      8  5.192918254700340E-002
      4     12      2      8   1.73874525880015     
      1      7      3      8 -5.192918254700340E-002
      4      7      3      8 -0.131376053754098     
      3      8      3      8  -6.53450000000000     
      2      9      3      8  -6.39465000000000     
      5      9      3      8  -2.50451583100452     
      1     10      3      8   1.75993682557074     
      4     10      3      8   2.40702041983445     
      3     11      3      8  -1.66456583100452     
      2      7      4      8 -2.998132752230963E-002
      5      7      4      8 -0.151699999999999     
      1      8      4      8 -2.998132752230963E-002
      4      8      4      8  -6.61035000000000     
      6      9      4      8  -2.50451583100452     
      2     10      4      8  -5.37855000000000     
      5     10      4      8  0.274871943668172     
      1     11      4      8   2.03220000000000     
      4     11      4      8   1.11482194366817     
      3     12      4      8  -1.66456583100452     
      6      7      5      8 -0.131376053754098     
      2      8      5      8 -2.998132752230963E-002
      5      8      5      8  -6.68620000000000     
      6     10      5      8  -1.93092824782596     
      2     11      5      8  -4.36245000000000     
      5     11      5      8   1.38969388733635     
      1     12      5      8   1.75993682557074     
      4     12      5      8 -0.476092172008485     
      6      8      6      8  -6.76205000000000     
      6     11      6      8 -0.839950000000000     
      2     12      6      8  -3.34635000000000     
      5     12      6      8  0.839950000000000     
      7      8      7      8  -1.01910000000000     
      8     10      7      8  0.000000000000000E+000
      7     11      7      8  0.000000000000000E+000
     10     11      7      8   2.96730289657123     
      9     12      7      8  -2.96730289657123     
      3      7      1      9  -3.34635000000000     
      1      9      1      9  -6.76205000000000     
      4      9      1      9  0.839950000000000     
      3     10      1      9 -0.839950000000000     
      1      7      2      9 -5.192918254700340E-002
      4      7      2      9   1.75993682557074     
      3      8      2      9  -6.39465000000000     
      2      9      2      9  -6.53450000000000     
      5      9      2      9  -1.66456583100452     
      1     10      2      9 -0.131376053754098     
      4     10      2      9   2.40702041983445     
      3     11      2      9  -2.50451583100452     
      3      9      3      9  -10.1084000000000     
      3      7      4      9 -0.839950000000000     
      1      9      4      9  0.839950000000000     
      4      9      4      9  -6.16810000000000     
      3     10      4      9  -3.94030000000000     
      1      7      5      9   1.73874525880015     
      4      7      5      9  0.476092172008485     
      3      8      5      9  -2.50451583100452     
      2      9      5      9  -1.66456583100452     
      5      9      5      9  -6.10447000000000     
      1     10      5      9   1.93092824782596     
      4     10      5      9 -7.347359525706576E-002
      3     11      5      9  -3.87667000000000     
      2      7      6      9  2.214611654506449E-002
      5      7      6      9   1.66456583100452     
      1      8      6      9   2.98944901311629     
      4      8      6      9  -2.50451583100452     
      6      9      6      9  -6.51230500000000     
      2     10      6      9  -1.66456583100452     
      5     10      6      9  0.407835000000003     
      1     11      6      9   2.50451583100452     
      4     11      6      9 -0.471464999999998     
      3     12      6      9  -3.40520500000000     
      7      9      7      9  -3.41570000000000     
      9     10      7      9  -1.67990000000000     
      8      9      8      9 -0.139850000000000     
      7     10      8      9  -1.89131287932484     
      9     11      8      9 -0.839950000000000     
      1      7      1     10  2.998132752230963E-002
      4      7      1     10  -4.36245000000000     
      3      8      1     10   1.75993682557074     
      2      9      1     10 -0.131376053754098     
      5      9      1     10   1.93092824782596     
      1     10      1     10  -6.68620000000000     
      4     10      1     10  -1.38969388733635     
      3     11      1     10  0.476092172008485     
      2      7      2     10 -2.998132752230963E-002
      5      7      2     10   2.03220000000000     
      1      8      2     10 -2.998132752230963E-002
      4      8      2     10  -5.37855000000000     
      6      9      2     10  -1.66456583100452     
      2     10      2     10  -6.61035000000000     
      5     10      2     10   1.11482194366817     
      1     11      2     10 -0.151699999999999     
      4     11      2     10  0.274871943668172     
      3     12      2     10  -2.50451583100452     
      3      7      3     10  0.839950000000000     
      1      9      3     10 -0.839950000000000     
      4      9      3     10  -3.94030000000000     
      3     10      3     10  -6.16809999999999     
      1      7      4     10  -2.00773008644090     
      4      7      4     10  -1.38969388733635     
      3      8      4     10   2.40702041983445     
      2      9      4     10   2.40702041983445     
      5      9      4     10 -7.347359525706576E-002
      1     10      4     10  -1.38969388733635     
      4     10      4     10  -10.0235600000000     
      3     11      4     10 -7.347359525706576E-002
      2      7      5     10  0.981718926675388     
      5      7      5     10  -1.11482194366817     
      1      8      5     10  -1.98558396989584     
      4      8      5     10  0.274871943668172     
      6      9      5     10  0.407835000000003     
      2     10      5     10   1.11482194366817     
      5     10      5     10  -6.59714500000000     
      1     11      5     10 -0.274871943668172     
      4     11      5     10  -3.49004500000000     
      3     12      5     10 -0.471464999999998     
      6      7      6     10   1.66456583100452     
      2      8      6     10   1.73874525880015     
      5      8      6     10  -1.93092824782596     
      6     10      6     10  -6.10447000000000     
      2     11      6     10 -0.476092172008485     
      5     11      6     10 -7.347359525706576E-002
      1     12      6     10   2.50451583100452     
      4     12      6     10  -3.87667000000000     
      8      9      7     10  -1.89131287932484     
      7     10      7     10  -2.32375000000000     
      9     11      7     10  -1.45483607581748     
      7      8      8     10  0.000000000000000E+000
      8     10      8     10  -1.23180000000000     
      7     11      8     10  -2.18390000000000     
     10     11      8     10 -0.839950000000000     
      9     12      8     10 -0.839950000000000     
      7      9      9     10  -1.67990000000000     
      9     10      9     10  -2.22780000000000     
      2      7      1     11  2.998132752230963E-002
      5      7      1     11  -5.37855000000000     
      1      8      1     11  2.998132752230963E-002
      4      8      1     11   2.03220000000000     
      6      9      1     11   2.50451583100452     
      2     10      1     11 -0.151699999999999     
      5     10      1     11 -0.274871943668172     
      1     11      1     11  -6.61035000000000     
      4     11      1     11  -1.11482194366817     
      3     12      1     11   1.66456583100452     
      6      7      2     11   1.75993682557074     
      2      8      2     11 -2.998132752230963E-002
      5      8      2     11  -4.36245000000000     
      6     10      2     11 -0.476092172008485     
      2     11      2     11  -6.68620000000000     
      5     11      2     11   1.38969388733635     
      1     12      2     11 -0.131376053754098     
      4     12      2     11  -1.93092824782596     
      1      7      3     11   1.73874525880015     
      4      7      3     11   1.93092824782596     
      3      8      3     11  -1.66456583100452     
      2      9      3     11  -2.50451583100452     
      5      9      3     11  -3.87667000000000     
      1     10      3     11  0.476092172008485     
      4     10      3     11 -7.347359525706576E-002
      3     11      3     11  -6.10447000000000     
      2      7      4     11  -1.98558396989584     
      5      7      4     11 -0.274871943668172     
      1      8      4     11  0.981718926675388     
      4      8      4     11   1.11482194366817     
      6      9      4     11 -0.471464999999998     
      2     10      4     11  0.274871943668172     
      5     10      4     11  -3.49004500000000     
      1     11      4     11  -1.11482194366817     
      4     11      4     11  -6.59714500000000     
      3     12      4     11  0.407835000000003     
      6      7      5     11  -2.40702041983445     
      2      8      5     11  -2.00773008644090     
      5      8      5     11   1.38969388733635     
      6     10      5     11 -7.347359525706576E-002
      2     11      5     11   1.38969388733635     
      5     11      5     11  -10.0235600000000     
      1     12      5     11  -2.40702041983445     
      4     12      5     11 -7.347359525706576E-002
      6      8      6     11 -0.839950000000000     
      6     11      6     11  -6.16810000000000     
      2     12      6     11  0.839950000000000     
      5     12      6     11  -3.94030000000000     
      7      8      7     11  0.000000000000000E+000
      8     10      7     11  -2.18390000000000     
      7     11      7     11  -1.23180000000000     
     10     11      7     11 -0.839950000000000     
      9     12      7     11 -0.839950000000000     
      8     11      8     11  -2.32375000000000     
      7     12      8     11  -1.89131287932484     
     10     12      8     11  -1.45483607581748     
      8      9      9     11 -0.839950000000000     
      7     10      9     11  -1.45483607581748     
      9     11      9     11  -2.22780000000000     
      7      8     10     11   2.96730289657123     
      8     10     10     11 -0.839950000000000     
      7     11     10     11 -0.839950000000000     
     10     11     10     11  -3.10710000000000     
      9     12     10     11  0.879300000000000     
      6      7      1     12  -6.39465000000000     
      2      8      1     12  5.192918254700340E-002
      5      8      1     12   1.75993682557074     
      6     10      1     12   2.50451583100452     
      2     11      1     12 -0.131376053754098     
      5     11      1     12  -2.40702041983445     
      1     12      1     12  -6.53450000000000     
      4     12      1     12   1.66456583100452     
      6      8      2     12  -3.34635000000000     
      6     11      2     12  0.839950000000000     
      2     12      2     12  -6.76205000000000     
      5     12      2     12 -0.839950000000000     
      2      7      3     12   2.98944901311629     
      5      7      3     12   2.50451583100452     
      1      8      3     12  2.214611654506449E-002
      4      8      3     12  -1.66456583100452     
      6      9      3     12  -3.40520500000000     
      2     10      3     12  -2.50451583100452     
      5     10      3     12 -0.471464999999998     
      1     11      3     12   1.66456583100452     
      4     11      3     12  0.407835000000003     
      3     12      3     12  -6.51230500000000     
      6      7      4     12   2.50451583100452     
      2      8      4     12   1.73874525880015     
      5      8      4     12 -0.476092172008485     
      6     10      4     12  -3.87667000000000     
      2     11      4     12  -1.93092824782596     
      5     11      4     12 -7.347359525706576E-002
      1     12      4     12   1.66456583100452     
      4     12      4     12  -6.10447000000000     
      6      8      5     12  0.839950000000000     
      6     11      5     12  -3.94030000000000     
      2     12      5     12 -0.839950000000000     
      5     12      5     12  -6.16809999999999     
      6     12      6     12  -10.1084000000000     
      8     11      7     12  -1.89131287932484     
      7     12      7     12 -0.139850000000000     
     10     12      7     12 -0.839950000000000     
      8     12      8     12  -3.41570000000000     
     11     12      8     12  -1.67990000000000     
      7      8      9     12  -2.96730289657123     
      8     10      9     12 -0.839950000000000     
      7     11      9     12 -0.839950000000000     
     10     11      9     12  0.879300000000000     
      9     12      9     12  -3.10710000000000     
      8     11     10     12  -1.45483607581748     
      7     12     10     12 -0.839950000000000     
     10     12     10     12  -2.22780000000000     
      8     12     11     12  -1.67990000000000     
     11     12     11     12  -2.22780000000000     
