      1      1      1      1           2           0   6.96544232263824     
      1      1      1      1           0           0  -14.1027000000000     
      1      1      1      2           2           0 -0.103858365094007     
      1      1      2      1           2           0 -0.103858365094007     
      1      1      2      2           4           0  -6.68461120859769     
      1      1      2      2           2           0   1.77710345784654     
      1      2      1      1           2           0  0.103858365094007     
      1      2      1      2           2           0  0.415447559867669     
      1      2      1      2           0           0  -18.8041613427720     
      1      2      2      1           4           0   14.2988720923190     
      1      2      2      1           2           0  -4.03611139433737     
      1      2      2      2           4           0   7.91997446192363     
      1      2      2      2           2           0   1.50553563972347     
      2      1      1      1           2           0  0.103858365094007     
      2      1      1      2           4           0   14.2988720923190     
      2      1      1      2           2           0  -4.03611139433737     
      2      1      2      1           2           0  0.415447559867669     
      2      1      2      1           0           0  -18.8041613427720     
      2      1      2      2           4           0   7.91997446192363     
      2      1      2      2           2           0   1.50553563972347     
      2      2      1      1           4           0  -6.68461120859769     
      2      2      1      1           2           0   1.77710345784654     
      2      2      1      2           4           0  -7.91997446192363     
      2      2      1      2           2           0  -1.50553563972347     
      2      2      2      1           4           0  -7.91997446192363     
      2      2      2      1           2           0  -1.50553563972347     
      2      2      2      2           6           0   9.00932559319370     
      2      2      2      2           4           0  -9.72272543534605     
      2      2      2      2           2           0   6.26535604647294     
      2      2      2      2           0           0  -28.8932750000000     
      1      1      1      1           2           0   6.96544232263824     
      1      1      1      1           0           0  -14.1027000000000     
      1      1      1      2           2           0 -0.103858365094007     
      1      1      2      1           2           0 -0.103858365094007     
      1      1      2      2           4           0  -6.68461120859769     
      1      1      2      2           2           0   1.77710345784654     
      1      2      1      1           2           0  0.103858365094007     
      1      2      1      2           2           0  0.415447559867669     
      1      2      1      2           0           0  -18.8041613427720     
      1      2      2      1           4           0   14.2988720923190     
      1      2      2      1           2           0  -4.03611139433737     
      1      2      2      2           4           0   7.91997446192363     
      1      2      2      2           2           0   1.50553563972347     
      2      1      1      1           2           0  0.103858365094007     
      2      1      1      2           4           0   14.2988720923190     
      2      1      1      2           2           0  -4.03611139433737     
      2      1      2      1           2           0  0.415447559867669     
      2      1      2      1           0           0  -18.8041613427720     
      2      1      2      2           4           0   7.91997446192363     
      2      1      2      2           2           0   1.50553563972347     
      2      2      1      1           4           0  -6.68461120859769     
      2      2      1      1           2           0   1.77710345784654     
      2      2      1      2           4           0  -7.91997446192363     
      2      2      1      2           2           0  -1.50553563972347     
      2      2      2      1           4           0  -7.91997446192363     
      2      2      2      1           2           0  -1.50553563972347     
      2      2      2      2           6           0   9.00932559319370     
      2      2      2      2           4           0  -9.72272543534605     
      2      2      2      2           2           0   6.26535604647294     
      2      2      2      2           0           0  -28.8932750000000     
          60           6
   1   1   3   3   0   0   0   0-14.1027   1   1
   1   1   3   3   2   0   0   0  6.9654   1   1
   1   1   3   4   2   0   0   0 -0.1039   1   1
   1   1   4   3   2   0   0   0  0.1039   1   1
   1   1   4   4   0   0   0   0-18.8042   1   1
   1   1   4   4   2   0   0   0  0.4154   1   1
   1   2   3   3   2   0   0   0 -0.1039   1   1
   1   2   3   4   2   0   0   0  1.7771   1   1
   1   2   3   4   4   0   0   0 -6.6846   1   1
   1   2   4   3   2   0   0   0 -4.0361   1   1
   1   2   4   3   4   0   0   0 14.2989   1   1
   1   2   4   4   2   0   0   0  1.5055   1   1
   1   2   4   4   4   0   0   0  7.9200   1   1
   2   1   3   3   2   0   0   0  0.1039   1   1
   2   1   3   4   2   0   0   0 -4.0361   1   1
   2   1   3   4   4   0   0   0 14.2989   1   1
   2   1   4   3   2   0   0   0  1.7771   1   1
   2   1   4   3   4   0   0   0 -6.6846   1   1
   2   1   4   4   2   0   0   0 -1.5055   1   1
   2   1   4   4   4   0   0   0 -7.9200   1   1
   2   2   3   3   0   0   0   0-18.8042   1   1
   2   2   3   3   2   0   0   0  0.4154   1   1
   2   2   3   4   2   0   0   0  1.5055   1   1
   2   2   3   4   4   0   0   0  7.9200   1   1
   2   2   4   3   2   0   0   0 -1.5055   1   1
   2   2   4   3   4   0   0   0 -7.9200   1   1
   2   2   4   4   0   0   0   0-28.8933   1   1
   2   2   4   4   2   0   0   0  6.2654   1   1
   2   2   4   4   4   0   0   0 -9.7227   1   1
   2   2   4   4   6   0   0   0  9.0093   1   1
   3   3   1   1   0   0   0   0-14.1027   1   1
   3   3   1   1   2   0   0   0  6.9654   1   1
   3   3   1   2   2   0   0   0 -0.1039   1   1
   3   3   2   1   2   0   0   0  0.1039   1   1
   3   3   2   2   0   0   0   0-18.8042   1   1
   3   3   2   2   2   0   0   0  0.4154   1   1
   3   4   1   1   2   0   0   0 -0.1039   1   1
   3   4   1   2   2   0   0   0  1.7771   1   1
   3   4   1   2   4   0   0   0 -6.6846   1   1
   3   4   2   1   2   0   0   0 -4.0361   1   1
   3   4   2   1   4   0   0   0 14.2989   1   1
   3   4   2   2   2   0   0   0  1.5055   1   1
   3   4   2   2   4   0   0   0  7.9200   1   1
   4   3   1   1   2   0   0   0  0.1039   1   1
   4   3   1   2   2   0   0   0 -4.0361   1   1
   4   3   1   2   4   0   0   0 14.2989   1   1
   4   3   2   1   2   0   0   0  1.7771   1   1
   4   3   2   1   4   0   0   0 -6.6846   1   1
   4   3   2   2   2   0   0   0 -1.5055   1   1
   4   3   2   2   4   0   0   0 -7.9200   1   1
   4   4   1   1   0   0   0   0-18.8042   1   1
   4   4   1   1   2   0   0   0  0.4154   1   1
   4   4   1   2   2   0   0   0  1.5055   1   1
   4   4   1   2   4   0   0   0  7.9200   1   1
   4   4   2   1   2   0   0   0 -1.5055   1   1
   4   4   2   1   4   0   0   0 -7.9200   1   1
   4   4   2   2   0   0   0   0-28.8933   1   1
   4   4   2   2   2   0   0   0  6.2654   1   1
   4   4   2   2   4   0   0   0 -9.7227   1   1
   4   4   2   2   6   0   0   0  9.0093   1   1
