      1      1      1      1           2           0   6.35437479772794     
      1      1      1      1           0           0  -13.3651000000000     
      1      1      1      2           2           0  -2.09982508200088     
      1      1      2      1           2           0  -2.09982508200088     
      1      1      2      2           4           0  -9.05997036576336     
      1      1      2      2           2           0   5.88454878486785     
      1      2      1      1           2           0   2.09982508200088     
      1      2      1      2           2           0  0.607835108191362     
      1      2      1      2           0           0  -19.4205109685932     
      1      2      2      1           4           0   14.0109783402159     
      1      2      2      1           2           0  -6.09075666481595     
      1      2      2      2           4           0   10.3148954183366     
      1      2      2      2           2           0   4.34409045644513     
      2      1      1      1           2           0   2.09982508200088     
      2      1      1      2           4           0   14.0109783402159     
      2      1      1      2           2           0  -6.09075666481595     
      2      1      2      1           2           0  0.607835108191362     
      2      1      2      1           0           0  -19.4205109685932     
      2      1      2      2           4           0   10.3148954183366     
      2      1      2      2           2           0   4.34409045644513     
      2      2      1      1           4           0  -9.05997036576336     
      2      2      1      1           2           0   5.88454878486785     
      2      2      1      2           4           0  -10.3148954183366     
      2      2      1      2           2           0  -4.34409045644514     
      2      2      2      1           4           0  -10.3148954183366     
      2      2      2      1           2           0  -4.34409045644514     
      2      2      2      2           6           0   5.85807703663711     
      2      2      2      2           4           0  -9.49370735309052     
      2      2      2      2           2           0   11.2592742168878     
      2      2      2      2           0           0  -28.5564750000000     
      1      1      1      1           2           0   6.35437479772794     
      1      1      1      1           0           0  -13.3651000000000     
      1      1      1      2           2           0  -2.09982508200088     
      1      1      2      1           2           0  -2.09982508200088     
      1      1      2      2           4           0  -9.05997036576336     
      1      1      2      2           2           0   5.88454878486785     
      1      2      1      1           2           0   2.09982508200088     
      1      2      1      2           2           0  0.607835108191362     
      1      2      1      2           0           0  -19.4205109685932     
      1      2      2      1           4           0   14.0109783402159     
      1      2      2      1           2           0  -6.09075666481595     
      1      2      2      2           4           0   10.3148954183366     
      1      2      2      2           2           0   4.34409045644513     
      2      1      1      1           2           0   2.09982508200088     
      2      1      1      2           4           0   14.0109783402159     
      2      1      1      2           2           0  -6.09075666481595     
      2      1      2      1           2           0  0.607835108191362     
      2      1      2      1           0           0  -19.4205109685932     
      2      1      2      2           4           0   10.3148954183366     
      2      1      2      2           2           0   4.34409045644513     
      2      2      1      1           4           0  -9.05997036576336     
      2      2      1      1           2           0   5.88454878486785     
      2      2      1      2           4           0  -10.3148954183366     
      2      2      1      2           2           0  -4.34409045644514     
      2      2      2      1           4           0  -10.3148954183366     
      2      2      2      1           2           0  -4.34409045644514     
      2      2      2      2           6           0   5.85807703663711     
      2      2      2      2           4           0  -9.49370735309052     
      2      2      2      2           2           0   11.2592742168878     
      2      2      2      2           0           0  -28.5564750000000     
          60           6
   1   1   3   3   0   0   0   0-13.3651   1   1
   1   1   3   3   2   0   0   0  6.3544   1   1
   1   1   3   4   2   0   0   0 -2.0998   1   1
   1   1   4   3   2   0   0   0  2.0998   1   1
   1   1   4   4   0   0   0   0-19.4205   1   1
   1   1   4   4   2   0   0   0  0.6078   1   1
   1   2   3   3   2   0   0   0 -2.0998   1   1
   1   2   3   4   2   0   0   0  5.8845   1   1
   1   2   3   4   4   0   0   0 -9.0600   1   1
   1   2   4   3   2   0   0   0 -6.0908   1   1
   1   2   4   3   4   0   0   0 14.0110   1   1
   1   2   4   4   2   0   0   0  4.3441   1   1
   1   2   4   4   4   0   0   0 10.3149   1   1
   2   1   3   3   2   0   0   0  2.0998   1   1
   2   1   3   4   2   0   0   0 -6.0908   1   1
   2   1   3   4   4   0   0   0 14.0110   1   1
   2   1   4   3   2   0   0   0  5.8845   1   1
   2   1   4   3   4   0   0   0 -9.0600   1   1
   2   1   4   4   2   0   0   0 -4.3441   1   1
   2   1   4   4   4   0   0   0-10.3149   1   1
   2   2   3   3   0   0   0   0-19.4205   1   1
   2   2   3   3   2   0   0   0  0.6078   1   1
   2   2   3   4   2   0   0   0  4.3441   1   1
   2   2   3   4   4   0   0   0 10.3149   1   1
   2   2   4   3   2   0   0   0 -4.3441   1   1
   2   2   4   3   4   0   0   0-10.3149   1   1
   2   2   4   4   0   0   0   0-28.5565   1   1
   2   2   4   4   2   0   0   0 11.2593   1   1
   2   2   4   4   4   0   0   0 -9.4937   1   1
   2   2   4   4   6   0   0   0  5.8581   1   1
   3   3   1   1   0   0   0   0-13.3651   1   1
   3   3   1   1   2   0   0   0  6.3544   1   1
   3   3   1   2   2   0   0   0 -2.0998   1   1
   3   3   2   1   2   0   0   0  2.0998   1   1
   3   3   2   2   0   0   0   0-19.4205   1   1
   3   3   2   2   2   0   0   0  0.6078   1   1
   3   4   1   1   2   0   0   0 -2.0998   1   1
   3   4   1   2   2   0   0   0  5.8845   1   1
   3   4   1   2   4   0   0   0 -9.0600   1   1
   3   4   2   1   2   0   0   0 -6.0908   1   1
   3   4   2   1   4   0   0   0 14.0110   1   1
   3   4   2   2   2   0   0   0  4.3441   1   1
   3   4   2   2   4   0   0   0 10.3149   1   1
   4   3   1   1   2   0   0   0  2.0998   1   1
   4   3   1   2   2   0   0   0 -6.0908   1   1
   4   3   1   2   4   0   0   0 14.0110   1   1
   4   3   2   1   2   0   0   0  5.8845   1   1
   4   3   2   1   4   0   0   0 -9.0600   1   1
   4   3   2   2   2   0   0   0 -4.3441   1   1
   4   3   2   2   4   0   0   0-10.3149   1   1
   4   4   1   1   0   0   0   0-19.4205   1   1
   4   4   1   1   2   0   0   0  0.6078   1   1
   4   4   1   2   2   0   0   0  4.3441   1   1
   4   4   1   2   4   0   0   0 10.3149   1   1
   4   4   2   1   2   0   0   0 -4.3441   1   1
   4   4   2   1   4   0   0   0-10.3149   1   1
   4   4   2   2   0   0   0   0-28.5565   1   1
   4   4   2   2   2   0   0   0 11.2593   1   1
   4   4   2   2   4   0   0   0 -9.4937   1   1
   4   4   2   2   6   0   0   0  5.8581   1   1
