 ! Total Interaction
  20
   1   1   1   1     1     0  -8.5169
   1   2   1   1     1     0  -1.7145
   2   2   1   1     1     0   5.8891
   1   1   1   2     1     0  -1.7145
   1   2   1   2     1     0 -13.5420
   2   2   1   2     1     0  -9.0672
   1   1   2   2     1     0   5.8891
   1   2   2   2     1     0  -9.0672
   2   2   2   2     1     0  -6.9501
   1   2   1   2     2     0 -11.2365
   2   2   2   2     3     0 -11.2365
   1   1   1   1     0     1  -1.1795
   2   2   1   1     0     1  -3.5590
   1   1   2   2     0     1  -3.5590
   2   2   2   2     0     1  -3.6961
   1   2   1   2     1     1   0.3645
   1   2   1   2     2     1  -2.8288
   2   2   1   2     2     1   0.8825
   1   2   2   2     2     1   0.8825
   2   2   2   2     2     1  -2.2048
