      1      2      1      2  -1.17950000000000     
      2      4      1      2  0.000000000000000E+000
      1      5      1      2  0.000000000000000E+000
      4      5      1      2   2.51659303424292     
      3      6      1      2  -2.51659303424292     
      1      3      1      3  -2.82880000000000     
      3      4      1      3 -0.882500000000000     
      2      3      2      3 -0.433825000000000     
      1      4      2      3  -1.38273946095242     
      3      5      2      3 -0.441250000000000     
      2      3      1      4  -1.38273946095242     
      1      4      1      4  -2.03047500000000     
      3      5      1      4 -0.764267418839767     
      1      2      2      4  0.000000000000000E+000
      2      4      2      4  -1.23215000000000     
      1      5      2      4  -1.59665000000000     
      4      5      2      4 -0.441250000000000     
      3      6      2      4 -0.441250000000000     
      1      3      3      4 -0.882500000000000     
      3      4      3      4  -2.20480000000000     
      1      2      1      5  0.000000000000000E+000
      2      4      1      5  -1.59665000000000     
      1      5      1      5  -1.23215000000000     
      4      5      1      5 -0.441250000000000     
      3      6      1      5 -0.441250000000000     
      2      5      2      5  -2.03047500000000     
      1      6      2      5  -1.38273946095242     
      4      6      2      5 -0.764267418839767     
      2      3      3      5 -0.441250000000000     
      1      4      3      5 -0.764267418839767     
      3      5      3      5  -2.20480000000000     
      1      2      4      5   2.51659303424292     
      2      4      4      5 -0.441250000000000     
      1      5      4      5 -0.441250000000000     
      4      5      4      5  -2.95045000000000     
      3      6      4      5  0.745650000000000     
      2      5      1      6  -1.38273946095242     
      1      6      1      6 -0.433825000000000     
      4      6      1      6 -0.441250000000000     
      2      6      2      6  -2.82880000000000     
      5      6      2      6 -0.882500000000000     
      1      2      3      6  -2.51659303424292     
      2      4      3      6 -0.441250000000000     
      1      5      3      6 -0.441250000000000     
      4      5      3      6  0.745650000000000     
      3      6      3      6  -2.95045000000000     
      2      5      4      6 -0.764267418839767     
      1      6      4      6 -0.441250000000000     
      4      6      4      6  -2.20480000000000     
      2      6      5      6 -0.882500000000000     
      5      6      5      6  -2.20480000000000     
      1      7      1      7  -8.51690000000000     
      4      7      1      7  0.606167288172168     
      3      8      1      7  -1.04991254100044     
      2      9      1      7  -1.04991254100044     
      5      9      1      7   3.22559291340367     
      1     10      1      7  0.606167288172168     
      4     10      1      7  -3.72459387369952     
      3     11      1      7   3.22559291340367     
      2      7      2      7  -4.84820000000000     
      5      7      2      7  0.606167288172168     
      1      8      2      7  -3.66870000000000     
      4      8      2      7 -0.606167288172168     
      6      9      2      7   1.53514888815318     
      2     10      2      7 -0.606167288172168     
      5     10      2      7  0.327148048696581     
      1     11      2      7  0.606167288172168     
      4     11      2      7  -2.18944498554634     
      3     12      2      7   4.05174192239610     
      3      7      3      7  -7.03265000000000     
      1      9      3      7  -4.20385000000000     
      4      9      3      7 -0.441250000000000     
      3     10      3      7  0.441250000000000     
      1      7      4      7  0.606167288172168     
      4      7      4      7  -6.92167500000000     
      3      8      4      7 -0.192214338369955     
      2      9      4      7   1.19052512258247     
      5      9      4      7   1.37372202041671     
      1     10      4      7  -4.89120000000000     
      4     10      4      7  -2.02748755655861     
      3     11      4      7   2.13798943925648     
      2      7      5      7  0.606167288172168     
      5      7      5      7  -6.81070000000000     
      1      8      5      7  0.606167288172168     
      4      8      5      7 -0.221949999999998     
      6      9      5      7   2.82060633483792     
      2     10      5      7   1.37470000000000     
      5     10      5      7  -1.23436877827931     
      1     11      5      7  -5.57855000000000     
      4     11      5      7 -0.793118778279305     
      3     12      5      7   3.26185633483792     
      6      7      6      7  -6.69972500000000     
      2      8      6      7   1.04991254100044     
      5      8      6      7 -0.192214338369955     
      6     10      6      7   2.82060633483792     
      2     11      6      7   1.19052512258247     
      5     11      6      7  -3.51171145967319     
      1     12      6      7  -6.26590000000000     
      4     12      6      7   3.26185633483792     
      2      7      1      8  -3.66870000000000     
      5      7      1      8  0.606167288172168     
      1      8      1      8  -4.84820000000000     
      4      8      1      8 -0.606167288172168     
      6      9      1      8   4.05174192239610     
      2     10      1      8 -0.606167288172168     
      5     10      1      8  -2.18944498554634     
      1     11      1      8  0.606167288172168     
      4     11      1      8  0.327148048696581     
      3     12      1      8   1.53514888815318     
      6      7      2      8   1.04991254100044     
      2      8      2      8  -8.51690000000000     
      5      8      2      8 -0.606167288172168     
      6     10      2      8   3.22559291340367     
      2     11      2      8 -0.606167288172168     
      5     11      2      8  -3.72459387369952     
      1     12      2      8   1.04991254100044     
      4     12      2      8   3.22559291340367     
      1      7      3      8  -1.04991254100044     
      4      7      3      8 -0.192214338369955     
      3      8      3      8  -6.69972500000000     
      2      9      3      8  -6.26590000000000     
      5      9      3      8  -3.26185633483792     
      1     10      3      8   1.19052512258247     
      4     10      3      8   3.51171145967319     
      3     11      3      8  -2.82060633483792     
      2      7      4      8 -0.606167288172168     
      5      7      4      8 -0.221949999999998     
      1      8      4      8 -0.606167288172168     
      4      8      4      8  -6.81070000000000     
      6      9      4      8  -3.26185633483792     
      2     10      4      8  -5.57855000000000     
      5     10      4      8  0.793118778279305     
      1     11      4      8   1.37470000000000     
      4     11      4      8   1.23436877827931     
      3     12      4      8  -2.82060633483792     
      6      7      5      8 -0.192214338369955     
      2      8      5      8 -0.606167288172168     
      5      8      5      8  -6.92167500000000     
      6     10      5      8  -2.13798943925648     
      2     11      5      8  -4.89120000000000     
      5     11      5      8   2.02748755655861     
      1     12      5      8   1.19052512258247     
      4     12      5      8  -1.37372202041671     
      6      8      6      8  -7.03265000000000     
      6     11      6      8 -0.441250000000000     
      2     12      6      8  -4.20385000000000     
      5     12      6      8  0.441250000000000     
      7      8      7      8  -1.17950000000000     
      8     10      7      8  0.000000000000000E+000
      7     11      7      8  0.000000000000000E+000
     10     11      7      8   2.51659303424292     
      9     12      7      8  -2.51659303424292     
      3      7      1      9  -4.20385000000000     
      1      9      1      9  -7.03265000000000     
      4      9      1      9  0.441250000000000     
      3     10      1      9 -0.441250000000000     
      1      7      2      9  -1.04991254100044     
      4      7      2      9   1.19052512258247     
      3      8      2      9  -6.26590000000000     
      2      9      2      9  -6.69972500000000     
      5      9      2      9  -2.82060633483792     
      1     10      2      9 -0.192214338369955     
      4     10      2      9   3.51171145967319     
      3     11      2      9  -3.26185633483792     
      3      9      3      9  -11.2365000000000     
      3      7      4      9 -0.441250000000000     
      1      9      4      9  0.441250000000000     
      4      9      4      9  -6.72065000000000     
      3     10      4      9  -4.51584999999999     
      1      7      5      9   3.22559291340367     
      4      7      5      9   1.37372202041671     
      3      8      5      9  -3.26185633483792     
      2      9      5      9  -2.82060633483792     
      5      9      5      9  -5.43473000000000     
      1     10      5      9   2.13798943925648     
      4     10      5      9  -1.48485251631264     
      3     11      5      9  -3.22993000000000     
      2      7      6      9   1.53514888815318     
      5      7      6      9   2.82060633483792     
      1      8      6      9   4.05174192239610     
      4      8      6      9  -3.26185633483792     
      6      9      6      9  -5.16459500000000     
      2     10      6      9  -2.82060633483792     
      5     10      6      9 -0.270134999999998     
      1     11      6      9   3.26185633483792     
      4     11      6      9  -1.01578500000000     
      3     12      6      9  -2.21414500000000     
      7      9      7      9  -2.82880000000000     
      9     10      7      9 -0.882500000000000     
      8      9      8      9 -0.433825000000000     
      7     10      8      9  -1.38273946095242     
      9     11      8      9 -0.441250000000000     
      1      7      1     10  0.606167288172168     
      4      7      1     10  -4.89120000000000     
      3      8      1     10   1.19052512258247     
      2      9      1     10 -0.192214338369955     
      5      9      1     10   2.13798943925648     
      1     10      1     10  -6.92167500000000     
      4     10      1     10  -2.02748755655861     
      3     11      1     10   1.37372202041671     
      2      7      2     10 -0.606167288172168     
      5      7      2     10   1.37470000000000     
      1      8      2     10 -0.606167288172168     
      4      8      2     10  -5.57855000000000     
      6      9      2     10  -2.82060633483792     
      2     10      2     10  -6.81070000000000     
      5     10      2     10   1.23436877827931     
      1     11      2     10 -0.221949999999998     
      4     11      2     10  0.793118778279305     
      3     12      2     10  -3.26185633483792     
      3      7      3     10  0.441250000000000     
      1      9      3     10 -0.441250000000000     
      4      9      3     10  -4.51584999999999     
      3     10      3     10  -6.72064999999999     
      1      7      4     10  -3.72459387369952     
      4      7      4     10  -2.02748755655861     
      3      8      4     10   3.51171145967319     
      2      9      4     10   3.51171145967319     
      5      9      4     10  -1.48485251631264     
      1     10      4     10  -2.02748755655861     
      4     10      4     10  -9.52194000000000     
      3     11      4     10  -1.48485251631264     
      2      7      5     10  0.327148048696581     
      5      7      5     10  -1.23436877827931     
      1      8      5     10  -2.18944498554634     
      4      8      5     10  0.793118778279305     
      6      9      5     10 -0.270134999999998     
      2     10      5     10   1.23436877827931     
      5     10      5     10  -6.87915500000000     
      1     11      5     10 -0.793118778279305     
      4     11      5     10  -3.92870500000000     
      3     12      5     10  -1.01578500000000     
      6      7      6     10   2.82060633483792     
      2      8      6     10   3.22559291340367     
      5      8      6     10  -2.13798943925648     
      6     10      6     10  -5.43473000000000     
      2     11      6     10  -1.37372202041671     
      5     11      6     10  -1.48485251631264     
      1     12      6     10   3.26185633483792     
      4     12      6     10  -3.22993000000000     
      8      9      7     10  -1.38273946095242     
      7     10      7     10  -2.03047500000000     
      9     11      7     10 -0.764267418839767     
      7      8      8     10  0.000000000000000E+000
      8     10      8     10  -1.23215000000000     
      7     11      8     10  -1.59665000000000     
     10     11      8     10 -0.441250000000000     
      9     12      8     10 -0.441250000000000     
      7      9      9     10 -0.882500000000000     
      9     10      9     10  -2.20480000000000     
      2      7      1     11  0.606167288172168     
      5      7      1     11  -5.57855000000000     
      1      8      1     11  0.606167288172168     
      4      8      1     11   1.37470000000000     
      6      9      1     11   3.26185633483792     
      2     10      1     11 -0.221949999999998     
      5     10      1     11 -0.793118778279305     
      1     11      1     11  -6.81070000000000     
      4     11      1     11  -1.23436877827931     
      3     12      1     11   2.82060633483792     
      6      7      2     11   1.19052512258247     
      2      8      2     11 -0.606167288172168     
      5      8      2     11  -4.89120000000000     
      6     10      2     11  -1.37372202041671     
      2     11      2     11  -6.92167500000000     
      5     11      2     11   2.02748755655861     
      1     12      2     11 -0.192214338369955     
      4     12      2     11  -2.13798943925648     
      1      7      3     11   3.22559291340367     
      4      7      3     11   2.13798943925648     
      3      8      3     11  -2.82060633483792     
      2      9      3     11  -3.26185633483792     
      5      9      3     11  -3.22993000000000     
      1     10      3     11   1.37372202041671     
      4     10      3     11  -1.48485251631264     
      3     11      3     11  -5.43473000000000     
      2      7      4     11  -2.18944498554634     
      5      7      4     11 -0.793118778279305     
      1      8      4     11  0.327148048696581     
      4      8      4     11   1.23436877827931     
      6      9      4     11  -1.01578500000000     
      2     10      4     11  0.793118778279305     
      5     10      4     11  -3.92870500000000     
      1     11      4     11  -1.23436877827931     
      4     11      4     11  -6.87915500000000     
      3     12      4     11 -0.270134999999998     
      6      7      5     11  -3.51171145967319     
      2      8      5     11  -3.72459387369952     
      5      8      5     11   2.02748755655861     
      6     10      5     11  -1.48485251631264     
      2     11      5     11   2.02748755655861     
      5     11      5     11  -9.52194000000000     
      1     12      5     11  -3.51171145967319     
      4     12      5     11  -1.48485251631264     
      6      8      6     11 -0.441250000000000     
      6     11      6     11  -6.72065000000000     
      2     12      6     11  0.441250000000000     
      5     12      6     11  -4.51584999999999     
      7      8      7     11  0.000000000000000E+000
      8     10      7     11  -1.59665000000000     
      7     11      7     11  -1.23215000000000     
     10     11      7     11 -0.441250000000000     
      9     12      7     11 -0.441250000000000     
      8     11      8     11  -2.03047500000000     
      7     12      8     11  -1.38273946095242     
     10     12      8     11 -0.764267418839767     
      8      9      9     11 -0.441250000000000     
      7     10      9     11 -0.764267418839767     
      9     11      9     11  -2.20480000000000     
      7      8     10     11   2.51659303424292     
      8     10     10     11 -0.441250000000000     
      7     11     10     11 -0.441250000000000     
     10     11     10     11  -2.95045000000000     
      9     12     10     11  0.745650000000000     
      6      7      1     12  -6.26590000000000     
      2      8      1     12   1.04991254100044     
      5      8      1     12   1.19052512258247     
      6     10      1     12   3.26185633483792     
      2     11      1     12 -0.192214338369955     
      5     11      1     12  -3.51171145967319     
      1     12      1     12  -6.69972500000000     
      4     12      1     12   2.82060633483792     
      6      8      2     12  -4.20385000000000     
      6     11      2     12  0.441250000000000     
      2     12      2     12  -7.03265000000000     
      5     12      2     12 -0.441250000000000     
      2      7      3     12   4.05174192239610     
      5      7      3     12   3.26185633483792     
      1      8      3     12   1.53514888815318     
      4      8      3     12  -2.82060633483792     
      6      9      3     12  -2.21414500000000     
      2     10      3     12  -3.26185633483792     
      5     10      3     12  -1.01578500000000     
      1     11      3     12   2.82060633483792     
      4     11      3     12 -0.270134999999998     
      3     12      3     12  -5.16459500000000     
      6      7      4     12   3.26185633483792     
      2      8      4     12   3.22559291340367     
      5      8      4     12  -1.37372202041671     
      6     10      4     12  -3.22993000000000     
      2     11      4     12  -2.13798943925648     
      5     11      4     12  -1.48485251631264     
      1     12      4     12   2.82060633483792     
      4     12      4     12  -5.43473000000000     
      6      8      5     12  0.441250000000000     
      6     11      5     12  -4.51584999999999     
      2     12      5     12 -0.441250000000000     
      5     12      5     12  -6.72064999999999     
      6     12      6     12  -11.2365000000000     
      8     11      7     12  -1.38273946095242     
      7     12      7     12 -0.433825000000000     
     10     12      7     12 -0.441250000000000     
      8     12      8     12  -2.82880000000000     
     11     12      8     12 -0.882500000000000     
      7      8      9     12  -2.51659303424292     
      8     10      9     12 -0.441250000000000     
      7     11      9     12 -0.441250000000000     
     10     11      9     12  0.745650000000000     
      9     12      9     12  -2.95045000000000     
      8     11     10     12 -0.764267418839767     
      7     12     10     12 -0.441250000000000     
     10     12     10     12  -2.20480000000000     
      8     12     11     12 -0.882500000000000     
     11     12     11     12  -2.20480000000000     
