      1      2      1      2  -1.17320000000000     
      2      4      1      2  0.000000000000000E+000
      1      5      1      2  0.000000000000000E+000
      4      5      1      2   2.70397633125736     
      3      6      1      2  -2.70397633125736     
      1      3      1      3  -3.11010000000000     
      3      4      1      3  -1.55320000000000     
      2      3      2      3 -0.240525000000000     
      1      4      2      3  -1.65674989870982     
      3      5      2      3 -0.776600000000000     
      2      3      1      4  -1.65674989870982     
      1      4      1      4  -2.15357500000000     
      3      5      1      4  -1.34511065715799     
      1      2      2      4  0.000000000000000E+000
      2      4      2      4  -1.19705000000000     
      1      5      2      4  -1.91305000000000     
      4      5      2      4 -0.776600000000000     
      3      6      2      4 -0.776600000000000     
      1      3      3      4  -1.55320000000000     
      3      4      3      4  -2.01180000000000     
      1      2      1      5  0.000000000000000E+000
      2      4      1      5  -1.91305000000000     
      1      5      1      5  -1.19705000000000     
      4      5      1      5 -0.776600000000000     
      3      6      1      5 -0.776600000000000     
      2      5      2      5  -2.15357500000000     
      1      6      2      5  -1.65674989870982     
      4      6      2      5  -1.34511065715799     
      2      3      3      5 -0.776600000000000     
      1      4      3      5  -1.34511065715799     
      3      5      3      5  -2.01180000000000     
      1      2      4      5   2.70397633125736     
      2      4      4      5 -0.776600000000000     
      1      5      4      5 -0.776600000000000     
      4      5      4      5  -2.94450000000000     
      3      6      4      5  0.932700000000000     
      2      5      1      6  -1.65674989870982     
      1      6      1      6 -0.240525000000000     
      4      6      1      6 -0.776600000000000     
      2      6      2      6  -3.11010000000000     
      5      6      2      6  -1.55320000000000     
      1      2      3      6  -2.70397633125736     
      2      4      3      6 -0.776600000000000     
      1      5      3      6 -0.776600000000000     
      4      5      3      6  0.932700000000000     
      3      6      3      6  -2.94450000000000     
      2      5      4      6  -1.34511065715799     
      1      6      4      6 -0.776600000000000     
      4      6      4      6  -2.01180000000000     
      2      6      5      6  -1.55320000000000     
      5      6      5      6  -2.01180000000000     
      1      7      1      7  -7.51940000000000     
      4      7      1      7  8.213045263481752E-002
      3      8      1      7 -0.142254116812133     
      2      9      1      7 -0.142254116812133     
      5      9      1      7   1.64453697890926     
      1     10      1      7  8.213045263481752E-002
      4     10      1      7  -1.89894773493111     
      3     11      1      7   1.64453697890926     
      2      7      2      7  -4.34630000000000     
      5      7      2      7  8.213045263481752E-002
      1      8      2      7  -3.17310000000000     
      4      8      2      7 -8.213045263481752E-002
      6      9      2      7  7.222263556965514E-002
      2     10      2      7 -8.213045263481752E-002
      5     10      2      7  0.877251231895901     
      1     11      2      7  8.213045263481752E-002
      4     11      2      7  -1.82672509936146     
      3     12      2      7   2.77619896682701     
      3      7      3      7  -5.84755000000000     
      1      9      3      7  -2.73745000000000     
      4      9      3      7 -0.776600000000000     
      3     10      3      7  0.776600000000000     
      1      7      4      7  8.213045263481752E-002
      4      7      4      7  -5.75692500000000     
      3      8      4      7 -0.156967104435928     
      2      9      4      7   1.49978279427389     
      5      9      4      7  0.419180581966683     
      1     10      4      7  -3.60335000000000     
      4     10      4      7  -1.26062804367506     
      3     11      4      7   1.76429123912467     
      2      7      5      7  8.213045263481752E-002
      5      7      5      7  -5.66630000000000     
      1      8      5      7  8.213045263481752E-002
      4      8      5      7 -0.181249999999999     
      6      9      5      7   1.50264206551259     
      2     10      5      7   1.73180000000000     
      5     10      5      7  -1.01861402183753     
      1     11      5      7  -4.46925000000000     
      4     11      5      7 -0.242014021837529     
      3     12      5      7   2.27924206551259     
      6      7      6      7  -5.57567500000000     
      2      8      6      7  0.142254116812133     
      5      8      6      7 -0.156967104435929     
      6     10      6      7   1.50264206551259     
      2     11      6      7   1.49978279427389     
      5     11      6      7  -2.18347182109136     
      1     12      6      7  -5.33515000000000     
      4     12      6      7   2.27924206551259     
      2      7      1      8  -3.17310000000000     
      5      7      1      8  8.213045263481752E-002
      1      8      1      8  -4.34630000000000     
      4      8      1      8 -8.213045263481752E-002
      6      9      1      8   2.77619896682701     
      2     10      1      8 -8.213045263481752E-002
      5     10      1      8  -1.82672509936146     
      1     11      1      8  8.213045263481752E-002
      4     11      1      8  0.877251231895901     
      3     12      1      8  7.222263556965514E-002
      6      7      2      8  0.142254116812133     
      2      8      2      8  -7.51940000000000     
      5      8      2      8 -8.213045263481752E-002
      6     10      2      8   1.64453697890926     
      2     11      2      8 -8.213045263481752E-002
      5     11      2      8  -1.89894773493111     
      1     12      2      8  0.142254116812133     
      4     12      2      8   1.64453697890926     
      1      7      3      8 -0.142254116812133     
      4      7      3      8 -0.156967104435929     
      3      8      3      8  -5.57567500000000     
      2      9      3      8  -5.33515000000000     
      5      9      3      8  -2.27924206551259     
      1     10      3      8   1.49978279427389     
      4     10      3      8   2.18347182109136     
      3     11      3      8  -1.50264206551259     
      2      7      4      8 -8.213045263481752E-002
      5      7      4      8 -0.181249999999999     
      1      8      4      8 -8.213045263481752E-002
      4      8      4      8  -5.66630000000000     
      6      9      4      8  -2.27924206551259     
      2     10      4      8  -4.46925000000000     
      5     10      4      8  0.242014021837529     
      1     11      4      8   1.73180000000000     
      4     11      4      8   1.01861402183753     
      3     12      4      8  -1.50264206551259     
      6      7      5      8 -0.156967104435928     
      2      8      5      8 -8.213045263481752E-002
      5      8      5      8  -5.75692500000000     
      6     10      5      8  -1.76429123912467     
      2     11      5      8  -3.60335000000000     
      5     11      5      8   1.26062804367506     
      1     12      5      8   1.49978279427389     
      4     12      5      8 -0.419180581966683     
      6      8      6      8  -5.84755000000000     
      6     11      6      8 -0.776600000000000     
      2     12      6      8  -2.73745000000000     
      5     12      6      8  0.776600000000000     
      7      8      7      8  -1.17320000000000     
      8     10      7      8  0.000000000000000E+000
      7     11      7      8  0.000000000000000E+000
     10     11      7      8   2.70397633125736     
      9     12      7      8  -2.70397633125736     
      3      7      1      9  -2.73745000000000     
      1      9      1      9  -5.84755000000000     
      4      9      1      9  0.776600000000000     
      3     10      1      9 -0.776600000000000     
      1      7      2      9 -0.142254116812133     
      4      7      2      9   1.49978279427389     
      3      8      2      9  -5.33515000000000     
      2      9      2      9  -5.57567500000000     
      5      9      2      9  -1.50264206551259     
      1     10      2      9 -0.156967104435929     
      4     10      2      9   2.18347182109136     
      3     11      2      9  -2.27924206551259     
      3      9      3      9  -8.58500000000000     
      3      7      4      9 -0.776600000000000     
      1      9      4      9  0.776600000000000     
      4      9      4      9  -5.29840000000000     
      3     10      4      9  -3.28660000000000     
      1      7      5      9   1.64453697890926     
      4      7      5      9  0.419180581966683     
      3      8      5      9  -2.27924206551259     
      2      9      5      9  -1.50264206551259     
      5      9      5      9  -5.12419000000000     
      1     10      5      9   1.76429123912467     
      4     10      5      9 -0.201160380791045     
      3     11      5      9  -3.11239000000000     
      2      7      6      9  7.222263556965536E-002
      5      7      6      9   1.50264206551259     
      1      8      6      9   2.77619896682701     
      4      8      6      9  -2.27924206551259     
      6      9      6      9  -5.50343500000000     
      2     10      6      9  -1.50264206551259     
      5     10      6      9  0.379245000000002     
      1     11      6      9   2.27924206551259     
      4     11      6      9 -0.553454999999998     
      3     12      6      9  -2.55893500000000     
      7      9      7      9  -3.11010000000000     
      9     10      7      9  -1.55320000000000     
      8      9      8      9 -0.240525000000000     
      7     10      8      9  -1.65674989870982     
      9     11      8      9 -0.776600000000000     
      1      7      1     10  8.213045263481752E-002
      4      7      1     10  -3.60335000000000     
      3      8      1     10   1.49978279427389     
      2      9      1     10 -0.156967104435928     
      5      9      1     10   1.76429123912467     
      1     10      1     10  -5.75692500000000     
      4     10      1     10  -1.26062804367506     
      3     11      1     10  0.419180581966683     
      2      7      2     10 -8.213045263481752E-002
      5      7      2     10   1.73180000000000     
      1      8      2     10 -8.213045263481752E-002
      4      8      2     10  -4.46925000000000     
      6      9      2     10  -1.50264206551259     
      2     10      2     10  -5.66630000000000     
      5     10      2     10   1.01861402183753     
      1     11      2     10 -0.181249999999999     
      4     11      2     10  0.242014021837529     
      3     12      2     10  -2.27924206551259     
      3      7      3     10  0.776600000000000     
      1      9      3     10 -0.776600000000000     
      4      9      3     10  -3.28660000000000     
      3     10      3     10  -5.29840000000000     
      1      7      4     10  -1.89894773493111     
      4      7      4     10  -1.26062804367506     
      3      8      4     10   2.18347182109136     
      2      9      4     10   2.18347182109136     
      5      9      4     10 -0.201160380791045     
      1     10      4     10  -1.26062804367506     
      4     10      4     10  -8.35272000000000     
      3     11      4     10 -0.201160380791045     
      2      7      5     10  0.877251231895901     
      5      7      5     10  -1.01861402183753     
      1      8      5     10  -1.82672509936146     
      4      8      5     10  0.242014021837529     
      6      9      5     10  0.379245000000002     
      2     10      5     10   1.01861402183753     
      5     10      5     10  -5.73571500000000     
      1     11      5     10 -0.242014021837529     
      4     11      5     10  -2.79121500000000     
      3     12      5     10 -0.553454999999998     
      6      7      6     10   1.50264206551259     
      2      8      6     10   1.64453697890926     
      5      8      6     10  -1.76429123912467     
      6     10      6     10  -5.12419000000000     
      2     11      6     10 -0.419180581966683     
      5     11      6     10 -0.201160380791045     
      1     12      6     10   2.27924206551259     
      4     12      6     10  -3.11239000000000     
      8      9      7     10  -1.65674989870982     
      7     10      7     10  -2.15357500000000     
      9     11      7     10  -1.34511065715799     
      7      8      8     10  0.000000000000000E+000
      8     10      8     10  -1.19705000000000     
      7     11      8     10  -1.91305000000000     
     10     11      8     10 -0.776600000000000     
      9     12      8     10 -0.776600000000000     
      7      9      9     10  -1.55320000000000     
      9     10      9     10  -2.01180000000000     
      2      7      1     11  8.213045263481752E-002
      5      7      1     11  -4.46925000000000     
      1      8      1     11  8.213045263481752E-002
      4      8      1     11   1.73180000000000     
      6      9      1     11   2.27924206551259     
      2     10      1     11 -0.181249999999999     
      5     10      1     11 -0.242014021837529     
      1     11      1     11  -5.66630000000000     
      4     11      1     11  -1.01861402183753     
      3     12      1     11   1.50264206551259     
      6      7      2     11   1.49978279427389     
      2      8      2     11 -8.213045263481752E-002
      5      8      2     11  -3.60335000000000     
      6     10      2     11 -0.419180581966683     
      2     11      2     11  -5.75692500000000     
      5     11      2     11   1.26062804367506     
      1     12      2     11 -0.156967104435928     
      4     12      2     11  -1.76429123912467     
      1      7      3     11   1.64453697890926     
      4      7      3     11   1.76429123912467     
      3      8      3     11  -1.50264206551259     
      2      9      3     11  -2.27924206551259     
      5      9      3     11  -3.11239000000000     
      1     10      3     11  0.419180581966683     
      4     10      3     11 -0.201160380791045     
      3     11      3     11  -5.12419000000000     
      2      7      4     11  -1.82672509936146     
      5      7      4     11 -0.242014021837529     
      1      8      4     11  0.877251231895901     
      4      8      4     11   1.01861402183753     
      6      9      4     11 -0.553454999999998     
      2     10      4     11  0.242014021837529     
      5     10      4     11  -2.79121500000000     
      1     11      4     11  -1.01861402183753     
      4     11      4     11  -5.73571500000000     
      3     12      4     11  0.379245000000002     
      6      7      5     11  -2.18347182109136     
      2      8      5     11  -1.89894773493111     
      5      8      5     11   1.26062804367506     
      6     10      5     11 -0.201160380791045     
      2     11      5     11   1.26062804367506     
      5     11      5     11  -8.35272000000000     
      1     12      5     11  -2.18347182109136     
      4     12      5     11 -0.201160380791045     
      6      8      6     11 -0.776600000000000     
      6     11      6     11  -5.29840000000000     
      2     12      6     11  0.776600000000000     
      5     12      6     11  -3.28660000000000     
      7      8      7     11  0.000000000000000E+000
      8     10      7     11  -1.91305000000000     
      7     11      7     11  -1.19705000000000     
     10     11      7     11 -0.776600000000000     
      9     12      7     11 -0.776600000000000     
      8     11      8     11  -2.15357500000000     
      7     12      8     11  -1.65674989870982     
     10     12      8     11  -1.34511065715799     
      8      9      9     11 -0.776600000000000     
      7     10      9     11  -1.34511065715799     
      9     11      9     11  -2.01180000000000     
      7      8     10     11   2.70397633125736     
      8     10     10     11 -0.776600000000000     
      7     11     10     11 -0.776600000000000     
     10     11     10     11  -2.94450000000000     
      9     12     10     11  0.932700000000000     
      6      7      1     12  -5.33515000000000     
      2      8      1     12  0.142254116812133     
      5      8      1     12   1.49978279427389     
      6     10      1     12   2.27924206551259     
      2     11      1     12 -0.156967104435929     
      5     11      1     12  -2.18347182109136     
      1     12      1     12  -5.57567500000000     
      4     12      1     12   1.50264206551259     
      6      8      2     12  -2.73745000000000     
      6     11      2     12  0.776600000000000     
      2     12      2     12  -5.84755000000000     
      5     12      2     12 -0.776600000000000     
      2      7      3     12   2.77619896682701     
      5      7      3     12   2.27924206551259     
      1      8      3     12  7.222263556965536E-002
      4      8      3     12  -1.50264206551259     
      6      9      3     12  -2.55893500000000     
      2     10      3     12  -2.27924206551259     
      5     10      3     12 -0.553454999999998     
      1     11      3     12   1.50264206551259     
      4     11      3     12  0.379245000000002     
      3     12      3     12  -5.50343500000000     
      6      7      4     12   2.27924206551259     
      2      8      4     12   1.64453697890926     
      5      8      4     12 -0.419180581966683     
      6     10      4     12  -3.11239000000000     
      2     11      4     12  -1.76429123912467     
      5     11      4     12 -0.201160380791045     
      1     12      4     12   1.50264206551259     
      4     12      4     12  -5.12419000000000     
      6      8      5     12  0.776600000000000     
      6     11      5     12  -3.28660000000000     
      2     12      5     12 -0.776600000000000     
      5     12      5     12  -5.29840000000000     
      6     12      6     12  -8.58500000000000     
      8     11      7     12  -1.65674989870982     
      7     12      7     12 -0.240525000000000     
     10     12      7     12 -0.776600000000000     
      8     12      8     12  -3.11010000000000     
     11     12      8     12  -1.55320000000000     
      7      8      9     12  -2.70397633125736     
      8     10      9     12 -0.776600000000000     
      7     11      9     12 -0.776600000000000     
     10     11      9     12  0.932700000000000     
      9     12      9     12  -2.94450000000000     
      8     11     10     12  -1.34511065715799     
      7     12     10     12 -0.776600000000000     
     10     12     10     12  -2.01180000000000     
      8     12     11     12  -1.55320000000000     
     11     12     11     12  -2.01180000000000     
