 ! Total Interaction
  20
   1   1   1   1     1     0  -7.5194
   1   2   1   1     1     0  -0.2323
   2   2   1   1     1     0   3.0025
   1   1   1   2     1     0  -0.2323
   1   2   1   2     1     0 -11.6861
   2   2   1   2     1     0  -5.6377
   1   1   2   2     1     0   3.0025
   1   2   2   2     1     0  -5.6377
   2   2   2   2     1     0  -8.0043
   1   2   1   2     2     0  -8.5850
   2   2   2   2     3     0  -8.5850
   1   1   1   1     0     1  -1.1732
   2   2   1   1     0     1  -3.8240
   1   1   2   2     0     1  -3.8240
   2   2   2   2     0     1  -3.8772
   1   2   1   2     1     1   0.7160
   1   2   1   2     2     1  -3.1101
   2   2   1   2     2     1   1.5532
   1   2   2   2     2     1   1.5532
   2   2   2   2     2     1  -2.0118
