      1      1      1      1           2           0   5.49597041749680     
      1      1      1      1           0           0  -11.8657000000000     
      1      1      1      2           2           0 -0.284508233624266     
      1      1      2      1           2           0 -0.284508233624266     
      1      1      2      2           4           0  -6.20776960888988     
      1      1      2      2           2           0   1.76963025317243     
      1      2      1      1           2           0  0.284508233624266     
      1      2      1      2           2           0  0.496373567739060     
      1      2      1      2           0           0  -16.1548797210394     
      1      2      2      1           4           0   11.9297580701580     
      1      2      2      1           2           0  -3.24161968890553     
      1      2      2      2           4           0   7.20759626588648     
      1      2      2      2           2           0   1.32556538992962     
      2      1      1      1           2           0  0.284508233624266     
      2      1      1      2           4           0   11.9297580701580     
      2      1      1      2           2           0  -3.24161968890553     
      2      1      2      1           2           0  0.496373567739060     
      2      1      2      1           0           0  -16.1548797210394     
      2      1      2      2           4           0   7.20759626588648     
      2      1      2      2           2           0   1.32556538992962     
      2      2      1      1           4           0  -6.20776960888989     
      2      2      1      1           2           0   1.76963025317243     
      2      2      1      2           4           0  -7.20759626588648     
      2      2      1      2           2           0  -1.32556538992962     
      2      2      2      1           4           0  -7.20759626588648     
      2      2      2      1           2           0  -1.32556538992962     
      2      2      2      2           6           0   6.77030563117907     
      2      2      2      2           4           0  -8.19707861497772     
      2      2      2      2           2           0   5.43800733722151     
      2      2      2      2           0           0  -24.5110250000000     
      1      1      1      1           2           0   5.49597041749680     
      1      1      1      1           0           0  -11.8657000000000     
      1      1      1      2           2           0 -0.284508233624266     
      1      1      2      1           2           0 -0.284508233624266     
      1      1      2      2           4           0  -6.20776960888988     
      1      1      2      2           2           0   1.76963025317243     
      1      2      1      1           2           0  0.284508233624266     
      1      2      1      2           2           0  0.496373567739060     
      1      2      1      2           0           0  -16.1548797210394     
      1      2      2      1           4           0   11.9297580701580     
      1      2      2      1           2           0  -3.24161968890553     
      1      2      2      2           4           0   7.20759626588648     
      1      2      2      2           2           0   1.32556538992962     
      2      1      1      1           2           0  0.284508233624266     
      2      1      1      2           4           0   11.9297580701580     
      2      1      1      2           2           0  -3.24161968890553     
      2      1      2      1           2           0  0.496373567739060     
      2      1      2      1           0           0  -16.1548797210394     
      2      1      2      2           4           0   7.20759626588648     
      2      1      2      2           2           0   1.32556538992962     
      2      2      1      1           4           0  -6.20776960888989     
      2      2      1      1           2           0   1.76963025317243     
      2      2      1      2           4           0  -7.20759626588648     
      2      2      1      2           2           0  -1.32556538992962     
      2      2      2      1           4           0  -7.20759626588648     
      2      2      2      1           2           0  -1.32556538992962     
      2      2      2      2           6           0   6.77030563117907     
      2      2      2      2           4           0  -8.19707861497772     
      2      2      2      2           2           0   5.43800733722151     
      2      2      2      2           0           0  -24.5110250000000     
          60           6
   1   1   3   3   0   0   0   0-11.8657   1   1
   1   1   3   3   2   0   0   0  5.4960   1   1
   1   1   3   4   2   0   0   0 -0.2845   1   1
   1   1   4   3   2   0   0   0  0.2845   1   1
   1   1   4   4   0   0   0   0-16.1549   1   1
   1   1   4   4   2   0   0   0  0.4964   1   1
   1   2   3   3   2   0   0   0 -0.2845   1   1
   1   2   3   4   2   0   0   0  1.7696   1   1
   1   2   3   4   4   0   0   0 -6.2078   1   1
   1   2   4   3   2   0   0   0 -3.2416   1   1
   1   2   4   3   4   0   0   0 11.9298   1   1
   1   2   4   4   2   0   0   0  1.3256   1   1
   1   2   4   4   4   0   0   0  7.2076   1   1
   2   1   3   3   2   0   0   0  0.2845   1   1
   2   1   3   4   2   0   0   0 -3.2416   1   1
   2   1   3   4   4   0   0   0 11.9298   1   1
   2   1   4   3   2   0   0   0  1.7696   1   1
   2   1   4   3   4   0   0   0 -6.2078   1   1
   2   1   4   4   2   0   0   0 -1.3256   1   1
   2   1   4   4   4   0   0   0 -7.2076   1   1
   2   2   3   3   0   0   0   0-16.1549   1   1
   2   2   3   3   2   0   0   0  0.4964   1   1
   2   2   3   4   2   0   0   0  1.3256   1   1
   2   2   3   4   4   0   0   0  7.2076   1   1
   2   2   4   3   2   0   0   0 -1.3256   1   1
   2   2   4   3   4   0   0   0 -7.2076   1   1
   2   2   4   4   0   0   0   0-24.5110   1   1
   2   2   4   4   2   0   0   0  5.4380   1   1
   2   2   4   4   4   0   0   0 -8.1971   1   1
   2   2   4   4   6   0   0   0  6.7703   1   1
   3   3   1   1   0   0   0   0-11.8657   1   1
   3   3   1   1   2   0   0   0  5.4960   1   1
   3   3   1   2   2   0   0   0 -0.2845   1   1
   3   3   2   1   2   0   0   0  0.2845   1   1
   3   3   2   2   0   0   0   0-16.1549   1   1
   3   3   2   2   2   0   0   0  0.4964   1   1
   3   4   1   1   2   0   0   0 -0.2845   1   1
   3   4   1   2   2   0   0   0  1.7696   1   1
   3   4   1   2   4   0   0   0 -6.2078   1   1
   3   4   2   1   2   0   0   0 -3.2416   1   1
   3   4   2   1   4   0   0   0 11.9298   1   1
   3   4   2   2   2   0   0   0  1.3256   1   1
   3   4   2   2   4   0   0   0  7.2076   1   1
   4   3   1   1   2   0   0   0  0.2845   1   1
   4   3   1   2   2   0   0   0 -3.2416   1   1
   4   3   1   2   4   0   0   0 11.9298   1   1
   4   3   2   1   2   0   0   0  1.7696   1   1
   4   3   2   1   4   0   0   0 -6.2078   1   1
   4   3   2   2   2   0   0   0 -1.3256   1   1
   4   3   2   2   4   0   0   0 -7.2076   1   1
   4   4   1   1   0   0   0   0-16.1549   1   1
   4   4   1   1   2   0   0   0  0.4964   1   1
   4   4   1   2   2   0   0   0  1.3256   1   1
   4   4   1   2   4   0   0   0  7.2076   1   1
   4   4   2   1   2   0   0   0 -1.3256   1   1
   4   4   2   1   4   0   0   0 -7.2076   1   1
   4   4   2   2   0   0   0   0-24.5110   1   1
   4   4   2   2   2   0   0   0  5.4380   1   1
   4   4   2   2   4   0   0   0 -8.1971   1   1
   4   4   2   2   6   0   0   0  6.7703   1   1
