 ! Total Interaction
  20
   1   1   1   1     1     0  -6.6414
   1   2   1   1     1     0  -1.4500
   2   2   1   1     1     0   5.1716
   1   1   1   2     1     0  -1.4500
   1   2   1   2     1     0 -11.1935
   2   2   1   2     1     0  -8.0506
   1   1   2   2     1     0   5.1716
   1   2   2   2     1     0  -8.0506
   2   2   2   2     1     0  -5.3769
   1   2   1   2     2     0  -9.0018
   2   2   2   2     3     0  -9.0018
   1   1   1   1     0     1  -1.2693
   2   2   1   1     0     1  -2.8119
   1   1   2   2     0     1  -2.8119
   2   2   2   2     0     1  -3.2576
   1   2   1   2     1     1   0.0985
   1   2   1   2     2     1  -2.2264
   2   2   1   2     2     1   0.7664
   1   2   2   2     2     1   0.7664
   2   2   2   2     2     1  -1.6844
