      1      1      1      1           2           0   4.65237507167038     
      1      1      1      1           0           0  -10.5967500000000     
      1      1      1      2           2           0  -1.77588006351780     
      1      1      2      1           2           0  -1.77588006351780     
      1      1      2      2           4           0  -7.70831228253339     
      1      1      2      2           2           0   5.35957489405129     
      1      2      1      1           2           0   1.77588006351780     
      1      2      1      2           2           0  9.119580582460984E-002
      1      2      1      2           0           0  -15.8084327535970     
      1      2      2      1           4           0   11.3624117225669     
      1      2      2      1           2           0  -4.88979593611788     
      1      2      2      2           4           0   9.14484317861889     
      1      2      2      2           2           0   3.88052911063266     
      2      1      1      1           2           0   1.77588006351780     
      2      1      1      2           4           0   11.3624117225669     
      2      1      1      2           2           0  -4.88979593611788     
      2      1      2      1           2           0  9.119580582460984E-002
      2      1      2      1           0           0  -15.8084327535970     
      2      1      2      2           4           0   9.14484317861889     
      2      1      2      2           2           0   3.88052911063266     
      2      2      1      1           4           0  -7.70831228253339     
      2      2      1      1           2           0   5.35957489405129     
      2      2      1      2           4           0  -9.14484317861889     
      2      2      1      2           2           0  -3.88052911063266     
      2      2      2      1           4           0  -9.14484317861889     
      2      2      2      1           2           0  -3.88052911063266     
      2      2      2      2           6           0   4.32367356378520     
      2      2      2      2           4           0  -7.84471902308330     
      2      2      2      2           2           0   9.10901974183144     
      2      2      2      2           0           0  -22.7057250000000     
      1      1      1      1           2           0   4.65237507167038     
      1      1      1      1           0           0  -10.5967500000000     
      1      1      1      2           2           0  -1.77588006351780     
      1      1      2      1           2           0  -1.77588006351780     
      1      1      2      2           4           0  -7.70831228253339     
      1      1      2      2           2           0   5.35957489405129     
      1      2      1      1           2           0   1.77588006351780     
      1      2      1      2           2           0  9.119580582460984E-002
      1      2      1      2           0           0  -15.8084327535970     
      1      2      2      1           4           0   11.3624117225669     
      1      2      2      1           2           0  -4.88979593611788     
      1      2      2      2           4           0   9.14484317861889     
      1      2      2      2           2           0   3.88052911063266     
      2      1      1      1           2           0   1.77588006351780     
      2      1      1      2           4           0   11.3624117225669     
      2      1      1      2           2           0  -4.88979593611788     
      2      1      2      1           2           0  9.119580582460984E-002
      2      1      2      1           0           0  -15.8084327535970     
      2      1      2      2           4           0   9.14484317861889     
      2      1      2      2           2           0   3.88052911063266     
      2      2      1      1           4           0  -7.70831228253339     
      2      2      1      1           2           0   5.35957489405129     
      2      2      1      2           4           0  -9.14484317861889     
      2      2      1      2           2           0  -3.88052911063266     
      2      2      2      1           4           0  -9.14484317861889     
      2      2      2      1           2           0  -3.88052911063266     
      2      2      2      2           6           0   4.32367356378520     
      2      2      2      2           4           0  -7.84471902308330     
      2      2      2      2           2           0   9.10901974183144     
      2      2      2      2           0           0  -22.7057250000000     
          60           6
   1   1   3   3   0   0   0   0-10.5968   1   1
   1   1   3   3   2   0   0   0  4.6524   1   1
   1   1   3   4   2   0   0   0 -1.7759   1   1
   1   1   4   3   2   0   0   0  1.7759   1   1
   1   1   4   4   0   0   0   0-15.8084   1   1
   1   1   4   4   2   0   0   0  0.0912   1   1
   1   2   3   3   2   0   0   0 -1.7759   1   1
   1   2   3   4   2   0   0   0  5.3596   1   1
   1   2   3   4   4   0   0   0 -7.7083   1   1
   1   2   4   3   2   0   0   0 -4.8898   1   1
   1   2   4   3   4   0   0   0 11.3624   1   1
   1   2   4   4   2   0   0   0  3.8805   1   1
   1   2   4   4   4   0   0   0  9.1448   1   1
   2   1   3   3   2   0   0   0  1.7759   1   1
   2   1   3   4   2   0   0   0 -4.8898   1   1
   2   1   3   4   4   0   0   0 11.3624   1   1
   2   1   4   3   2   0   0   0  5.3596   1   1
   2   1   4   3   4   0   0   0 -7.7083   1   1
   2   1   4   4   2   0   0   0 -3.8805   1   1
   2   1   4   4   4   0   0   0 -9.1448   1   1
   2   2   3   3   0   0   0   0-15.8084   1   1
   2   2   3   3   2   0   0   0  0.0912   1   1
   2   2   3   4   2   0   0   0  3.8805   1   1
   2   2   3   4   4   0   0   0  9.1448   1   1
   2   2   4   3   2   0   0   0 -3.8805   1   1
   2   2   4   3   4   0   0   0 -9.1448   1   1
   2   2   4   4   0   0   0   0-22.7057   1   1
   2   2   4   4   2   0   0   0  9.1090   1   1
   2   2   4   4   4   0   0   0 -7.8447   1   1
   2   2   4   4   6   0   0   0  4.3237   1   1
   3   3   1   1   0   0   0   0-10.5968   1   1
   3   3   1   1   2   0   0   0  4.6524   1   1
   3   3   1   2   2   0   0   0 -1.7759   1   1
   3   3   2   1   2   0   0   0  1.7759   1   1
   3   3   2   2   0   0   0   0-15.8084   1   1
   3   3   2   2   2   0   0   0  0.0912   1   1
   3   4   1   1   2   0   0   0 -1.7759   1   1
   3   4   1   2   2   0   0   0  5.3596   1   1
   3   4   1   2   4   0   0   0 -7.7083   1   1
   3   4   2   1   2   0   0   0 -4.8898   1   1
   3   4   2   1   4   0   0   0 11.3624   1   1
   3   4   2   2   2   0   0   0  3.8805   1   1
   3   4   2   2   4   0   0   0  9.1448   1   1
   4   3   1   1   2   0   0   0  1.7759   1   1
   4   3   1   2   2   0   0   0 -4.8898   1   1
   4   3   1   2   4   0   0   0 11.3624   1   1
   4   3   2   1   2   0   0   0  5.3596   1   1
   4   3   2   1   4   0   0   0 -7.7083   1   1
   4   3   2   2   2   0   0   0 -3.8805   1   1
   4   3   2   2   4   0   0   0 -9.1448   1   1
   4   4   1   1   0   0   0   0-15.8084   1   1
   4   4   1   1   2   0   0   0  0.0912   1   1
   4   4   1   2   2   0   0   0  3.8805   1   1
   4   4   1   2   4   0   0   0  9.1448   1   1
   4   4   2   1   2   0   0   0 -3.8805   1   1
   4   4   2   1   4   0   0   0 -9.1448   1   1
   4   4   2   2   0   0   0   0-22.7057   1   1
   4   4   2   2   2   0   0   0  9.1090   1   1
   4   4   2   2   4   0   0   0 -7.8447   1   1
   4   4   2   2   6   0   0   0  4.3237   1   1
