 ! Total Interaction
  20
   1   1   1   1     1     0  -7.4002
   1   2   1   1     1     0  -1.4763
   2   2   1   1     1     0   5.6327
   1   1   1   2     1     0  -1.4763
   1   2   1   2     1     0 -12.6155
   2   2   1   2     1     0  -8.9311
   1   1   2   2     1     0   5.6327
   1   2   2   2     1     0  -8.9311
   2   2   2   2     1     0  -6.2288
   1   2   1   2     2     0  -9.9195
   2   2   2   2     3     0  -9.9195
   1   1   1   1     0     1  -1.2692
   2   2   1   1     0     1  -2.8689
   1   1   2   2     0     1  -2.8689
   2   2   2   2     0     1  -3.2979
   1   2   1   2     1     1   0.1142
   1   2   1   2     2     1  -2.2738
   2   2   1   2     2     1   0.7761
   1   2   2   2     2     1   0.7761
   2   2   2   2     2     1  -1.7250
