 ! Total Interaction
  20
   1   1   1   1     1     0  -7.1535
   1   2   1   1     1     0  -1.6081
   2   2   1   1     1     0   5.3152
   1   1   1   2     1     0  -1.6081
   1   2   1   2     1     0 -11.5371
   2   2   1   2     1     0  -8.0876
   1   1   2   2     1     0   5.3152
   1   2   2   2     1     0  -8.0876
   2   2   2   2     1     0  -5.6180
   1   2   1   2     2     0  -9.6383
   2   2   2   2     3     0  -9.6383
   1   1   1   1     0     1  -1.2468
   2   2   1   1     0     1  -3.1954
   1   1   2   2     0     1  -3.1954
   2   2   2   2     0     1  -3.5063
   1   2   1   2     1     1   0.2189
   1   2   1   2     2     1  -2.5410
   2   2   1   2     2     1   0.8289
   1   2   2   2     2     1   0.8289
   2   2   2   2     2     1  -1.9549
