      1      2      1      2  -1.24680000000000     
      2      4      1      2  0.000000000000000E+000
      1      5      1      2  0.000000000000000E+000
      4      5      1      2   2.25948900860349     
      3      6      1      2  -2.25948900860349     
      1      3      1      3  -2.54100000000000     
      3      4      1      3 -0.828900000000000     
      2      3      2      3 -0.471075000000000     
      1      4      2      3  -1.19507175595234     
      3      5      2      3 -0.414450000000000     
      2      3      1      4  -1.19507175595234     
      1      4      1      4  -1.85102500000000     
      3      5      1      4 -0.717848457196921     
      1      2      2      4  0.000000000000000E+000
      2      4      2      4  -1.16105000000000     
      1      5      2      4  -1.37995000000000     
      4      5      2      4 -0.414450000000000     
      3      6      2      4 -0.414450000000000     
      1      3      3      4 -0.828900000000000     
      3      4      3      4  -1.95490000000000     
      1      2      1      5  0.000000000000000E+000
      2      4      1      5  -1.37995000000000     
      1      5      1      5  -1.16105000000000     
      4      5      1      5 -0.414450000000000     
      3      6      1      5 -0.414450000000000     
      2      5      2      5  -1.85102500000000     
      1      6      2      5  -1.19507175595234     
      4      6      2      5 -0.717848457196921     
      2      3      3      5 -0.414450000000000     
      1      4      3      5 -0.717848457196921     
      3      5      3      5  -1.95490000000000     
      1      2      4      5   2.25948900860349     
      2      4      4      5 -0.414450000000000     
      1      5      4      5 -0.414450000000000     
      4      5      4      5  -2.73060000000000     
      3      6      4      5  0.775700000000000     
      2      5      1      6  -1.19507175595234     
      1      6      1      6 -0.471075000000000     
      4      6      1      6 -0.414450000000000     
      2      6      2      6  -2.54100000000000     
      5      6      2      6 -0.828900000000000     
      1      2      3      6  -2.25948900860349     
      2      4      3      6 -0.414450000000000     
      1      5      3      6 -0.414450000000000     
      4      5      3      6  0.775700000000000     
      3      6      3      6  -2.73060000000000     
      2      5      4      6 -0.717848457196921     
      1      6      4      6 -0.414450000000000     
      4      6      4      6  -1.95490000000000     
      2      6      5      6 -0.828900000000000     
      5      6      5      6  -1.95490000000000     
      1      7      1      7  -7.15350000000000     
      4      7      1      7  0.568549207413044     
      3      8      1      7 -0.984756113842407     
      2      9      1      7 -0.984756113842407     
      5      9      1      7   2.91125493765146     
      1     10      1      7  0.568549207413044     
      4     10      1      7  -3.36162764386540     
      3     11      1      7   2.91125493765146     
      2      7      2      7  -4.20015000000000     
      5      7      2      7  0.568549207413044     
      1      8      2      7  -2.95335000000000     
      4      8      2      7 -0.568549207413044     
      6      9      2      7   1.39147622859730     
      2     10      2      7 -0.568549207413044     
      5     10      2      7  0.289337593335398     
      1     11      2      7  0.568549207413044     
      4     11      2      7  -1.97015141526810     
      3     12      2      7   3.65096523720079     
      3      7      3      7  -6.08965000000000     
      1      9      3      7  -3.54865000000000     
      4      9      3      7 -0.414450000000000     
      3     10      3      7  0.414450000000000     
      1      7      4      7  0.568549207413044     
      4      7      4      7  -5.98201250000000     
      3      8      4      7 -0.186433618799693     
      2      9      4      7   1.00863813715264     
      5      9      4      7   1.20723277694090     
      1     10      4      7  -4.13098750000000     
      4     10      4      7  -1.80844233748273     
      3     11      4      7   1.92508123413782     
      2      7      5      7  0.568549207413044     
      5      7      5      7  -5.87437500000000     
      1      8      5      7  0.568549207413044     
      4      8      5      7 -0.215274999999998     
      6      9      5      7   2.50543850622410     
      2     10      5      7   1.16467500000000     
      5     10      5      7  -1.11144616874137     
      1     11      5      7  -4.71332500000000     
      4     11      5      7 -0.696996168741365     
      3     12      5      7   2.91988850622410     
      6      7      6      7  -5.76673750000000     
      2      8      6      7  0.984756113842407     
      5      8      6      7 -0.186433618799694     
      6     10      6      7   2.50543850622410     
      2     11      6      7   1.00863813715264     
      5     11      6      7  -3.13231401107871     
      1     12      6      7  -5.29566250000000     
      4     12      6      7   2.91988850622410     
      2      7      1      8  -2.95335000000000     
      5      7      1      8  0.568549207413044     
      1      8      1      8  -4.20015000000000     
      4      8      1      8 -0.568549207413044     
      6      9      1      8   3.65096523720079     
      2     10      1      8 -0.568549207413044     
      5     10      1      8  -1.97015141526810     
      1     11      1      8  0.568549207413044     
      4     11      1      8  0.289337593335398     
      3     12      1      8   1.39147622859730     
      6      7      2      8  0.984756113842407     
      2      8      2      8  -7.15350000000000     
      5      8      2      8 -0.568549207413044     
      6     10      2      8   2.91125493765146     
      2     11      2      8 -0.568549207413044     
      5     11      2      8  -3.36162764386540     
      1     12      2      8  0.984756113842407     
      4     12      2      8   2.91125493765146     
      1      7      3      8 -0.984756113842407     
      4      7      3      8 -0.186433618799694     
      3      8      3      8  -5.76673750000000     
      2      9      3      8  -5.29566250000000     
      5      9      3      8  -2.91988850622410     
      1     10      3      8   1.00863813715264     
      4     10      3      8   3.13231401107871     
      3     11      3      8  -2.50543850622410     
      2      7      4      8 -0.568549207413044     
      5      7      4      8 -0.215274999999998     
      1      8      4      8 -0.568549207413044     
      4      8      4      8  -5.87437500000000     
      6      9      4      8  -2.91988850622410     
      2     10      4      8  -4.71332500000000     
      5     10      4      8  0.696996168741365     
      1     11      4      8   1.16467500000000     
      4     11      4      8   1.11144616874137     
      3     12      4      8  -2.50543850622410     
      6      7      5      8 -0.186433618799693     
      2      8      5      8 -0.568549207413044     
      5      8      5      8  -5.98201250000000     
      6     10      5      8  -1.92508123413782     
      2     11      5      8  -4.13098750000000     
      5     11      5      8   1.80844233748273     
      1     12      5      8   1.00863813715264     
      4     12      5      8  -1.20723277694090     
      6      8      6      8  -6.08965000000000     
      6     11      6      8 -0.414450000000000     
      2     12      6      8  -3.54865000000000     
      5     12      6      8  0.414450000000000     
      7      8      7      8  -1.24680000000000     
      8     10      7      8  0.000000000000000E+000
      7     11      7      8  0.000000000000000E+000
     10     11      7      8   2.25948900860349     
      9     12      7      8  -2.25948900860349     
      3      7      1      9  -3.54865000000000     
      1      9      1      9  -6.08965000000000     
      4      9      1      9  0.414450000000000     
      3     10      1      9 -0.414450000000000     
      1      7      2      9 -0.984756113842407     
      4      7      2      9   1.00863813715264     
      3      8      2      9  -5.29566250000000     
      2      9      2      9  -5.76673750000000     
      5      9      2      9  -2.50543850622410     
      1     10      2      9 -0.186433618799694     
      4     10      2      9   3.13231401107871     
      3     11      2      9  -2.91988850622410     
      3      9      3      9  -9.63830000000000     
      3      7      4      9 -0.414450000000000     
      1      9      4      9  0.414450000000000     
      4      9      4      9  -5.79660000000000     
      3     10      4      9  -3.84170000000000     
      1      7      5      9   2.91125493765146     
      4      7      5      9   1.20723277694090     
      3      8      5      9  -2.91988850622410     
      2      9      5      9  -2.50543850622410     
      5      9      5      9  -4.59051000000000     
      1     10      5      9   1.92508123413782     
      4     10      5      9  -1.39267277233383     
      3     11      5      9  -2.63561000000000     
      2      7      6      9   1.39147622859730     
      5      7      6      9   2.50543850622410     
      1      8      6      9   3.65096523720079     
      4      8      6      9  -2.91988850622410     
      6      9      6      9  -4.37531500000000     
      2     10      6      9  -2.50543850622410     
      5     10      6      9 -0.215194999999998     
      1     11      6      9   2.91988850622410     
      4     11      6      9 -0.990894999999998     
      3     12      6      9  -1.64471500000000     
      7      9      7      9  -2.54100000000000     
      9     10      7      9 -0.828900000000000     
      8      9      8      9 -0.471075000000000     
      7     10      8      9  -1.19507175595234     
      9     11      8      9 -0.414450000000000     
      1      7      1     10  0.568549207413044     
      4      7      1     10  -4.13098750000000     
      3      8      1     10   1.00863813715264     
      2      9      1     10 -0.186433618799693     
      5      9      1     10   1.92508123413782     
      1     10      1     10  -5.98201250000000     
      4     10      1     10  -1.80844233748273     
      3     11      1     10   1.20723277694090     
      2      7      2     10 -0.568549207413044     
      5      7      2     10   1.16467500000000     
      1      8      2     10 -0.568549207413044     
      4      8      2     10  -4.71332500000000     
      6      9      2     10  -2.50543850622410     
      2     10      2     10  -5.87437500000000     
      5     10      2     10   1.11144616874137     
      1     11      2     10 -0.215274999999998     
      4     11      2     10  0.696996168741365     
      3     12      2     10  -2.91988850622410     
      3      7      3     10  0.414450000000000     
      1      9      3     10 -0.414450000000000     
      4      9      3     10  -3.84170000000000     
      3     10      3     10  -5.79659999999999     
      1      7      4     10  -3.36162764386540     
      4      7      4     10  -1.80844233748273     
      3      8      4     10   3.13231401107871     
      2      9      4     10   3.13231401107871     
      5      9      4     10  -1.39267277233383     
      1     10      4     10  -1.80844233748273     
      4     10      4     10  -8.03018000000000     
      3     11      4     10  -1.39267277233383     
      2      7      5     10  0.289337593335398     
      5      7      5     10  -1.11144616874137     
      1      8      5     10  -1.97015141526810     
      4      8      5     10  0.696996168741365     
      6      9      5     10 -0.215194999999998     
      2     10      5     10   1.11144616874137     
      5     10      5     10  -5.98343500000000     
      1     11      5     10 -0.696996168741365     
      4     11      5     10  -3.25283500000000     
      3     12      5     10 -0.990894999999998     
      6      7      6     10   2.50543850622410     
      2      8      6     10   2.91125493765146     
      5      8      6     10  -1.92508123413782     
      6     10      6     10  -4.59051000000000     
      2     11      6     10  -1.20723277694090     
      5     11      6     10  -1.39267277233383     
      1     12      6     10   2.91988850622410     
      4     12      6     10  -2.63561000000000     
      8      9      7     10  -1.19507175595234     
      7     10      7     10  -1.85102500000000     
      9     11      7     10 -0.717848457196921     
      7      8      8     10  0.000000000000000E+000
      8     10      8     10  -1.16105000000000     
      7     11      8     10  -1.37995000000000     
     10     11      8     10 -0.414450000000000     
      9     12      8     10 -0.414450000000000     
      7      9      9     10 -0.828900000000000     
      9     10      9     10  -1.95490000000000     
      2      7      1     11  0.568549207413044     
      5      7      1     11  -4.71332500000000     
      1      8      1     11  0.568549207413044     
      4      8      1     11   1.16467500000000     
      6      9      1     11   2.91988850622410     
      2     10      1     11 -0.215274999999998     
      5     10      1     11 -0.696996168741365     
      1     11      1     11  -5.87437500000000     
      4     11      1     11  -1.11144616874137     
      3     12      1     11   2.50543850622410     
      6      7      2     11   1.00863813715264     
      2      8      2     11 -0.568549207413044     
      5      8      2     11  -4.13098750000000     
      6     10      2     11  -1.20723277694090     
      2     11      2     11  -5.98201250000000     
      5     11      2     11   1.80844233748273     
      1     12      2     11 -0.186433618799693     
      4     12      2     11  -1.92508123413782     
      1      7      3     11   2.91125493765146     
      4      7      3     11   1.92508123413782     
      3      8      3     11  -2.50543850622410     
      2      9      3     11  -2.91988850622410     
      5      9      3     11  -2.63561000000000     
      1     10      3     11   1.20723277694090     
      4     10      3     11  -1.39267277233383     
      3     11      3     11  -4.59051000000000     
      2      7      4     11  -1.97015141526810     
      5      7      4     11 -0.696996168741365     
      1      8      4     11  0.289337593335398     
      4      8      4     11   1.11144616874137     
      6      9      4     11 -0.990894999999998     
      2     10      4     11  0.696996168741365     
      5     10      4     11  -3.25283500000000     
      1     11      4     11  -1.11144616874137     
      4     11      4     11  -5.98343500000000     
      3     12      4     11 -0.215194999999998     
      6      7      5     11  -3.13231401107871     
      2      8      5     11  -3.36162764386540     
      5      8      5     11   1.80844233748273     
      6     10      5     11  -1.39267277233383     
      2     11      5     11   1.80844233748273     
      5     11      5     11  -8.03018000000000     
      1     12      5     11  -3.13231401107871     
      4     12      5     11  -1.39267277233383     
      6      8      6     11 -0.414450000000000     
      6     11      6     11  -5.79660000000000     
      2     12      6     11  0.414450000000000     
      5     12      6     11  -3.84170000000000     
      7      8      7     11  0.000000000000000E+000
      8     10      7     11  -1.37995000000000     
      7     11      7     11  -1.16105000000000     
     10     11      7     11 -0.414450000000000     
      9     12      7     11 -0.414450000000000     
      8     11      8     11  -1.85102500000000     
      7     12      8     11  -1.19507175595234     
     10     12      8     11 -0.717848457196921     
      8      9      9     11 -0.414450000000000     
      7     10      9     11 -0.717848457196921     
      9     11      9     11  -1.95490000000000     
      7      8     10     11   2.25948900860349     
      8     10     10     11 -0.414450000000000     
      7     11     10     11 -0.414450000000000     
     10     11     10     11  -2.73060000000000     
      9     12     10     11  0.775700000000000     
      6      7      1     12  -5.29566250000000     
      2      8      1     12  0.984756113842407     
      5      8      1     12   1.00863813715264     
      6     10      1     12   2.91988850622410     
      2     11      1     12 -0.186433618799694     
      5     11      1     12  -3.13231401107871     
      1     12      1     12  -5.76673750000000     
      4     12      1     12   2.50543850622410     
      6      8      2     12  -3.54865000000000     
      6     11      2     12  0.414450000000000     
      2     12      2     12  -6.08965000000000     
      5     12      2     12 -0.414450000000000     
      2      7      3     12   3.65096523720079     
      5      7      3     12   2.91988850622410     
      1      8      3     12   1.39147622859730     
      4      8      3     12  -2.50543850622410     
      6      9      3     12  -1.64471500000000     
      2     10      3     12  -2.91988850622410     
      5     10      3     12 -0.990894999999998     
      1     11      3     12   2.50543850622410     
      4     11      3     12 -0.215194999999998     
      3     12      3     12  -4.37531500000000     
      6      7      4     12   2.91988850622410     
      2      8      4     12   2.91125493765146     
      5      8      4     12  -1.20723277694090     
      6     10      4     12  -2.63561000000000     
      2     11      4     12  -1.92508123413782     
      5     11      4     12  -1.39267277233383     
      1     12      4     12   2.50543850622410     
      4     12      4     12  -4.59051000000000     
      6      8      5     12  0.414450000000000     
      6     11      5     12  -3.84170000000000     
      2     12      5     12 -0.414450000000000     
      5     12      5     12  -5.79659999999999     
      6     12      6     12  -9.63830000000000     
      8     11      7     12  -1.19507175595234     
      7     12      7     12 -0.471075000000000     
     10     12      7     12 -0.414450000000000     
      8     12      8     12  -2.54100000000000     
     11     12      8     12 -0.828900000000000     
      7      8      9     12  -2.25948900860349     
      8     10      9     12 -0.414450000000000     
      7     11      9     12 -0.414450000000000     
     10     11      9     12  0.775700000000000     
      9     12      9     12  -2.73060000000000     
      8     11     10     12 -0.717848457196921     
      7     12     10     12 -0.414450000000000     
     10     12     10     12  -1.95490000000000     
      8     12     11     12 -0.828900000000000     
     11     12     11     12  -1.95490000000000     
