      1      1      1      1           2           0   5.11535225253354     
      1      1      1      1           0           0  -11.3536500000000     
      1      1      1      2           2           0  -1.96951222768481     
      1      1      2      1           2           0  -1.96951222768481     
      1      1      2      2           4           0  -8.16380645386961     
      1      1      2      2           2           0   5.32136246310630     
      1      2      1      1           2           0   1.96951222768481     
      1      2      1      2           2           0  0.589554867834623     
      1      2      1      2           0           0  -16.7674640032508     
      1      2      2      1           4           0   11.8414613358965     
      1      2      2      1           2           0  -5.13780396112665     
      1      2      2      2           4           0   9.23349819341488     
      1      2      2      2           2           0   3.81760524114323     
      2      1      1      1           2           0   1.96951222768481     
      2      1      1      2           4           0   11.8414613358965     
      2      1      1      2           2           0  -5.13780396112665     
      2      1      2      1           2           0  0.589554867834623     
      2      1      2      1           0           0  -16.7674640032508     
      2      1      2      2           4           0   9.23349819341488     
      2      1      2      2           2           0   3.81760524114323     
      2      2      1      1           4           0  -8.16380645386962     
      2      2      1      1           2           0   5.32136246310631     
      2      2      1      2           4           0  -9.23349819341488     
      2      2      1      2           2           0  -3.81760524114323     
      2      2      2      1           4           0  -9.23349819341488     
      2      2      2      1           2           0  -3.81760524114323     
      2      2      2      2           6           0   4.35150686757760     
      2      2      2      2           4           0  -8.10911170074288     
      2      2      2      2           2           0   9.81209380563980     
      2      2      2      2           0           0  -24.4007250000000     
      1      1      1      1           2           0   5.11535225253354     
      1      1      1      1           0           0  -11.3536500000000     
      1      1      1      2           2           0  -1.96951222768481     
      1      1      2      1           2           0  -1.96951222768481     
      1      1      2      2           4           0  -8.16380645386961     
      1      1      2      2           2           0   5.32136246310630     
      1      2      1      1           2           0   1.96951222768481     
      1      2      1      2           2           0  0.589554867834623     
      1      2      1      2           0           0  -16.7674640032508     
      1      2      2      1           4           0   11.8414613358965     
      1      2      2      1           2           0  -5.13780396112665     
      1      2      2      2           4           0   9.23349819341488     
      1      2      2      2           2           0   3.81760524114323     
      2      1      1      1           2           0   1.96951222768481     
      2      1      1      2           4           0   11.8414613358965     
      2      1      1      2           2           0  -5.13780396112665     
      2      1      2      1           2           0  0.589554867834623     
      2      1      2      1           0           0  -16.7674640032508     
      2      1      2      2           4           0   9.23349819341488     
      2      1      2      2           2           0   3.81760524114323     
      2      2      1      1           4           0  -8.16380645386962     
      2      2      1      1           2           0   5.32136246310631     
      2      2      1      2           4           0  -9.23349819341488     
      2      2      1      2           2           0  -3.81760524114323     
      2      2      2      1           4           0  -9.23349819341488     
      2      2      2      1           2           0  -3.81760524114323     
      2      2      2      2           6           0   4.35150686757760     
      2      2      2      2           4           0  -8.10911170074288     
      2      2      2      2           2           0   9.81209380563980     
      2      2      2      2           0           0  -24.4007250000000     
          60           6
   1   1   3   3   0   0   0   0-11.3537   1   1
   1   1   3   3   2   0   0   0  5.1154   1   1
   1   1   3   4   2   0   0   0 -1.9695   1   1
   1   1   4   3   2   0   0   0  1.9695   1   1
   1   1   4   4   0   0   0   0-16.7675   1   1
   1   1   4   4   2   0   0   0  0.5896   1   1
   1   2   3   3   2   0   0   0 -1.9695   1   1
   1   2   3   4   2   0   0   0  5.3214   1   1
   1   2   3   4   4   0   0   0 -8.1638   1   1
   1   2   4   3   2   0   0   0 -5.1378   1   1
   1   2   4   3   4   0   0   0 11.8415   1   1
   1   2   4   4   2   0   0   0  3.8176   1   1
   1   2   4   4   4   0   0   0  9.2335   1   1
   2   1   3   3   2   0   0   0  1.9695   1   1
   2   1   3   4   2   0   0   0 -5.1378   1   1
   2   1   3   4   4   0   0   0 11.8415   1   1
   2   1   4   3   2   0   0   0  5.3214   1   1
   2   1   4   3   4   0   0   0 -8.1638   1   1
   2   1   4   4   2   0   0   0 -3.8176   1   1
   2   1   4   4   4   0   0   0 -9.2335   1   1
   2   2   3   3   0   0   0   0-16.7675   1   1
   2   2   3   3   2   0   0   0  0.5896   1   1
   2   2   3   4   2   0   0   0  3.8176   1   1
   2   2   3   4   4   0   0   0  9.2335   1   1
   2   2   4   3   2   0   0   0 -3.8176   1   1
   2   2   4   3   4   0   0   0 -9.2335   1   1
   2   2   4   4   0   0   0   0-24.4007   1   1
   2   2   4   4   2   0   0   0  9.8121   1   1
   2   2   4   4   4   0   0   0 -8.1091   1   1
   2   2   4   4   6   0   0   0  4.3515   1   1
   3   3   1   1   0   0   0   0-11.3537   1   1
   3   3   1   1   2   0   0   0  5.1154   1   1
   3   3   1   2   2   0   0   0 -1.9695   1   1
   3   3   2   1   2   0   0   0  1.9695   1   1
   3   3   2   2   0   0   0   0-16.7675   1   1
   3   3   2   2   2   0   0   0  0.5896   1   1
   3   4   1   1   2   0   0   0 -1.9695   1   1
   3   4   1   2   2   0   0   0  5.3214   1   1
   3   4   1   2   4   0   0   0 -8.1638   1   1
   3   4   2   1   2   0   0   0 -5.1378   1   1
   3   4   2   1   4   0   0   0 11.8415   1   1
   3   4   2   2   2   0   0   0  3.8176   1   1
   3   4   2   2   4   0   0   0  9.2335   1   1
   4   3   1   1   2   0   0   0  1.9695   1   1
   4   3   1   2   2   0   0   0 -5.1378   1   1
   4   3   1   2   4   0   0   0 11.8415   1   1
   4   3   2   1   2   0   0   0  5.3214   1   1
   4   3   2   1   4   0   0   0 -8.1638   1   1
   4   3   2   2   2   0   0   0 -3.8176   1   1
   4   3   2   2   4   0   0   0 -9.2335   1   1
   4   4   1   1   0   0   0   0-16.7675   1   1
   4   4   1   1   2   0   0   0  0.5896   1   1
   4   4   1   2   2   0   0   0  3.8176   1   1
   4   4   1   2   4   0   0   0  9.2335   1   1
   4   4   2   1   2   0   0   0 -3.8176   1   1
   4   4   2   1   4   0   0   0 -9.2335   1   1
   4   4   2   2   0   0   0   0-24.4007   1   1
   4   4   2   2   2   0   0   0  9.8121   1   1
   4   4   2   2   4   0   0   0 -8.1091   1   1
   4   4   2   2   6   0   0   0  4.3515   1   1
