 ! Total Interaction
  20
   1   1   1   1     1     0  -8.0893
   1   2   1   1     1     0  -0.2760
   2   2   1   1     1     0   3.6308
   1   1   1   2     1     0  -0.2760
   1   2   1   2     1     0 -13.1401
   2   2   1   2     1     0  -6.8252
   1   1   2   2     1     0   3.6308
   1   2   2   2     1     0  -6.8252
   2   2   2   2     1     0  -8.6855
   1   2   1   2     2     0  -9.3754
   2   2   2   2     3     0  -9.3754
   1   1   1   1     0     1  -1.2186
   2   2   1   1     0     1  -3.6839
   1   1   2   2     0     1  -3.6839
   2   2   2   2     0     1  -3.8235
   1   2   1   2     1     1   0.6357
   1   2   1   2     2     1  -2.9919
   2   2   1   2     2     1   1.5036
   1   2   2   2     2     1   1.5036
   2   2   2   2     2     1  -1.9287
