      1      2      1      2  -1.21860000000000     
      2      4      1      2  0.000000000000000E+000
      1      5      1      2  0.000000000000000E+000
      4      5      1      2   2.60491067121312     
      3      6      1      2  -2.60491067121312     
      1      3      1      3  -2.99190000000000     
      3      4      1      3  -1.50360000000000     
      2      3      2      3 -0.271200000000000     
      1      4      2      3  -1.57079687738422     
      3      5      2      3 -0.751800000000000     
      2      3      1      4  -1.57079687738422     
      1      4      1      4  -2.08500000000000     
      3      5      1      4  -1.30215579713028     
      1      2      2      4  0.000000000000000E+000
      2      4      2      4  -1.17810000000000     
      1      5      2      4  -1.81380000000000     
      4      5      2      4 -0.751800000000000     
      3      6      2      4 -0.751800000000000     
      1      3      3      4  -1.50360000000000     
      3      4      3      4  -1.92870000000000     
      1      2      1      5  0.000000000000000E+000
      2      4      1      5  -1.81380000000000     
      1      5      1      5  -1.17810000000000     
      4      5      1      5 -0.751800000000000     
      3      6      1      5 -0.751800000000000     
      2      5      2      5  -2.08500000000000     
      1      6      2      5  -1.57079687738422     
      4      6      2      5  -1.30215579713028     
      2      3      3      5 -0.751800000000000     
      1      4      3      5  -1.30215579713028     
      3      5      3      5  -1.92870000000000     
      1      2      4      5   2.60491067121312     
      2      4      4      5 -0.751800000000000     
      1      5      4      5 -0.751800000000000     
      4      5      4      5  -2.87610000000000     
      3      6      4      5  0.947400000000000     
      2      5      1      6  -1.57079687738422     
      1      6      1      6 -0.271200000000000     
      4      6      1      6 -0.751800000000000     
      2      6      2      6  -2.99190000000000     
      5      6      2      6  -1.50360000000000     
      1      2      3      6  -2.60491067121312     
      2      4      3      6 -0.751800000000000     
      1      5      3      6 -0.751800000000000     
      4      5      3      6  0.947400000000000     
      3      6      3      6  -2.87610000000000     
      2      5      4      6  -1.30215579713028     
      1      6      4      6 -0.751800000000000     
      4      6      4      6  -1.92870000000000     
      2      6      5      6  -1.50360000000000     
      5      6      5      6  -1.92870000000000     
      1      7      1      7  -8.08930000000000     
      4      7      1      7  9.758073580374360E-002
      3      8      1      7 -0.169014792252039     
      2      9      1      7 -0.169014792252039     
      5      9      1      7   1.98867106178976     
      1     10      1      7  9.758073580374360E-002
      4     10      1      7  -2.29631954570787     
      3     11      1      7   1.98867106178976     
      2      7      2      7  -4.65395000000000     
      5      7      2      7  9.758073580374362E-002
      1      8      2      7  -3.43535000000000     
      4      8      2      7 -9.758073580374362E-002
      6      9      2      7  0.419784323674342     
      2     10      2      7 -9.758073580374362E-002
      5     10      2      7  0.728375449179594     
      1     11      2      7  9.758073580374362E-002
      4     11      2      7  -1.87653522203353     
      3     12      2      7   3.02469499488747     
      3      7      3      7  -6.18365000000000     
      1      9      3      7  -3.19175000000000     
      4      9      3      7 -0.751800000000000     
      3     10      3      7  0.751800000000000     
      1      7      4      7  9.758073580374360E-002
      4      7      4      7  -6.20078750000000     
      3      8      4      7  2.968302071471274E-002
      2      9      4      7   1.60047989809893     
      5      9      4      7  0.670616398161602     
      1     10      4      7  -4.11578750000000     
      4     10      4      7  -1.52616111600316     
      3     11      4      7   1.97277219529189     
      2      7      5      7  9.758073580374360E-002
      5      7      5      7  -6.21792500000000     
      1      8      5      7  9.758073580374360E-002
      4      8      5      7  3.427500000000117E-002
      6      9      5      7   1.91334167400474     
      2     10      5      7   1.84807500000000     
      5     10      5      7  -1.13898055800158     
      1     11      5      7  -5.03982500000000     
      4     11      5      7 -0.387180558001579     
      3     12      5      7   2.66514167400474     
      6      7      6      7  -6.23506250000001     
      2      8      6      7  0.169014792252039     
      5      8      6      7  2.968302071471274E-002
      6     10      6      7   1.91334167400474     
      2     11      6      7   1.60047989809893     
      5     11      6      7  -2.64338859345349     
      1     12      6      7  -5.96386250000000     
      4     12      6      7   2.66514167400474     
      2      7      1      8  -3.43535000000000     
      5      7      1      8  9.758073580374362E-002
      1      8      1      8  -4.65395000000000     
      4      8      1      8 -9.758073580374362E-002
      6      9      1      8   3.02469499488747     
      2     10      1      8 -9.758073580374362E-002
      5     10      1      8  -1.87653522203353     
      1     11      1      8  9.758073580374362E-002
      4     11      1      8  0.728375449179594     
      3     12      1      8  0.419784323674342     
      6      7      2      8  0.169014792252039     
      2      8      2      8  -8.08930000000000     
      5      8      2      8 -9.758073580374360E-002
      6     10      2      8   1.98867106178976     
      2     11      2      8 -9.758073580374360E-002
      5     11      2      8  -2.29631954570787     
      1     12      2      8  0.169014792252039     
      4     12      2      8   1.98867106178976     
      1      7      3      8 -0.169014792252039     
      4      7      3      8  2.968302071471274E-002
      3      8      3      8  -6.23506250000001     
      2      9      3      8  -5.96386250000000     
      5      9      3      8  -2.66514167400474     
      1     10      3      8   1.60047989809893     
      4     10      3      8   2.64338859345349     
      3     11      3      8  -1.91334167400474     
      2      7      4      8 -9.758073580374360E-002
      5      7      4      8  3.427500000000117E-002
      1      8      4      8 -9.758073580374360E-002
      4      8      4      8  -6.21792500000000     
      6      9      4      8  -2.66514167400474     
      2     10      4      8  -5.03982500000000     
      5     10      4      8  0.387180558001579     
      1     11      4      8   1.84807500000000     
      4     11      4      8   1.13898055800158     
      3     12      4      8  -1.91334167400474     
      6      7      5      8  2.968302071471274E-002
      2      8      5      8 -9.758073580374360E-002
      5      8      5      8  -6.20078750000000     
      6     10      5      8  -1.97277219529189     
      2     11      5      8  -4.11578750000000     
      5     11      5      8   1.52616111600316     
      1     12      5      8   1.60047989809893     
      4     12      5      8 -0.670616398161602     
      6      8      6      8  -6.18365000000000     
      6     11      6      8 -0.751800000000000     
      2     12      6      8  -3.19175000000000     
      5     12      6      8  0.751800000000000     
      7      8      7      8  -1.21860000000000     
      8     10      7      8  0.000000000000000E+000
      7     11      7      8  0.000000000000000E+000
     10     11      7      8   2.60491067121312     
      9     12      7      8  -2.60491067121312     
      3      7      1      9  -3.19175000000000     
      1      9      1      9  -6.18365000000000     
      4      9      1      9  0.751800000000000     
      3     10      1      9 -0.751800000000000     
      1      7      2      9 -0.169014792252039     
      4      7      2      9   1.60047989809893     
      3      8      2      9  -5.96386250000000     
      2      9      2      9  -6.23506250000001     
      5      9      2      9  -1.91334167400474     
      1     10      2      9  2.968302071471274E-002
      4     10      2      9   2.64338859345349     
      3     11      2      9  -2.66514167400474     
      3      9      3      9  -9.37540000000000     
      3      7      4      9 -0.751800000000000     
      1      9      4      9  0.751800000000000     
      4      9      4      9  -5.65205000000000     
      3     10      4      9  -3.72335000000000     
      1      7      5      9   1.98867106178976     
      4      7      5      9  0.670616398161603     
      3      8      5      9  -2.66514167400474     
      2      9      5      9  -1.91334167400474     
      5      9      5      9  -5.44508000000000     
      1     10      5      9   1.97277219529189     
      4     10      5      9 -0.238988370428350     
      3     11      5      9  -3.51638000000000     
      2      7      6      9  0.419784323674342     
      5      7      6      9   1.91334167400474     
      1      8      6      9   3.02469499488747     
      4      8      6      9  -2.66514167400474     
      6      9      6      9  -5.81529500000000     
      2     10      6      9  -1.91334167400474     
      5     10      6      9  0.370215000000002     
      1     11      6      9   2.66514167400474     
      4     11      6      9 -0.577184999999998     
      3     12      6      9  -2.93919500000000     
      7      9      7      9  -2.99190000000000     
      9     10      7      9  -1.50360000000000     
      8      9      8      9 -0.271200000000000     
      7     10      8      9  -1.57079687738422     
      9     11      8      9 -0.751800000000000     
      1      7      1     10  9.758073580374360E-002
      4      7      1     10  -4.11578750000000     
      3      8      1     10   1.60047989809893     
      2      9      1     10  2.968302071471274E-002
      5      9      1     10   1.97277219529189     
      1     10      1     10  -6.20078750000000     
      4     10      1     10  -1.52616111600316     
      3     11      1     10  0.670616398161602     
      2      7      2     10 -9.758073580374360E-002
      5      7      2     10   1.84807500000000     
      1      8      2     10 -9.758073580374360E-002
      4      8      2     10  -5.03982500000000     
      6      9      2     10  -1.91334167400474     
      2     10      2     10  -6.21792500000000     
      5     10      2     10   1.13898055800158     
      1     11      2     10  3.427500000000117E-002
      4     11      2     10  0.387180558001579     
      3     12      2     10  -2.66514167400474     
      3      7      3     10  0.751800000000000     
      1      9      3     10 -0.751800000000000     
      4      9      3     10  -3.72335000000000     
      3     10      3     10  -5.65205000000000     
      1      7      4     10  -2.29631954570787     
      4      7      4     10  -1.52616111600316     
      3      8      4     10   2.64338859345349     
      2      9      4     10   2.64338859345349     
      5      9      4     10 -0.238988370428349     
      1     10      4     10  -1.52616111600316     
      4     10      4     10  -9.09944000000000     
      3     11      4     10 -0.238988370428349     
      2      7      5     10  0.728375449179594     
      5      7      5     10  -1.13898055800158     
      1      8      5     10  -1.87653522203353     
      4      8      5     10  0.387180558001578     
      6      9      5     10  0.370215000000002     
      2     10      5     10   1.13898055800158     
      5     10      5     10  -6.09125500000000     
      1     11      5     10 -0.387180558001578     
      4     11      5     10  -3.21515500000000     
      3     12      5     10 -0.577184999999998     
      6      7      6     10   1.91334167400474     
      2      8      6     10   1.98867106178976     
      5      8      6     10  -1.97277219529189     
      6     10      6     10  -5.44508000000000     
      2     11      6     10 -0.670616398161603     
      5     11      6     10 -0.238988370428350     
      1     12      6     10   2.66514167400474     
      4     12      6     10  -3.51638000000000     
      8      9      7     10  -1.57079687738422     
      7     10      7     10  -2.08500000000000     
      9     11      7     10  -1.30215579713028     
      7      8      8     10  0.000000000000000E+000
      8     10      8     10  -1.17810000000000     
      7     11      8     10  -1.81380000000000     
     10     11      8     10 -0.751800000000000     
      9     12      8     10 -0.751800000000000     
      7      9      9     10  -1.50360000000000     
      9     10      9     10  -1.92870000000000     
      2      7      1     11  9.758073580374360E-002
      5      7      1     11  -5.03982500000000     
      1      8      1     11  9.758073580374360E-002
      4      8      1     11   1.84807500000000     
      6      9      1     11   2.66514167400474     
      2     10      1     11  3.427500000000117E-002
      5     10      1     11 -0.387180558001579     
      1     11      1     11  -6.21792500000000     
      4     11      1     11  -1.13898055800158     
      3     12      1     11   1.91334167400474     
      6      7      2     11   1.60047989809893     
      2      8      2     11 -9.758073580374360E-002
      5      8      2     11  -4.11578750000000     
      6     10      2     11 -0.670616398161602     
      2     11      2     11  -6.20078750000000     
      5     11      2     11   1.52616111600316     
      1     12      2     11  2.968302071471274E-002
      4     12      2     11  -1.97277219529189     
      1      7      3     11   1.98867106178976     
      4      7      3     11   1.97277219529189     
      3      8      3     11  -1.91334167400474     
      2      9      3     11  -2.66514167400474     
      5      9      3     11  -3.51638000000000     
      1     10      3     11  0.670616398161603     
      4     10      3     11 -0.238988370428350     
      3     11      3     11  -5.44508000000000     
      2      7      4     11  -1.87653522203353     
      5      7      4     11 -0.387180558001578     
      1      8      4     11  0.728375449179594     
      4      8      4     11   1.13898055800158     
      6      9      4     11 -0.577184999999998     
      2     10      4     11  0.387180558001578     
      5     10      4     11  -3.21515500000000     
      1     11      4     11  -1.13898055800158     
      4     11      4     11  -6.09125500000000     
      3     12      4     11  0.370215000000002     
      6      7      5     11  -2.64338859345349     
      2      8      5     11  -2.29631954570787     
      5      8      5     11   1.52616111600316     
      6     10      5     11 -0.238988370428349     
      2     11      5     11   1.52616111600316     
      5     11      5     11  -9.09944000000000     
      1     12      5     11  -2.64338859345349     
      4     12      5     11 -0.238988370428349     
      6      8      6     11 -0.751800000000000     
      6     11      6     11  -5.65205000000000     
      2     12      6     11  0.751800000000000     
      5     12      6     11  -3.72335000000000     
      7      8      7     11  0.000000000000000E+000
      8     10      7     11  -1.81380000000000     
      7     11      7     11  -1.17810000000000     
     10     11      7     11 -0.751800000000000     
      9     12      7     11 -0.751800000000000     
      8     11      8     11  -2.08500000000000     
      7     12      8     11  -1.57079687738422     
     10     12      8     11  -1.30215579713028     
      8      9      9     11 -0.751800000000000     
      7     10      9     11  -1.30215579713028     
      9     11      9     11  -1.92870000000000     
      7      8     10     11   2.60491067121312     
      8     10     10     11 -0.751800000000000     
      7     11     10     11 -0.751800000000000     
     10     11     10     11  -2.87610000000000     
      9     12     10     11  0.947400000000000     
      6      7      1     12  -5.96386250000000     
      2      8      1     12  0.169014792252039     
      5      8      1     12   1.60047989809893     
      6     10      1     12   2.66514167400474     
      2     11      1     12  2.968302071471274E-002
      5     11      1     12  -2.64338859345349     
      1     12      1     12  -6.23506250000001     
      4     12      1     12   1.91334167400474     
      6      8      2     12  -3.19175000000000     
      6     11      2     12  0.751800000000000     
      2     12      2     12  -6.18365000000000     
      5     12      2     12 -0.751800000000000     
      2      7      3     12   3.02469499488747     
      5      7      3     12   2.66514167400474     
      1      8      3     12  0.419784323674342     
      4      8      3     12  -1.91334167400474     
      6      9      3     12  -2.93919500000000     
      2     10      3     12  -2.66514167400474     
      5     10      3     12 -0.577184999999998     
      1     11      3     12   1.91334167400474     
      4     11      3     12  0.370215000000002     
      3     12      3     12  -5.81529500000000     
      6      7      4     12   2.66514167400474     
      2      8      4     12   1.98867106178976     
      5      8      4     12 -0.670616398161603     
      6     10      4     12  -3.51638000000000     
      2     11      4     12  -1.97277219529189     
      5     11      4     12 -0.238988370428350     
      1     12      4     12   1.91334167400474     
      4     12      4     12  -5.44508000000000     
      6      8      5     12  0.751800000000000     
      6     11      5     12  -3.72335000000000     
      2     12      5     12 -0.751800000000000     
      5     12      5     12  -5.65205000000000     
      6     12      6     12  -9.37540000000000     
      8     11      7     12  -1.57079687738422     
      7     12      7     12 -0.271200000000000     
     10     12      7     12 -0.751800000000000     
      8     12      8     12  -2.99190000000000     
     11     12      8     12  -1.50360000000000     
      7      8      9     12  -2.60491067121312     
      8     10      9     12 -0.751800000000000     
      7     11      9     12 -0.751800000000000     
     10     11      9     12  0.947400000000000     
      9     12      9     12  -2.87610000000000     
      8     11     10     12  -1.30215579713028     
      7     12     10     12 -0.751800000000000     
     10     12     10     12  -1.92870000000000     
      8     12     11     12  -1.50360000000000     
     11     12     11     12  -1.92870000000000     
