      1      1      1      1           2           0   5.95020074178174     
      1      1      1      1           0           0  -12.7432500000000     
      1      1      1      2           2           0 -0.338029584504079     
      1      1      2      1           2           0 -0.338029584504079     
      1      1      2      2           4           0  -6.76342361977175     
      1      1      2      2           2           0   2.71575883861465     
      1      2      1      1           2           0  0.338029584504079     
      1      2      1      2           2           0 -9.386595329244685E-002
      1      2      1      2           0           0  -17.5627116447123     
      1      2      2      1           4           0   13.3356019584618     
      1      2      2      1           2           0  -3.92779326695904     
      1      2      2      2           4           0   8.42791797688893     
      1      2      2      2           2           0   2.12067525444902     
      2      1      1      1           2           0  0.338029584504079     
      2      1      1      2           4           0   13.3356019584618     
      2      1      1      2           2           0  -3.92779326695904     
      2      1      2      1           2           0 -9.386595329244685E-002
      2      1      2      1           0           0  -17.5627116447123     
      2      1      2      2           4           0   8.42791797688893     
      2      1      2      2           2           0   2.12067525444902     
      2      2      1      1           4           0  -6.76342361977175     
      2      2      1      1           2           0   2.71575883861466     
      2      2      1      2           4           0  -8.42791797688893     
      2      2      1      2           2           0  -2.12067525444902     
      2      2      2      1           4           0  -8.42791797688893     
      2      2      2      1           2           0  -2.12067525444902     
      2      2      2      2           6           0   7.77637902472449     
      2      2      2      2           4           0  -9.15348961031393     
      2      2      2      2           2           0   6.28577692549418     
      2      2      2      2           0           0  -26.2878250000000     
      1      1      1      1           2           0   5.95020074178174     
      1      1      1      1           0           0  -12.7432500000000     
      1      1      1      2           2           0 -0.338029584504079     
      1      1      2      1           2           0 -0.338029584504079     
      1      1      2      2           4           0  -6.76342361977175     
      1      1      2      2           2           0   2.71575883861465     
      1      2      1      1           2           0  0.338029584504079     
      1      2      1      2           2           0 -9.386595329244685E-002
      1      2      1      2           0           0  -17.5627116447123     
      1      2      2      1           4           0   13.3356019584618     
      1      2      2      1           2           0  -3.92779326695904     
      1      2      2      2           4           0   8.42791797688893     
      1      2      2      2           2           0   2.12067525444902     
      2      1      1      1           2           0  0.338029584504079     
      2      1      1      2           4           0   13.3356019584618     
      2      1      1      2           2           0  -3.92779326695904     
      2      1      2      1           2           0 -9.386595329244685E-002
      2      1      2      1           0           0  -17.5627116447123     
      2      1      2      2           4           0   8.42791797688893     
      2      1      2      2           2           0   2.12067525444902     
      2      2      1      1           4           0  -6.76342361977175     
      2      2      1      1           2           0   2.71575883861466     
      2      2      1      2           4           0  -8.42791797688893     
      2      2      1      2           2           0  -2.12067525444902     
      2      2      2      1           4           0  -8.42791797688893     
      2      2      2      1           2           0  -2.12067525444902     
      2      2      2      2           6           0   7.77637902472449     
      2      2      2      2           4           0  -9.15348961031393     
      2      2      2      2           2           0   6.28577692549418     
      2      2      2      2           0           0  -26.2878250000000     
          60           6
   1   1   3   3   0   0   0   0-12.7433   1   1
   1   1   3   3   2   0   0   0  5.9502   1   1
   1   1   3   4   2   0   0   0 -0.3380   1   1
   1   1   4   3   2   0   0   0  0.3380   1   1
   1   1   4   4   0   0   0   0-17.5627   1   1
   1   1   4   4   2   0   0   0 -0.0939   1   1
   1   2   3   3   2   0   0   0 -0.3380   1   1
   1   2   3   4   2   0   0   0  2.7158   1   1
   1   2   3   4   4   0   0   0 -6.7634   1   1
   1   2   4   3   2   0   0   0 -3.9278   1   1
   1   2   4   3   4   0   0   0 13.3356   1   1
   1   2   4   4   2   0   0   0  2.1207   1   1
   1   2   4   4   4   0   0   0  8.4279   1   1
   2   1   3   3   2   0   0   0  0.3380   1   1
   2   1   3   4   2   0   0   0 -3.9278   1   1
   2   1   3   4   4   0   0   0 13.3356   1   1
   2   1   4   3   2   0   0   0  2.7158   1   1
   2   1   4   3   4   0   0   0 -6.7634   1   1
   2   1   4   4   2   0   0   0 -2.1207   1   1
   2   1   4   4   4   0   0   0 -8.4279   1   1
   2   2   3   3   0   0   0   0-17.5627   1   1
   2   2   3   3   2   0   0   0 -0.0939   1   1
   2   2   3   4   2   0   0   0  2.1207   1   1
   2   2   3   4   4   0   0   0  8.4279   1   1
   2   2   4   3   2   0   0   0 -2.1207   1   1
   2   2   4   3   4   0   0   0 -8.4279   1   1
   2   2   4   4   0   0   0   0-26.2878   1   1
   2   2   4   4   2   0   0   0  6.2858   1   1
   2   2   4   4   4   0   0   0 -9.1535   1   1
   2   2   4   4   6   0   0   0  7.7764   1   1
   3   3   1   1   0   0   0   0-12.7433   1   1
   3   3   1   1   2   0   0   0  5.9502   1   1
   3   3   1   2   2   0   0   0 -0.3380   1   1
   3   3   2   1   2   0   0   0  0.3380   1   1
   3   3   2   2   0   0   0   0-17.5627   1   1
   3   3   2   2   2   0   0   0 -0.0939   1   1
   3   4   1   1   2   0   0   0 -0.3380   1   1
   3   4   1   2   2   0   0   0  2.7158   1   1
   3   4   1   2   4   0   0   0 -6.7634   1   1
   3   4   2   1   2   0   0   0 -3.9278   1   1
   3   4   2   1   4   0   0   0 13.3356   1   1
   3   4   2   2   2   0   0   0  2.1207   1   1
   3   4   2   2   4   0   0   0  8.4279   1   1
   4   3   1   1   2   0   0   0  0.3380   1   1
   4   3   1   2   2   0   0   0 -3.9278   1   1
   4   3   1   2   4   0   0   0 13.3356   1   1
   4   3   2   1   2   0   0   0  2.7158   1   1
   4   3   2   1   4   0   0   0 -6.7634   1   1
   4   3   2   2   2   0   0   0 -2.1207   1   1
   4   3   2   2   4   0   0   0 -8.4279   1   1
   4   4   1   1   0   0   0   0-17.5627   1   1
   4   4   1   1   2   0   0   0 -0.0939   1   1
   4   4   1   2   2   0   0   0  2.1207   1   1
   4   4   1   2   4   0   0   0  8.4279   1   1
   4   4   2   1   2   0   0   0 -2.1207   1   1
   4   4   2   1   4   0   0   0 -8.4279   1   1
   4   4   2   2   0   0   0   0-26.2878   1   1
   4   4   2   2   2   0   0   0  6.2858   1   1
   4   4   2   2   4   0   0   0 -9.1535   1   1
   4   4   2   2   6   0   0   0  7.7764   1   1
