      1      1      1      1           2           0   4.91218269280572     
      1      1      1      1           0           0  -11.0343500000000     
      1      1      1      2           2           0  -1.89039370899292     
      1      1      2      1           2           0  -1.89039370899292     
      1      1      2      2           4           0  -7.98427954814599     
      1      1      2      2           2           0   5.36752966056618     
      1      2      1      1           2           0   1.89039370899292     
      1      2      1      2           2           0  0.359305997723390     
      1      2      1      2           0           0  -16.3770173163492     
      1      2      2      1           4           0   11.6543303970295     
      1      2      2      1           2           0  -5.04109057415902     
      1      2      2      2           4           0   9.23079342915639     
      1      2      2      2           2           0   3.86515610076013     
      2      1      1      1           2           0   1.89039370899292     
      2      1      1      2           4           0   11.6543303970295     
      2      1      1      2           2           0  -5.04109057415902     
      2      1      2      1           2           0  0.359305997723390     
      2      1      2      1           0           0  -16.3770173163492     
      2      1      2      2           4           0   9.23079342915639     
      2      1      2      2           2           0   3.86515610076013     
      2      2      1      1           4           0  -7.98427954814599     
      2      2      1      1           2           0   5.36752966056618     
      2      2      1      2           4           0  -9.23079342915639     
      2      2      1      2           2           0  -3.86515610076013     
      2      2      2      1           4           0  -9.23079342915639     
      2      2      2      1           2           0  -3.86515610076013     
      2      2      2      2           6           0   4.34237902555443     
      2      2      2      2           4           0  -8.01016569273851     
      2      2      2      2           2           0   9.52639202493132     
      2      2      2      2           0           0  -23.6869750000000     
      1      1      1      1           2           0   4.91218269280572     
      1      1      1      1           0           0  -11.0343500000000     
      1      1      1      2           2           0  -1.89039370899292     
      1      1      2      1           2           0  -1.89039370899292     
      1      1      2      2           4           0  -7.98427954814599     
      1      1      2      2           2           0   5.36752966056618     
      1      2      1      1           2           0   1.89039370899292     
      1      2      1      2           2           0  0.359305997723390     
      1      2      1      2           0           0  -16.3770173163492     
      1      2      2      1           4           0   11.6543303970295     
      1      2      2      1           2           0  -5.04109057415902     
      1      2      2      2           4           0   9.23079342915639     
      1      2      2      2           2           0   3.86515610076013     
      2      1      1      1           2           0   1.89039370899292     
      2      1      1      2           4           0   11.6543303970295     
      2      1      1      2           2           0  -5.04109057415902     
      2      1      2      1           2           0  0.359305997723390     
      2      1      2      1           0           0  -16.3770173163492     
      2      1      2      2           4           0   9.23079342915639     
      2      1      2      2           2           0   3.86515610076013     
      2      2      1      1           4           0  -7.98427954814599     
      2      2      1      1           2           0   5.36752966056618     
      2      2      1      2           4           0  -9.23079342915639     
      2      2      1      2           2           0  -3.86515610076013     
      2      2      2      1           4           0  -9.23079342915639     
      2      2      2      1           2           0  -3.86515610076013     
      2      2      2      2           6           0   4.34237902555443     
      2      2      2      2           4           0  -8.01016569273851     
      2      2      2      2           2           0   9.52639202493132     
      2      2      2      2           0           0  -23.6869750000000     
          60           6
   1   1   3   3   0   0   0   0-11.0344   1   1
   1   1   3   3   2   0   0   0  4.9122   1   1
   1   1   3   4   2   0   0   0 -1.8904   1   1
   1   1   4   3   2   0   0   0  1.8904   1   1
   1   1   4   4   0   0   0   0-16.3770   1   1
   1   1   4   4   2   0   0   0  0.3593   1   1
   1   2   3   3   2   0   0   0 -1.8904   1   1
   1   2   3   4   2   0   0   0  5.3675   1   1
   1   2   3   4   4   0   0   0 -7.9843   1   1
   1   2   4   3   2   0   0   0 -5.0411   1   1
   1   2   4   3   4   0   0   0 11.6543   1   1
   1   2   4   4   2   0   0   0  3.8652   1   1
   1   2   4   4   4   0   0   0  9.2308   1   1
   2   1   3   3   2   0   0   0  1.8904   1   1
   2   1   3   4   2   0   0   0 -5.0411   1   1
   2   1   3   4   4   0   0   0 11.6543   1   1
   2   1   4   3   2   0   0   0  5.3675   1   1
   2   1   4   3   4   0   0   0 -7.9843   1   1
   2   1   4   4   2   0   0   0 -3.8652   1   1
   2   1   4   4   4   0   0   0 -9.2308   1   1
   2   2   3   3   0   0   0   0-16.3770   1   1
   2   2   3   3   2   0   0   0  0.3593   1   1
   2   2   3   4   2   0   0   0  3.8652   1   1
   2   2   3   4   4   0   0   0  9.2308   1   1
   2   2   4   3   2   0   0   0 -3.8652   1   1
   2   2   4   3   4   0   0   0 -9.2308   1   1
   2   2   4   4   0   0   0   0-23.6870   1   1
   2   2   4   4   2   0   0   0  9.5264   1   1
   2   2   4   4   4   0   0   0 -8.0102   1   1
   2   2   4   4   6   0   0   0  4.3424   1   1
   3   3   1   1   0   0   0   0-11.0344   1   1
   3   3   1   1   2   0   0   0  4.9122   1   1
   3   3   1   2   2   0   0   0 -1.8904   1   1
   3   3   2   1   2   0   0   0  1.8904   1   1
   3   3   2   2   0   0   0   0-16.3770   1   1
   3   3   2   2   2   0   0   0  0.3593   1   1
   3   4   1   1   2   0   0   0 -1.8904   1   1
   3   4   1   2   2   0   0   0  5.3675   1   1
   3   4   1   2   4   0   0   0 -7.9843   1   1
   3   4   2   1   2   0   0   0 -5.0411   1   1
   3   4   2   1   4   0   0   0 11.6543   1   1
   3   4   2   2   2   0   0   0  3.8652   1   1
   3   4   2   2   4   0   0   0  9.2308   1   1
   4   3   1   1   2   0   0   0  1.8904   1   1
   4   3   1   2   2   0   0   0 -5.0411   1   1
   4   3   1   2   4   0   0   0 11.6543   1   1
   4   3   2   1   2   0   0   0  5.3675   1   1
   4   3   2   1   4   0   0   0 -7.9843   1   1
   4   3   2   2   2   0   0   0 -3.8652   1   1
   4   3   2   2   4   0   0   0 -9.2308   1   1
   4   4   1   1   0   0   0   0-16.3770   1   1
   4   4   1   1   2   0   0   0  0.3593   1   1
   4   4   1   2   2   0   0   0  3.8652   1   1
   4   4   1   2   4   0   0   0  9.2308   1   1
   4   4   2   1   2   0   0   0 -3.8652   1   1
   4   4   2   1   4   0   0   0 -9.2308   1   1
   4   4   2   2   0   0   0   0-23.6870   1   1
   4   4   2   2   2   0   0   0  9.5264   1   1
   4   4   2   2   4   0   0   0 -8.0102   1   1
   4   4   2   2   6   0   0   0  4.3424   1   1
