 ! Total Interaction
  20
   1   1   1   1     1     0  -6.9352
   1   2   1   1     1     0  -1.5435
   2   2   1   1     1     0   5.2728
   1   1   1   2     1     0  -1.5435
   1   2   1   2     1     0 -11.4135
   2   2   1   2     1     0  -8.1051
   1   1   2   2     1     0   5.2728
   1   2   2   2     1     0  -8.1051
   2   2   2   2     1     0  -5.5156
   1   2   1   2     2     0  -9.3744
   2   2   2   2     3     0  -9.3744
   1   1   1   1     0     1  -1.2631
   2   2   1   1     0     1  -3.0252
   1   1   2   2     0     1  -3.0252
   2   2   2   2     0     1  -3.4023
   1   2   1   2     1     1   0.1612
   1   2   1   2     2     1  -2.4027
   2   2   1   2     2     1   0.8020
   1   2   2   2     2     1   0.8020
   2   2   2   2     2     1  -1.8356
