      1      2      1      2  -1.26810000000000     
      2      4      1      2  0.000000000000000E+000
      1      5      1      2  0.000000000000000E+000
      4      5      1      2   1.94595786182538     
      3      6      1      2  -1.94595786182538     
      1      3      1      3  -2.17640000000000     
      3      4      1      3 -0.756000000000000     
      2      3      2      3 -0.482000000000000     
      1      4      2      3 -0.978262296114902     
      3      5      2      3 -0.378000000000000     
      2      3      1      4 -0.978262296114902     
      1      4      1      4  -1.61160000000000     
      3      5      1      4 -0.654715205261036     
      1      2      2      4  0.000000000000000E+000
      2      4      2      4  -1.04680000000000     
      1      5      2      4  -1.12960000000000     
      4      5      2      4 -0.378000000000000     
      3      6      2      4 -0.378000000000000     
      1      3      3      4 -0.756000000000000     
      3      4      3      4  -1.64180000000000     
      1      2      1      5  0.000000000000000E+000
      2      4      1      5  -1.12960000000000     
      1      5      1      5  -1.04680000000000     
      4      5      1      5 -0.378000000000000     
      3      6      1      5 -0.378000000000000     
      2      5      2      5  -1.61160000000000     
      1      6      2      5 -0.978262296114902     
      4      6      2      5 -0.654715205261036     
      2      3      3      5 -0.378000000000000     
      1      4      3      5 -0.654715205261036     
      3      5      3      5  -1.64180000000000     
      1      2      4      5   1.94595786182538     
      2      4      4      5 -0.378000000000000     
      1      5      4      5 -0.378000000000000     
      4      5      4      5  -2.42795000000000     
      3      6      4      5  0.786150000000000     
      2      5      1      6 -0.978262296114902     
      1      6      1      6 -0.482000000000000     
      4      6      1      6 -0.378000000000000     
      2      6      2      6  -2.17640000000000     
      5      6      2      6 -0.756000000000000     
      1      2      3      6  -1.94595786182538     
      2      4      3      6 -0.378000000000000     
      1      5      3      6 -0.378000000000000     
      4      5      3      6  0.786150000000000     
      3      6      3      6  -2.42795000000000     
      2      5      4      6 -0.654715205261036     
      1      6      4      6 -0.378000000000000     
      4      6      4      6  -1.64180000000000     
      2      6      5      6 -0.756000000000000     
      5      6      5      6  -1.64180000000000     
      1      7      1      7  -7.19020000000000     
      4      7      1      7  0.502540789389279     
      3      8      1      7 -0.870426180098003     
      2      9      1      7 -0.870426180098003     
      5      9      1      7   3.03191821706985     
      1     10      1      7  0.502540789389279     
      4     10      1      7  -3.50095759757241     
      3     11      1      7   3.03191821706985     
      2      7      2      7  -4.22915000000000     
      5      7      2      7  0.502540789389279     
      1      8      2      7  -2.96105000000000     
      4      8      2      7 -0.502540789389279     
      6      9      2      7   1.65273926726662     
      2     10      2      7 -0.502540789389279     
      5     10      2      7  9.773953151958603E-002
      1     11      2      7  0.502540789389279     
      4     11      2      7  -1.84821833030579     
      3     12      2      7   3.59869712909200     
      3      7      3      7  -5.91390000000000     
      1      9      3      7  -3.73750000000000     
      4      9      3      7 -0.378000000000000     
      3     10      3      7  0.378000000000000     
      1      7      4      7  0.502540789389279     
      4      7      4      7  -5.97372500000000     
      3      8      4      7  0.103619939562809     
      2      9      4      7   1.08188223567771     
      5      9      4      7   1.38132519004927     
      1     10      4      7  -4.36212500000000     
      4     10      4      7  -1.97301694062672     
      3     11      4      7   2.03604039531031     
      2      7      5      7  0.502540789389279     
      5      7      5      7  -6.03355000000000     
      1      8      5      7  0.502540789389279     
      4      8      5      7  0.119650000000001     
      6      9      5      7   2.77052541094007     
      2     10      5      7   1.24925000000000     
      5     10      5      7  -1.17550847031336     
      1     11      5      7  -4.98675000000000     
      4     11      5      7 -0.797508470313358     
      3     12      5      7   3.14852541094007     
      6      7      6      7  -6.09337500000000     
      2      8      6      7  0.870426180098003     
      5      8      6      7  0.103619939562809     
      6     10      6      7   2.77052541094007     
      2     11      6      7   1.08188223567771     
      5     11      6      7  -3.41736558535958     
      1     12      6      7  -5.61137500000000     
      4     12      6      7   3.14852541094007     
      2      7      1      8  -2.96105000000000     
      5      7      1      8  0.502540789389279     
      1      8      1      8  -4.22915000000000     
      4      8      1      8 -0.502540789389279     
      6      9      1      8   3.59869712909200     
      2     10      1      8 -0.502540789389279     
      5     10      1      8  -1.84821833030579     
      1     11      1      8  0.502540789389279     
      4     11      1      8  9.773953151958603E-002
      3     12      1      8   1.65273926726662     
      6      7      2      8  0.870426180098003     
      2      8      2      8  -7.19020000000000     
      5      8      2      8 -0.502540789389279     
      6     10      2      8   3.03191821706985     
      2     11      2      8 -0.502540789389279     
      5     11      2      8  -3.50095759757241     
      1     12      2      8  0.870426180098003     
      4     12      2      8   3.03191821706985     
      1      7      3      8 -0.870426180098003     
      4      7      3      8  0.103619939562809     
      3      8      3      8  -6.09337500000000     
      2      9      3      8  -5.61137500000000     
      5      9      3      8  -3.14852541094007     
      1     10      3      8   1.08188223567771     
      4     10      3      8   3.41736558535958     
      3     11      3      8  -2.77052541094007     
      2      7      4      8 -0.502540789389279     
      5      7      4      8  0.119650000000001     
      1      8      4      8 -0.502540789389279     
      4      8      4      8  -6.03355000000000     
      6      9      4      8  -3.14852541094007     
      2     10      4      8  -4.98675000000000     
      5     10      4      8  0.797508470313358     
      1     11      4      8   1.24925000000000     
      4     11      4      8   1.17550847031336     
      3     12      4      8  -2.77052541094007     
      6      7      5      8  0.103619939562809     
      2      8      5      8 -0.502540789389279     
      5      8      5      8  -5.97372500000000     
      6     10      5      8  -2.03604039531031     
      2     11      5      8  -4.36212500000000     
      5     11      5      8   1.97301694062672     
      1     12      5      8   1.08188223567771     
      4     12      5      8  -1.38132519004927     
      6      8      6      8  -5.91390000000000     
      6     11      6      8 -0.378000000000000     
      2     12      6      8  -3.73750000000000     
      5     12      6      8  0.378000000000000     
      7      8      7      8  -1.26810000000000     
      8     10      7      8  0.000000000000000E+000
      7     11      7      8  0.000000000000000E+000
     10     11      7      8   1.94595786182538     
      9     12      7      8  -1.94595786182538     
      3      7      1      9  -3.73750000000000     
      1      9      1      9  -5.91390000000000     
      4      9      1      9  0.378000000000000     
      3     10      1      9 -0.378000000000000     
      1      7      2      9 -0.870426180098003     
      4      7      2      9   1.08188223567771     
      3      8      2      9  -5.61137500000000     
      2      9      2      9  -6.09337500000000     
      5      9      2      9  -2.77052541094007     
      1     10      2      9  0.103619939562809     
      4     10      2      9   3.41736558535958     
      3     11      2      9  -3.14852541094007     
      3      9      3      9  -9.65140000000000     
      3      7      4      9 -0.378000000000000     
      1      9      4      9  0.378000000000000     
      4      9      4      9  -5.64660000000000     
      3     10      4      9  -4.00480000000000     
      1      7      5      9   3.03191821706985     
      4      7      5      9   1.38132519004927     
      3      8      5      9  -3.14852541094007     
      2      9      5      9  -2.77052541094007     
      5      9      5      9  -4.58058000000000     
      1     10      5      9   2.03604039531031     
      4     10      5      9  -1.23093386792305     
      3     11      5      9  -2.93878000000000     
      2      7      6      9   1.65273926726662     
      5      7      6      9   2.77052541094007     
      1      8      6      9   3.59869712909200     
      4      8      6      9  -3.14852541094007     
      6      9      6      9  -4.44064500000000     
      2     10      6      9  -2.77052541094007     
      5     10      6      9 -0.139934999999998     
      1     11      6      9   3.14852541094007     
      4     11      6      9 -0.926084999999998     
      3     12      6      9  -2.01269500000000     
      7      9      7      9  -2.17640000000000     
      9     10      7      9 -0.756000000000000     
      8      9      8      9 -0.482000000000000     
      7     10      8      9 -0.978262296114902     
      9     11      8      9 -0.378000000000000     
      1      7      1     10  0.502540789389279     
      4      7      1     10  -4.36212500000000     
      3      8      1     10   1.08188223567771     
      2      9      1     10  0.103619939562809     
      5      9      1     10   2.03604039531031     
      1     10      1     10  -5.97372500000000     
      4     10      1     10  -1.97301694062672     
      3     11      1     10   1.38132519004927     
      2      7      2     10 -0.502540789389279     
      5      7      2     10   1.24925000000000     
      1      8      2     10 -0.502540789389279     
      4      8      2     10  -4.98675000000000     
      6      9      2     10  -2.77052541094007     
      2     10      2     10  -6.03355000000000     
      5     10      2     10   1.17550847031336     
      1     11      2     10  0.119650000000001     
      4     11      2     10  0.797508470313358     
      3     12      2     10  -3.14852541094007     
      3      7      3     10  0.378000000000000     
      1      9      3     10 -0.378000000000000     
      4      9      3     10  -4.00480000000000     
      3     10      3     10  -5.64659999999999     
      1      7      4     10  -3.50095759757241     
      4      7      4     10  -1.97301694062672     
      3      8      4     10   3.41736558535958     
      2      9      4     10   3.41736558535958     
      5      9      4     10  -1.23093386792305     
      1     10      4     10  -1.97301694062672     
      4     10      4     10  -8.23004000000000     
      3     11      4     10  -1.23093386792305     
      2      7      5     10  9.773953151958603E-002
      5      7      5     10  -1.17550847031336     
      1      8      5     10  -1.84821833030579     
      4      8      5     10  0.797508470313358     
      6      9      5     10 -0.139934999999998     
      2     10      5     10   1.17550847031336     
      5     10      5     10  -5.86200500000000     
      1     11      5     10 -0.797508470313358     
      4     11      5     10  -3.43405500000000     
      3     12      5     10 -0.926084999999998     
      6      7      6     10   2.77052541094007     
      2      8      6     10   3.03191821706985     
      5      8      6     10  -2.03604039531031     
      6     10      6     10  -4.58058000000000     
      2     11      6     10  -1.38132519004927     
      5     11      6     10  -1.23093386792305     
      1     12      6     10   3.14852541094007     
      4     12      6     10  -2.93878000000000     
      8      9      7     10 -0.978262296114902     
      7     10      7     10  -1.61160000000000     
      9     11      7     10 -0.654715205261036     
      7      8      8     10  0.000000000000000E+000
      8     10      8     10  -1.04680000000000     
      7     11      8     10  -1.12960000000000     
     10     11      8     10 -0.378000000000000     
      9     12      8     10 -0.378000000000000     
      7      9      9     10 -0.756000000000000     
      9     10      9     10  -1.64180000000000     
      2      7      1     11  0.502540789389279     
      5      7      1     11  -4.98675000000000     
      1      8      1     11  0.502540789389279     
      4      8      1     11   1.24925000000000     
      6      9      1     11   3.14852541094007     
      2     10      1     11  0.119650000000001     
      5     10      1     11 -0.797508470313358     
      1     11      1     11  -6.03355000000000     
      4     11      1     11  -1.17550847031336     
      3     12      1     11   2.77052541094007     
      6      7      2     11   1.08188223567771     
      2      8      2     11 -0.502540789389279     
      5      8      2     11  -4.36212500000000     
      6     10      2     11  -1.38132519004927     
      2     11      2     11  -5.97372500000000     
      5     11      2     11   1.97301694062672     
      1     12      2     11  0.103619939562809     
      4     12      2     11  -2.03604039531031     
      1      7      3     11   3.03191821706985     
      4      7      3     11   2.03604039531031     
      3      8      3     11  -2.77052541094007     
      2      9      3     11  -3.14852541094007     
      5      9      3     11  -2.93878000000000     
      1     10      3     11   1.38132519004927     
      4     10      3     11  -1.23093386792305     
      3     11      3     11  -4.58058000000000     
      2      7      4     11  -1.84821833030579     
      5      7      4     11 -0.797508470313358     
      1      8      4     11  9.773953151958603E-002
      4      8      4     11   1.17550847031336     
      6      9      4     11 -0.926084999999998     
      2     10      4     11  0.797508470313358     
      5     10      4     11  -3.43405500000000     
      1     11      4     11  -1.17550847031336     
      4     11      4     11  -5.86200500000000     
      3     12      4     11 -0.139934999999998     
      6      7      5     11  -3.41736558535958     
      2      8      5     11  -3.50095759757241     
      5      8      5     11   1.97301694062672     
      6     10      5     11  -1.23093386792305     
      2     11      5     11   1.97301694062672     
      5     11      5     11  -8.23004000000000     
      1     12      5     11  -3.41736558535958     
      4     12      5     11  -1.23093386792305     
      6      8      6     11 -0.378000000000000     
      6     11      6     11  -5.64660000000000     
      2     12      6     11  0.378000000000000     
      5     12      6     11  -4.00480000000000     
      7      8      7     11  0.000000000000000E+000
      8     10      7     11  -1.12960000000000     
      7     11      7     11  -1.04680000000000     
     10     11      7     11 -0.378000000000000     
      9     12      7     11 -0.378000000000000     
      8     11      8     11  -1.61160000000000     
      7     12      8     11 -0.978262296114902     
     10     12      8     11 -0.654715205261036     
      8      9      9     11 -0.378000000000000     
      7     10      9     11 -0.654715205261036     
      9     11      9     11  -1.64180000000000     
      7      8     10     11   1.94595786182538     
      8     10     10     11 -0.378000000000000     
      7     11     10     11 -0.378000000000000     
     10     11     10     11  -2.42795000000000     
      9     12     10     11  0.786150000000000     
      6      7      1     12  -5.61137500000000     
      2      8      1     12  0.870426180098003     
      5      8      1     12   1.08188223567771     
      6     10      1     12   3.14852541094007     
      2     11      1     12  0.103619939562809     
      5     11      1     12  -3.41736558535958     
      1     12      1     12  -6.09337500000000     
      4     12      1     12   2.77052541094007     
      6      8      2     12  -3.73750000000000     
      6     11      2     12  0.378000000000000     
      2     12      2     12  -5.91390000000000     
      5     12      2     12 -0.378000000000000     
      2      7      3     12   3.59869712909200     
      5      7      3     12   3.14852541094007     
      1      8      3     12   1.65273926726662     
      4      8      3     12  -2.77052541094007     
      6      9      3     12  -2.01269500000000     
      2     10      3     12  -3.14852541094007     
      5     10      3     12 -0.926084999999998     
      1     11      3     12   2.77052541094007     
      4     11      3     12 -0.139934999999998     
      3     12      3     12  -4.44064500000000     
      6      7      4     12   3.14852541094007     
      2      8      4     12   3.03191821706985     
      5      8      4     12  -1.38132519004927     
      6     10      4     12  -2.93878000000000     
      2     11      4     12  -2.03604039531031     
      5     11      4     12  -1.23093386792305     
      1     12      4     12   2.77052541094007     
      4     12      4     12  -4.58058000000000     
      6      8      5     12  0.378000000000000     
      6     11      5     12  -4.00480000000000     
      2     12      5     12 -0.378000000000000     
      5     12      5     12  -5.64659999999999     
      6     12      6     12  -9.65140000000000     
      8     11      7     12 -0.978262296114902     
      7     12      7     12 -0.482000000000000     
     10     12      7     12 -0.378000000000000     
      8     12      8     12  -2.17640000000000     
     11     12      8     12 -0.756000000000000     
      7      8      9     12  -1.94595786182538     
      8     10      9     12 -0.378000000000000     
      7     11      9     12 -0.378000000000000     
     10     11      9     12  0.786150000000000     
      9     12      9     12  -2.42795000000000     
      8     11     10     12 -0.654715205261036     
      7     12     10     12 -0.378000000000000     
     10     12     10     12  -1.64180000000000     
      8     12     11     12 -0.756000000000000     
     11     12     11     12  -1.64180000000000     
