      1      1      1      1           2           0   5.12868904375182     
      1      1      1      1           0           0  -11.4193500000000     
      1      1      1      2           2           0  -1.74085236019600     
      1      1      2      1           2           0  -1.74085236019600     
      1      1      2      2           4           0  -8.04693141108305     
      1      1      2      2           2           0   5.89454659963979     
      1      2      1      1           2           0   1.74085236019600     
      1      2      1      2           2           0 -0.327675020027464     
      1      2      1      2           0           0  -16.9808511521434     
      1      2      2      1           4           0   12.5474159472429     
      1      2      2      1           2           0  -5.39165765761097     
      1      2      2      2           4           0   9.95651156948825     
      1      2      2      2           2           0   4.36813378992065     
      2      1      1      1           2           0   1.74085236019600     
      2      1      1      2           4           0   12.5474159472429     
      2      1      1      2           2           0  -5.39165765761097     
      2      1      2      1           2           0 -0.327675020027464     
      2      1      2      1           0           0  -16.9808511521434     
      2      1      2      2           4           0   9.95651156948825     
      2      1      2      2           2           0   4.36813378992065     
      2      2      1      1           4           0  -8.04693141108305     
      2      2      1      1           2           0   5.89454659963979     
      2      2      1      2           4           0  -9.95651156948826     
      2      2      1      2           2           0  -4.36813378992065     
      2      2      2      1           4           0  -9.95651156948826     
      2      2      2      1           2           0  -4.36813378992065     
      2      2      2      2           6           0   5.32509043502315     
      2      2      2      2           4           0  -8.64210086385973     
      2      2      2      2           2           0   9.64075933975509     
      2      2      2      2           0           0  -24.3192250000000     
      1      1      1      1           2           0   5.12868904375182     
      1      1      1      1           0           0  -11.4193500000000     
      1      1      1      2           2           0  -1.74085236019600     
      1      1      2      1           2           0  -1.74085236019600     
      1      1      2      2           4           0  -8.04693141108305     
      1      1      2      2           2           0   5.89454659963979     
      1      2      1      1           2           0   1.74085236019600     
      1      2      1      2           2           0 -0.327675020027464     
      1      2      1      2           0           0  -16.9808511521434     
      1      2      2      1           4           0   12.5474159472429     
      1      2      2      1           2           0  -5.39165765761097     
      1      2      2      2           4           0   9.95651156948825     
      1      2      2      2           2           0   4.36813378992065     
      2      1      1      1           2           0   1.74085236019600     
      2      1      1      2           4           0   12.5474159472429     
      2      1      1      2           2           0  -5.39165765761097     
      2      1      2      1           2           0 -0.327675020027464     
      2      1      2      1           0           0  -16.9808511521434     
      2      1      2      2           4           0   9.95651156948825     
      2      1      2      2           2           0   4.36813378992065     
      2      2      1      1           4           0  -8.04693141108305     
      2      2      1      1           2           0   5.89454659963979     
      2      2      1      2           4           0  -9.95651156948826     
      2      2      1      2           2           0  -4.36813378992065     
      2      2      2      1           4           0  -9.95651156948826     
      2      2      2      1           2           0  -4.36813378992065     
      2      2      2      2           6           0   5.32509043502315     
      2      2      2      2           4           0  -8.64210086385973     
      2      2      2      2           2           0   9.64075933975509     
      2      2      2      2           0           0  -24.3192250000000     
          60           6
   1   1   3   3   0   0   0   0-11.4194   1   1
   1   1   3   3   2   0   0   0  5.1287   1   1
   1   1   3   4   2   0   0   0 -1.7409   1   1
   1   1   4   3   2   0   0   0  1.7409   1   1
   1   1   4   4   0   0   0   0-16.9809   1   1
   1   1   4   4   2   0   0   0 -0.3277   1   1
   1   2   3   3   2   0   0   0 -1.7409   1   1
   1   2   3   4   2   0   0   0  5.8945   1   1
   1   2   3   4   4   0   0   0 -8.0469   1   1
   1   2   4   3   2   0   0   0 -5.3917   1   1
   1   2   4   3   4   0   0   0 12.5474   1   1
   1   2   4   4   2   0   0   0  4.3681   1   1
   1   2   4   4   4   0   0   0  9.9565   1   1
   2   1   3   3   2   0   0   0  1.7409   1   1
   2   1   3   4   2   0   0   0 -5.3917   1   1
   2   1   3   4   4   0   0   0 12.5474   1   1
   2   1   4   3   2   0   0   0  5.8945   1   1
   2   1   4   3   4   0   0   0 -8.0469   1   1
   2   1   4   4   2   0   0   0 -4.3681   1   1
   2   1   4   4   4   0   0   0 -9.9565   1   1
   2   2   3   3   0   0   0   0-16.9809   1   1
   2   2   3   3   2   0   0   0 -0.3277   1   1
   2   2   3   4   2   0   0   0  4.3681   1   1
   2   2   3   4   4   0   0   0  9.9565   1   1
   2   2   4   3   2   0   0   0 -4.3681   1   1
   2   2   4   3   4   0   0   0 -9.9565   1   1
   2   2   4   4   0   0   0   0-24.3192   1   1
   2   2   4   4   2   0   0   0  9.6408   1   1
   2   2   4   4   4   0   0   0 -8.6421   1   1
   2   2   4   4   6   0   0   0  5.3251   1   1
   3   3   1   1   0   0   0   0-11.4194   1   1
   3   3   1   1   2   0   0   0  5.1287   1   1
   3   3   1   2   2   0   0   0 -1.7409   1   1
   3   3   2   1   2   0   0   0  1.7409   1   1
   3   3   2   2   0   0   0   0-16.9809   1   1
   3   3   2   2   2   0   0   0 -0.3277   1   1
   3   4   1   1   2   0   0   0 -1.7409   1   1
   3   4   1   2   2   0   0   0  5.8945   1   1
   3   4   1   2   4   0   0   0 -8.0469   1   1
   3   4   2   1   2   0   0   0 -5.3917   1   1
   3   4   2   1   4   0   0   0 12.5474   1   1
   3   4   2   2   2   0   0   0  4.3681   1   1
   3   4   2   2   4   0   0   0  9.9565   1   1
   4   3   1   1   2   0   0   0  1.7409   1   1
   4   3   1   2   2   0   0   0 -5.3917   1   1
   4   3   1   2   4   0   0   0 12.5474   1   1
   4   3   2   1   2   0   0   0  5.8945   1   1
   4   3   2   1   4   0   0   0 -8.0469   1   1
   4   3   2   2   2   0   0   0 -4.3681   1   1
   4   3   2   2   4   0   0   0 -9.9565   1   1
   4   4   1   1   0   0   0   0-16.9809   1   1
   4   4   1   1   2   0   0   0 -0.3277   1   1
   4   4   1   2   2   0   0   0  4.3681   1   1
   4   4   1   2   4   0   0   0  9.9565   1   1
   4   4   2   1   2   0   0   0 -4.3681   1   1
   4   4   2   1   4   0   0   0 -9.9565   1   1
   4   4   2   2   0   0   0   0-24.3192   1   1
   4   4   2   2   2   0   0   0  9.6408   1   1
   4   4   2   2   4   0   0   0 -8.6421   1   1
   4   4   2   2   6   0   0   0  5.3251   1   1
