      1      1      1      1           2           0   4.36424841983130     
      1      1      1      1           0           0  -10.0745000000000     
      1      1      1      2           2           0  -1.63429955638494     
      1      1      2      1           2           0  -1.63429955638494     
      1      1      2      2           4           0  -7.34619806723233     
      1      1      2      2           2           0   5.26849237609698     
      1      2      1      1           2           0   1.63429955638494     
      1      2      1      2           2           0 -0.169862458146290     
      1      2      1      2           0           0  -15.0925401706543     
      1      2      2      1           4           0   10.9709041705564     
      1      2      2      1           2           0  -4.68812027021158     
      1      2      2      2           4           0   8.94625139275994     
      1      2      2      2           2           0   3.84091007998636     
      2      1      1      1           2           0   1.63429955638494     
      2      1      1      2           4           0   10.9709041705564     
      2      1      1      2           2           0  -4.68812027021158     
      2      1      2      1           2           0 -0.169862458146290     
      2      1      2      1           0           0  -15.0925401706543     
      2      1      2      2           4           0   8.94625139275994     
      2      1      2      2           2           0   3.84091007998636     
      2      2      1      1           4           0  -7.34619806723233     
      2      2      1      1           2           0   5.26849237609698     
      2      2      1      2           4           0  -8.94625139275994     
      2      2      1      2           2           0  -3.84091007998636     
      2      2      2      1           4           0  -8.94625139275994     
      2      2      2      1           2           0  -3.84091007998636     
      2      2      2      2           6           0   4.28890839155781     
      2      2      2      2           4           0  -7.61020021360312     
      2      2      2      2           2           0   8.58604432099409     
      2      2      2      2           0           0  -21.5339250000000     
      1      1      1      1           2           0   4.36424841983130     
      1      1      1      1           0           0  -10.0745000000000     
      1      1      1      2           2           0  -1.63429955638494     
      1      1      2      1           2           0  -1.63429955638494     
      1      1      2      2           4           0  -7.34619806723233     
      1      1      2      2           2           0   5.26849237609698     
      1      2      1      1           2           0   1.63429955638494     
      1      2      1      2           2           0 -0.169862458146290     
      1      2      1      2           0           0  -15.0925401706543     
      1      2      2      1           4           0   10.9709041705564     
      1      2      2      1           2           0  -4.68812027021158     
      1      2      2      2           4           0   8.94625139275994     
      1      2      2      2           2           0   3.84091007998636     
      2      1      1      1           2           0   1.63429955638494     
      2      1      1      2           4           0   10.9709041705564     
      2      1      1      2           2           0  -4.68812027021158     
      2      1      2      1           2           0 -0.169862458146290     
      2      1      2      1           0           0  -15.0925401706543     
      2      1      2      2           4           0   8.94625139275994     
      2      1      2      2           2           0   3.84091007998636     
      2      2      1      1           4           0  -7.34619806723233     
      2      2      1      1           2           0   5.26849237609698     
      2      2      1      2           4           0  -8.94625139275994     
      2      2      1      2           2           0  -3.84091007998636     
      2      2      2      1           4           0  -8.94625139275994     
      2      2      2      1           2           0  -3.84091007998636     
      2      2      2      2           6           0   4.28890839155781     
      2      2      2      2           4           0  -7.61020021360312     
      2      2      2      2           2           0   8.58604432099409     
      2      2      2      2           0           0  -21.5339250000000     
          60           6
   1   1   3   3   0   0   0   0-10.0745   1   1
   1   1   3   3   2   0   0   0  4.3642   1   1
   1   1   3   4   2   0   0   0 -1.6343   1   1
   1   1   4   3   2   0   0   0  1.6343   1   1
   1   1   4   4   0   0   0   0-15.0925   1   1
   1   1   4   4   2   0   0   0 -0.1699   1   1
   1   2   3   3   2   0   0   0 -1.6343   1   1
   1   2   3   4   2   0   0   0  5.2685   1   1
   1   2   3   4   4   0   0   0 -7.3462   1   1
   1   2   4   3   2   0   0   0 -4.6881   1   1
   1   2   4   3   4   0   0   0 10.9709   1   1
   1   2   4   4   2   0   0   0  3.8409   1   1
   1   2   4   4   4   0   0   0  8.9463   1   1
   2   1   3   3   2   0   0   0  1.6343   1   1
   2   1   3   4   2   0   0   0 -4.6881   1   1
   2   1   3   4   4   0   0   0 10.9709   1   1
   2   1   4   3   2   0   0   0  5.2685   1   1
   2   1   4   3   4   0   0   0 -7.3462   1   1
   2   1   4   4   2   0   0   0 -3.8409   1   1
   2   1   4   4   4   0   0   0 -8.9463   1   1
   2   2   3   3   0   0   0   0-15.0925   1   1
   2   2   3   3   2   0   0   0 -0.1699   1   1
   2   2   3   4   2   0   0   0  3.8409   1   1
   2   2   3   4   4   0   0   0  8.9463   1   1
   2   2   4   3   2   0   0   0 -3.8409   1   1
   2   2   4   3   4   0   0   0 -8.9463   1   1
   2   2   4   4   0   0   0   0-21.5339   1   1
   2   2   4   4   2   0   0   0  8.5860   1   1
   2   2   4   4   4   0   0   0 -7.6102   1   1
   2   2   4   4   6   0   0   0  4.2889   1   1
   3   3   1   1   0   0   0   0-10.0745   1   1
   3   3   1   1   2   0   0   0  4.3642   1   1
   3   3   1   2   2   0   0   0 -1.6343   1   1
   3   3   2   1   2   0   0   0  1.6343   1   1
   3   3   2   2   0   0   0   0-15.0925   1   1
   3   3   2   2   2   0   0   0 -0.1699   1   1
   3   4   1   1   2   0   0   0 -1.6343   1   1
   3   4   1   2   2   0   0   0  5.2685   1   1
   3   4   1   2   4   0   0   0 -7.3462   1   1
   3   4   2   1   2   0   0   0 -4.6881   1   1
   3   4   2   1   4   0   0   0 10.9709   1   1
   3   4   2   2   2   0   0   0  3.8409   1   1
   3   4   2   2   4   0   0   0  8.9463   1   1
   4   3   1   1   2   0   0   0  1.6343   1   1
   4   3   1   2   2   0   0   0 -4.6881   1   1
   4   3   1   2   4   0   0   0 10.9709   1   1
   4   3   2   1   2   0   0   0  5.2685   1   1
   4   3   2   1   4   0   0   0 -7.3462   1   1
   4   3   2   2   2   0   0   0 -3.8409   1   1
   4   3   2   2   4   0   0   0 -8.9463   1   1
   4   4   1   1   0   0   0   0-15.0925   1   1
   4   4   1   1   2   0   0   0 -0.1699   1   1
   4   4   1   2   2   0   0   0  3.8409   1   1
   4   4   1   2   4   0   0   0  8.9463   1   1
   4   4   2   1   2   0   0   0 -3.8409   1   1
   4   4   2   1   4   0   0   0 -8.9463   1   1
   4   4   2   2   0   0   0   0-21.5339   1   1
   4   4   2   2   2   0   0   0  8.5860   1   1
   4   4   2   2   4   0   0   0 -7.6102   1   1
   4   4   2   2   6   0   0   0  4.2889   1   1
