      1      2      1      2  -1.25770000000000     
      2      4      1      2  0.000000000000000E+000
      1      5      1      2  0.000000000000000E+000
      4      5      1      2   1.82532544495495     
      3      6      1      2  -1.82532544495495     
      1      3      1      3  -2.03290000000000     
      3      4      1      3 -0.725300000000000     
      2      3      2      3 -0.476200000000000     
      1      4      2      3 -0.898761164047491     
      3      5      2      3 -0.362650000000000     
      2      3      1      4 -0.898761164047491     
      1      4      1      4  -1.51400000000000     
      3      5      1      4 -0.628128225364854     
      1      2      2      4  0.000000000000000E+000
      2      4      2      4 -0.995100000000000     
      1      5      2      4  -1.03780000000000     
      4      5      2      4 -0.362650000000000     
      3      6      2      4 -0.362650000000000     
      1      3      3      4 -0.725300000000000     
      3      4      3      4  -1.52000000000000     
      1      2      1      5  0.000000000000000E+000
      2      4      1      5  -1.03780000000000     
      1      5      1      5 -0.995100000000000     
      4      5      1      5 -0.362650000000000     
      3      6      1      5 -0.362650000000000     
      2      5      2      5  -1.51400000000000     
      1      6      2      5 -0.898761164047491     
      4      6      2      5 -0.628128225364854     
      2      3      3      5 -0.362650000000000     
      1      4      3      5 -0.628128225364854     
      3      5      3      5  -1.52000000000000     
      1      2      4      5   1.82532544495495     
      2      4      4      5 -0.362650000000000     
      1      5      4      5 -0.362650000000000     
      4      5      4      5  -2.30150000000000     
      3      6      4      5  0.781500000000000     
      2      5      1      6 -0.898761164047491     
      1      6      1      6 -0.476200000000000     
      4      6      1      6 -0.362650000000000     
      2      6      2      6  -2.03290000000000     
      5      6      2      6 -0.725300000000000     
      1      2      3      6  -1.82532544495495     
      2      4      3      6 -0.362650000000000     
      1      5      3      6 -0.362650000000000     
      4      5      3      6  0.781500000000000     
      3      6      3      6  -2.30150000000000     
      2      5      4      6 -0.628128225364854     
      1      6      4      6 -0.362650000000000     
      4      6      4      6  -1.52000000000000     
      2      6      5      6 -0.725300000000000     
      5      6      5      6  -1.52000000000000     
      1      7      1      7  -6.29710000000000     
      4      7      1      7  0.471781644407665     
      3      8      1      7 -0.817149778192468     
      2      9      1      7 -0.817149778192468     
      5      9      1      7   2.73970823264084     
      1     10      1      7  0.471781644407665     
      4     10      1      7  -3.16354257123245     
      3     11      1      7   2.73970823264084     
      2      7      2      7  -3.77740000000000     
      5      7      2      7  0.471781644407665     
      1      8      2      7  -2.51970000000000     
      4      8      2      7 -0.471781644407665     
      6      9      2      7   1.45999420594686     
      2     10      2      7 -0.471781644407665     
      5     10      2      7  0.121777079669365     
      1     11      2      7  0.471781644407665     
      4     11      2      7  -1.70354836528559     
      3     12      2      7   3.28531965090181     
      3      7      3      7  -5.28950000000000     
      1      9      3      7  -3.25660000000000     
      4      9      3      7 -0.362650000000000     
      3     10      3      7  0.362650000000000     
      1      7      4      7  0.471781644407665     
      4      7      4      7  -5.32051250000000     
      3      8      4      7  5.371522566973097E-002
      2      9      4      7  0.952476389717222     
      5      9      4      7   1.21460241406564     
      1     10      4      7  -3.80651250000000     
      4     10      4      7  -1.76515206143834     
      3     11      4      7   1.84273063943050     
      2      7      5      7  0.471781644407665     
      5      7      5      7  -5.35152500000000     
      1      8      5      7  0.471781644407665     
      4      8      5      7  6.202500000000144E-002
      6      9      5      7   2.46640309215750     
      2     10      5      7   1.09982500000000     
      5     10      5      7  -1.06390103071917     
      1     11      5      7  -4.35642500000000     
      4     11      5      7 -0.701251030719168     
      3     12      5      7   2.82905309215750     
      6      7      6      7  -5.38253750000000     
      2      8      6      7  0.817149778192468     
      5      8      6      7  5.371522566973075E-002
      6     10      6      7   2.46640309215750     
      2     11      6      7  0.952476389717222     
      5     11      6      7  -3.05733305349614     
      1     12      6      7  -4.90633750000000     
      4     12      6      7   2.82905309215750     
      2      7      1      8  -2.51970000000000     
      5      7      1      8  0.471781644407665     
      1      8      1      8  -3.77740000000000     
      4      8      1      8 -0.471781644407665     
      6      9      1      8   3.28531965090181     
      2     10      1      8 -0.471781644407665     
      5     10      1      8  -1.70354836528559     
      1     11      1      8  0.471781644407665     
      4     11      1      8  0.121777079669365     
      3     12      1      8   1.45999420594686     
      6      7      2      8  0.817149778192468     
      2      8      2      8  -6.29710000000000     
      5      8      2      8 -0.471781644407665     
      6     10      2      8   2.73970823264084     
      2     11      2      8 -0.471781644407665     
      5     11      2      8  -3.16354257123245     
      1     12      2      8  0.817149778192468     
      4     12      2      8   2.73970823264084     
      1      7      3      8 -0.817149778192468     
      4      7      3      8  5.371522566973075E-002
      3      8      3      8  -5.38253750000000     
      2      9      3      8  -4.90633750000000     
      5      9      3      8  -2.82905309215750     
      1     10      3      8  0.952476389717222     
      4     10      3      8   3.05733305349614     
      3     11      3      8  -2.46640309215750     
      2      7      4      8 -0.471781644407665     
      5      7      4      8  6.202500000000144E-002
      1      8      4      8 -0.471781644407665     
      4      8      4      8  -5.35152500000000     
      6      9      4      8  -2.82905309215750     
      2     10      4      8  -4.35642500000000     
      5     10      4      8  0.701251030719168     
      1     11      4      8   1.09982500000000     
      4     11      4      8   1.06390103071917     
      3     12      4      8  -2.46640309215750     
      6      7      5      8  5.371522566973097E-002
      2      8      5      8 -0.471781644407665     
      5      8      5      8  -5.32051250000000     
      6     10      5      8  -1.84273063943050     
      2     11      5      8  -3.80651250000000     
      5     11      5      8   1.76515206143834     
      1     12      5      8  0.952476389717222     
      4     12      5      8  -1.21460241406564     
      6      8      6      8  -5.28950000000000     
      6     11      6      8 -0.362650000000000     
      2     12      6      8  -3.25660000000000     
      5     12      6      8  0.362650000000000     
      7      8      7      8  -1.25770000000000     
      8     10      7      8  0.000000000000000E+000
      7     11      7      8  0.000000000000000E+000
     10     11      7      8   1.82532544495495     
      9     12      7      8  -1.82532544495495     
      3      7      1      9  -3.25660000000000     
      1      9      1      9  -5.28950000000000     
      4      9      1      9  0.362650000000000     
      3     10      1      9 -0.362650000000000     
      1      7      2      9 -0.817149778192468     
      4      7      2      9  0.952476389717222     
      3      8      2      9  -4.90633750000000     
      2      9      2      9  -5.38253750000000     
      5      9      2      9  -2.46640309215750     
      1     10      2      9  5.371522566973075E-002
      4     10      2      9   3.05733305349614     
      3     11      2      9  -2.82905309215750     
      3      9      3      9  -8.54610000000000     
      3      7      4      9 -0.362650000000000     
      1      9      4      9  0.362650000000000     
      4      9      4      9  -5.03305000000000     
      3     10      4      9  -3.51304999999999     
      1      7      5      9   2.73970823264084     
      4      7      5      9   1.21460241406564     
      3      8      5      9  -2.82905309215750     
      2      9      5      9  -2.46640309215750     
      5      9      5      9  -4.03222000000000     
      1     10      5      9   1.84273063943050     
      4     10      5      9  -1.15565893982610     
      3     11      5      9  -2.51222000000000     
      2      7      6      9   1.45999420594686     
      5      7      6      9   2.46640309215750     
      1      8      6      9   3.28531965090181     
      4      8      6      9  -2.82905309215750     
      6      9      6      9  -3.92255500000000     
      2     10      6      9  -2.46640309215750     
      5     10      6      9 -0.109664999999998     
      1     11      6      9   2.82905309215750     
      4     11      6      9 -0.891164999999998     
      3     12      6      9  -1.62105500000000     
      7      9      7      9  -2.03290000000000     
      9     10      7      9 -0.725300000000000     
      8      9      8      9 -0.476200000000000     
      7     10      8      9 -0.898761164047491     
      9     11      8      9 -0.362650000000000     
      1      7      1     10  0.471781644407665     
      4      7      1     10  -3.80651250000000     
      3      8      1     10  0.952476389717222     
      2      9      1     10  5.371522566973097E-002
      5      9      1     10   1.84273063943050     
      1     10      1     10  -5.32051250000000     
      4     10      1     10  -1.76515206143834     
      3     11      1     10   1.21460241406564     
      2      7      2     10 -0.471781644407665     
      5      7      2     10   1.09982500000000     
      1      8      2     10 -0.471781644407665     
      4      8      2     10  -4.35642500000000     
      6      9      2     10  -2.46640309215750     
      2     10      2     10  -5.35152500000000     
      5     10      2     10   1.06390103071917     
      1     11      2     10  6.202500000000144E-002
      4     11      2     10  0.701251030719168     
      3     12      2     10  -2.82905309215750     
      3      7      3     10  0.362650000000000     
      1      9      3     10 -0.362650000000000     
      4      9      3     10  -3.51304999999999     
      3     10      3     10  -5.03305000000000     
      1      7      4     10  -3.16354257123245     
      4      7      4     10  -1.76515206143834     
      3      8      4     10   3.05733305349614     
      2      9      4     10   3.05733305349614     
      5      9      4     10  -1.15565893982610     
      1     10      4     10  -1.76515206143834     
      4     10      4     10  -7.21166000000000     
      3     11      4     10  -1.15565893982610     
      2      7      5     10  0.121777079669365     
      5      7      5     10  -1.06390103071917     
      1      8      5     10  -1.70354836528559     
      4      8      5     10  0.701251030719168     
      6      9      5     10 -0.109664999999998     
      2     10      5     10   1.06390103071917     
      5     10      5     10  -5.25699500000000     
      1     11      5     10 -0.701251030719168     
      4     11      5     10  -2.95549500000000     
      3     12      5     10 -0.891164999999998     
      6      7      6     10   2.46640309215750     
      2      8      6     10   2.73970823264084     
      5      8      6     10  -1.84273063943050     
      6     10      6     10  -4.03222000000000     
      2     11      6     10  -1.21460241406564     
      5     11      6     10  -1.15565893982610     
      1     12      6     10   2.82905309215750     
      4     12      6     10  -2.51222000000000     
      8      9      7     10 -0.898761164047491     
      7     10      7     10  -1.51400000000000     
      9     11      7     10 -0.628128225364854     
      7      8      8     10  0.000000000000000E+000
      8     10      8     10 -0.995100000000000     
      7     11      8     10  -1.03780000000000     
     10     11      8     10 -0.362650000000000     
      9     12      8     10 -0.362650000000000     
      7      9      9     10 -0.725300000000000     
      9     10      9     10  -1.52000000000000     
      2      7      1     11  0.471781644407665     
      5      7      1     11  -4.35642500000000     
      1      8      1     11  0.471781644407665     
      4      8      1     11   1.09982500000000     
      6      9      1     11   2.82905309215750     
      2     10      1     11  6.202500000000144E-002
      5     10      1     11 -0.701251030719168     
      1     11      1     11  -5.35152500000000     
      4     11      1     11  -1.06390103071917     
      3     12      1     11   2.46640309215750     
      6      7      2     11  0.952476389717222     
      2      8      2     11 -0.471781644407665     
      5      8      2     11  -3.80651250000000     
      6     10      2     11  -1.21460241406564     
      2     11      2     11  -5.32051250000000     
      5     11      2     11   1.76515206143834     
      1     12      2     11  5.371522566973097E-002
      4     12      2     11  -1.84273063943050     
      1      7      3     11   2.73970823264084     
      4      7      3     11   1.84273063943050     
      3      8      3     11  -2.46640309215750     
      2      9      3     11  -2.82905309215750     
      5      9      3     11  -2.51222000000000     
      1     10      3     11   1.21460241406564     
      4     10      3     11  -1.15565893982610     
      3     11      3     11  -4.03222000000000     
      2      7      4     11  -1.70354836528559     
      5      7      4     11 -0.701251030719168     
      1      8      4     11  0.121777079669365     
      4      8      4     11   1.06390103071917     
      6      9      4     11 -0.891164999999998     
      2     10      4     11  0.701251030719168     
      5     10      4     11  -2.95549500000000     
      1     11      4     11  -1.06390103071917     
      4     11      4     11  -5.25699500000000     
      3     12      4     11 -0.109664999999998     
      6      7      5     11  -3.05733305349614     
      2      8      5     11  -3.16354257123245     
      5      8      5     11   1.76515206143834     
      6     10      5     11  -1.15565893982610     
      2     11      5     11   1.76515206143834     
      5     11      5     11  -7.21166000000000     
      1     12      5     11  -3.05733305349614     
      4     12      5     11  -1.15565893982610     
      6      8      6     11 -0.362650000000000     
      6     11      6     11  -5.03305000000000     
      2     12      6     11  0.362650000000000     
      5     12      6     11  -3.51304999999999     
      7      8      7     11  0.000000000000000E+000
      8     10      7     11  -1.03780000000000     
      7     11      7     11 -0.995100000000000     
     10     11      7     11 -0.362650000000000     
      9     12      7     11 -0.362650000000000     
      8     11      8     11  -1.51400000000000     
      7     12      8     11 -0.898761164047491     
     10     12      8     11 -0.628128225364854     
      8      9      9     11 -0.362650000000000     
      7     10      9     11 -0.628128225364854     
      9     11      9     11  -1.52000000000000     
      7      8     10     11   1.82532544495495     
      8     10     10     11 -0.362650000000000     
      7     11     10     11 -0.362650000000000     
     10     11     10     11  -2.30150000000000     
      9     12     10     11  0.781500000000000     
      6      7      1     12  -4.90633750000000     
      2      8      1     12  0.817149778192468     
      5      8      1     12  0.952476389717222     
      6     10      1     12   2.82905309215750     
      2     11      1     12  5.371522566973075E-002
      5     11      1     12  -3.05733305349614     
      1     12      1     12  -5.38253750000000     
      4     12      1     12   2.46640309215750     
      6      8      2     12  -3.25660000000000     
      6     11      2     12  0.362650000000000     
      2     12      2     12  -5.28950000000000     
      5     12      2     12 -0.362650000000000     
      2      7      3     12   3.28531965090181     
      5      7      3     12   2.82905309215750     
      1      8      3     12   1.45999420594686     
      4      8      3     12  -2.46640309215750     
      6      9      3     12  -1.62105500000000     
      2     10      3     12  -2.82905309215750     
      5     10      3     12 -0.891164999999998     
      1     11      3     12   2.46640309215750     
      4     11      3     12 -0.109664999999998     
      3     12      3     12  -3.92255500000000     
      6      7      4     12   2.82905309215750     
      2      8      4     12   2.73970823264084     
      5      8      4     12  -1.21460241406564     
      6     10      4     12  -2.51222000000000     
      2     11      4     12  -1.84273063943050     
      5     11      4     12  -1.15565893982610     
      1     12      4     12   2.46640309215750     
      4     12      4     12  -4.03222000000000     
      6      8      5     12  0.362650000000000     
      6     11      5     12  -3.51304999999999     
      2     12      5     12 -0.362650000000000     
      5     12      5     12  -5.03305000000000     
      6     12      6     12  -8.54610000000000     
      8     11      7     12 -0.898761164047491     
      7     12      7     12 -0.476200000000000     
     10     12      7     12 -0.362650000000000     
      8     12      8     12  -2.03290000000000     
     11     12      8     12 -0.725300000000000     
      7      8      9     12  -1.82532544495495     
      8     10      9     12 -0.362650000000000     
      7     11      9     12 -0.362650000000000     
     10     11      9     12  0.781500000000000     
      9     12      9     12  -2.30150000000000     
      8     11     10     12 -0.628128225364854     
      7     12     10     12 -0.362650000000000     
     10     12     10     12  -1.52000000000000     
      8     12     11     12 -0.725300000000000     
     11     12     11     12  -1.52000000000000     
