 ! Total Interaction
  20
   1   1   1   1     1     0  -6.2971
   1   2   1   1     1     0  -1.3344
   2   2   1   1     1     0   5.0020
   1   1   1   2     1     0  -1.3344
   1   2   1   2     1     0 -10.8698
   2   2   1   2     1     0  -7.8940
   1   1   2   2     1     0   5.0020
   1   2   2   2     1     0  -7.8940
   2   2   2   2     1     0  -5.2100
   1   2   1   2     2     0  -8.5461
   2   2   2   2     3     0  -8.5461
   1   1   1   1     0     1  -1.2577
   2   2   1   1     0     1  -2.5814
   1   1   2   2     0     1  -2.5814
   2   2   2   2     0     1  -3.0830
   1   2   1   2     1     1   0.0427
   1   2   1   2     2     1  -2.0329
   2   2   1   2     2     1   0.7253
   1   2   2   2     2     1   0.7253
   2   2   2   2     2     1  -1.5200
