      1      2      1      2  -1.25740000000000     
      2      4      1      2  0.000000000000000E+000
      1      5      1      2  0.000000000000000E+000
      4      5      1      2   2.19040467608157     
      3      6      1      2  -2.19040467608157     
      1      3      1      3  -2.46180000000000     
      3      4      1      3 -0.813600000000000     
      2      3      2      3 -0.476700000000000     
      1      4      2      3  -1.14609801936833     
      3      5      2      3 -0.406800000000000     
      2      3      1      4  -1.14609801936833     
      1      4      1      4  -1.80010000000000     
      3      5      1      4 -0.704598268519020     
      1      2      2      4  0.000000000000000E+000
      2      4      2      4  -1.13840000000000     
      1      5      2      4  -1.32340000000000     
      4      5      2      4 -0.406800000000000     
      3      6      2      4 -0.406800000000000     
      1      3      3      4 -0.813600000000000     
      3      4      3      4  -1.88650000000000     
      1      2      1      5  0.000000000000000E+000
      2      4      1      5  -1.32340000000000     
      1      5      1      5  -1.13840000000000     
      4      5      1      5 -0.406800000000000     
      3      6      1      5 -0.406800000000000     
      2      5      2      5  -1.80010000000000     
      1      6      2      5  -1.14609801936833     
      4      6      2      5 -0.704598268519020     
      2      3      3      5 -0.406800000000000     
      1      4      3      5 -0.704598268519020     
      3      5      3      5  -1.88650000000000     
      1      2      4      5   2.19040467608157     
      2      4      4      5 -0.406800000000000     
      1      5      4      5 -0.406800000000000     
      4      5      4      5  -2.66715000000000     
      3      6      4      5  0.780650000000000     
      2      5      1      6  -1.14609801936833     
      1      6      1      6 -0.476700000000000     
      4      6      1      6 -0.406800000000000     
      2      6      2      6  -2.46180000000000     
      5      6      2      6 -0.813600000000000     
      1      2      3      6  -2.19040467608157     
      2      4      3      6 -0.406800000000000     
      1      5      3      6 -0.406800000000000     
      4      5      3      6  0.780650000000000     
      3      6      3      6  -2.66715000000000     
      2      5      4      6 -0.704598268519020     
      1      6      4      6 -0.406800000000000     
      4      6      4      6  -1.88650000000000     
      2      6      5      6 -0.813600000000000     
      5      6      5      6  -1.88650000000000     
      1      7      1      7  -7.02990000000000     
      4      7      1      7  0.555856640690745     
      3      8      1      7 -0.962771943400928     
      2      9      1      7 -0.962771943400928     
      5      9      1      7   2.90019094198986     
      1     10      1      7  0.555856640690745     
      4     10      1      7  -3.34885204211831     
      3     11      1      7   2.90019094198986     
      2      7      2      7  -4.14365000000000     
      5      7      2      7  0.555856640690745     
      1      8      2      7  -2.88625000000000     
      4      8      2      7 -0.555856640690745     
      6      9      2      7   1.41643669354795     
      2     10      2      7 -0.555856640690745     
      5     10      2      7  0.257989327511206     
      1     11      2      7  0.555856640690745     
      4     11      2      7  -1.93241534857036     
      3     12      2      7   3.60684136962952     
      3      7      3      7  -5.97610000000000     
      1      9      3      7  -3.51430000000000     
      4      9      3      7 -0.406800000000000     
      3     10      3      7  0.406800000000000     
      1      7      4      7  0.555856640690745     
      4      7      4      7  -5.89290000000000     
      3      8      4      7 -0.144106627189729     
      2      9      4      7   1.00199139217860     
      5      9      4      7   1.21707244745720     
      1     10      4      7  -4.09280000000000     
      4     10      4      7  -1.81215421032538     
      3     11      4      7   1.92167071597622     
      2      7      5      7  0.555856640690745     
      5      7      5      7  -5.80970000000000     
      1      8      5      7  0.555856640690745     
      4      8      5      7 -0.166399999999998     
      6      9      5      7   2.51483131548807     
      2     10      5      7   1.15700000000000     
      5     10      5      7  -1.10947710516269     
      1     11      5      7  -4.67130000000000     
      4     11      5      7 -0.702677105162690     
      3     12      5      7   2.92163131548807     
      6      7      6      7  -5.72650000000000     
      2      8      6      7  0.962771943400928     
      5      8      6      7 -0.144106627189729     
      6     10      6      7   2.51483131548807     
      2     11      6      7   1.00199139217860     
      5     11      6      7  -3.13874316343342     
      1     12      6      7  -5.24980000000000     
      4     12      6      7   2.92163131548807     
      2      7      1      8  -2.88625000000000     
      5      7      1      8  0.555856640690745     
      1      8      1      8  -4.14365000000000     
      4      8      1      8 -0.555856640690745     
      6      9      1      8   3.60684136962952     
      2     10      1      8 -0.555856640690745     
      5     10      1      8  -1.93241534857036     
      1     11      1      8  0.555856640690745     
      4     11      1      8  0.257989327511206     
      3     12      1      8   1.41643669354795     
      6      7      2      8  0.962771943400928     
      2      8      2      8  -7.02990000000000     
      5      8      2      8 -0.555856640690745     
      6     10      2      8   2.90019094198986     
      2     11      2      8 -0.555856640690745     
      5     11      2      8  -3.34885204211831     
      1     12      2      8  0.962771943400928     
      4     12      2      8   2.90019094198986     
      1      7      3      8 -0.962771943400928     
      4      7      3      8 -0.144106627189729     
      3      8      3      8  -5.72650000000000     
      2      9      3      8  -5.24980000000000     
      5      9      3      8  -2.92163131548807     
      1     10      3      8   1.00199139217860     
      4     10      3      8   3.13874316343342     
      3     11      3      8  -2.51483131548807     
      2      7      4      8 -0.555856640690745     
      5      7      4      8 -0.166399999999998     
      1      8      4      8 -0.555856640690745     
      4      8      4      8  -5.80970000000000     
      6      9      4      8  -2.92163131548807     
      2     10      4      8  -4.67130000000000     
      5     10      4      8  0.702677105162690     
      1     11      4      8   1.15700000000000     
      4     11      4      8   1.10947710516269     
      3     12      4      8  -2.51483131548807     
      6      7      5      8 -0.144106627189729     
      2      8      5      8 -0.555856640690745     
      5      8      5      8  -5.89290000000000     
      6     10      5      8  -1.92167071597622     
      2     11      5      8  -4.09280000000000     
      5     11      5      8   1.81215421032538     
      1     12      5      8   1.00199139217860     
      4     12      5      8  -1.21707244745720     
      6      8      6      8  -5.97610000000000     
      6     11      6      8 -0.406800000000000     
      2     12      6      8  -3.51430000000000     
      5     12      6      8  0.406800000000000     
      7      8      7      8  -1.25740000000000     
      8     10      7      8  0.000000000000000E+000
      7     11      7      8  0.000000000000000E+000
     10     11      7      8   2.19040467608157     
      9     12      7      8  -2.19040467608157     
      3      7      1      9  -3.51430000000000     
      1      9      1      9  -5.97610000000000     
      4      9      1      9  0.406800000000000     
      3     10      1      9 -0.406800000000000     
      1      7      2      9 -0.962771943400928     
      4      7      2      9   1.00199139217860     
      3      8      2      9  -5.24980000000000     
      2      9      2      9  -5.72650000000000     
      5      9      2      9  -2.51483131548807     
      1     10      2      9 -0.144106627189729     
      4     10      2      9   3.13874316343342     
      3     11      2      9  -2.92163131548807     
      3      9      3      9  -9.49040000000000     
      3      7      4      9 -0.406800000000000     
      1      9      4      9  0.406800000000000     
      4      9      4      9  -5.68845000000000     
      3     10      4      9  -3.80194999999999     
      1      7      5      9   2.90019094198986     
      4      7      5      9   1.21707244745720     
      3      8      5      9  -2.92163131548807     
      2      9      5      9  -2.51483131548807     
      5      9      5      9  -4.50933000000000     
      1     10      5      9   1.92167071597622     
      4     10      5      9  -1.36153049881374     
      3     11      5      9  -2.62283000000000     
      2      7      6      9   1.41643669354795     
      5      7      6      9   2.51483131548807     
      1      8      6      9   3.60684136962952     
      4      8      6      9  -2.92163131548807     
      6      9      6      9  -4.31009500000000     
      2     10      6      9  -2.51483131548807     
      5     10      6      9 -0.199234999999998     
      1     11      6      9   2.92163131548807     
      4     11      6      9 -0.979884999999998     
      3     12      6      9  -1.64294500000000     
      7      9      7      9  -2.46180000000000     
      9     10      7      9 -0.813600000000000     
      8      9      8      9 -0.476700000000000     
      7     10      8      9  -1.14609801936833     
      9     11      8      9 -0.406800000000000     
      1      7      1     10  0.555856640690745     
      4      7      1     10  -4.09280000000000     
      3      8      1     10   1.00199139217860     
      2      9      1     10 -0.144106627189729     
      5      9      1     10   1.92167071597622     
      1     10      1     10  -5.89290000000000     
      4     10      1     10  -1.81215421032538     
      3     11      1     10   1.21707244745720     
      2      7      2     10 -0.555856640690745     
      5      7      2     10   1.15700000000000     
      1      8      2     10 -0.555856640690745     
      4      8      2     10  -4.67130000000000     
      6      9      2     10  -2.51483131548807     
      2     10      2     10  -5.80970000000000     
      5     10      2     10   1.10947710516269     
      1     11      2     10 -0.166399999999998     
      4     11      2     10  0.702677105162690     
      3     12      2     10  -2.92163131548807     
      3      7      3     10  0.406800000000000     
      1      9      3     10 -0.406800000000000     
      4      9      3     10  -3.80194999999999     
      3     10      3     10  -5.68844999999999     
      1      7      4     10  -3.34885204211831     
      4      7      4     10  -1.81215421032538     
      3      8      4     10   3.13874316343342     
      2      9      4     10   3.13874316343342     
      5      9      4     10  -1.36153049881374     
      1     10      4     10  -1.81215421032538     
      4     10      4     10  -7.91824000000000     
      3     11      4     10  -1.36153049881374     
      2      7      5     10  0.257989327511206     
      5      7      5     10  -1.10947710516269     
      1      8      5     10  -1.93241534857036     
      4      8      5     10  0.702677105162691     
      6      9      5     10 -0.199234999999998     
      2     10      5     10   1.10947710516269     
      5     10      5     10  -5.88225500000000     
      1     11      5     10 -0.702677105162691     
      4     11      5     10  -3.21510500000000     
      3     12      5     10 -0.979884999999998     
      6      7      6     10   2.51483131548807     
      2      8      6     10   2.90019094198986     
      5      8      6     10  -1.92167071597622     
      6     10      6     10  -4.50933000000000     
      2     11      6     10  -1.21707244745720     
      5     11      6     10  -1.36153049881374     
      1     12      6     10   2.92163131548807     
      4     12      6     10  -2.62283000000000     
      8      9      7     10  -1.14609801936833     
      7     10      7     10  -1.80010000000000     
      9     11      7     10 -0.704598268519020     
      7      8      8     10  0.000000000000000E+000
      8     10      8     10  -1.13840000000000     
      7     11      8     10  -1.32340000000000     
     10     11      8     10 -0.406800000000000     
      9     12      8     10 -0.406800000000000     
      7      9      9     10 -0.813600000000000     
      9     10      9     10  -1.88650000000000     
      2      7      1     11  0.555856640690745     
      5      7      1     11  -4.67130000000000     
      1      8      1     11  0.555856640690745     
      4      8      1     11   1.15700000000000     
      6      9      1     11   2.92163131548807     
      2     10      1     11 -0.166399999999998     
      5     10      1     11 -0.702677105162690     
      1     11      1     11  -5.80970000000000     
      4     11      1     11  -1.10947710516269     
      3     12      1     11   2.51483131548807     
      6      7      2     11   1.00199139217860     
      2      8      2     11 -0.555856640690745     
      5      8      2     11  -4.09280000000000     
      6     10      2     11  -1.21707244745720     
      2     11      2     11  -5.89290000000000     
      5     11      2     11   1.81215421032538     
      1     12      2     11 -0.144106627189729     
      4     12      2     11  -1.92167071597622     
      1      7      3     11   2.90019094198986     
      4      7      3     11   1.92167071597622     
      3      8      3     11  -2.51483131548807     
      2      9      3     11  -2.92163131548807     
      5      9      3     11  -2.62283000000000     
      1     10      3     11   1.21707244745720     
      4     10      3     11  -1.36153049881374     
      3     11      3     11  -4.50933000000000     
      2      7      4     11  -1.93241534857036     
      5      7      4     11 -0.702677105162691     
      1      8      4     11  0.257989327511206     
      4      8      4     11   1.10947710516269     
      6      9      4     11 -0.979884999999998     
      2     10      4     11  0.702677105162691     
      5     10      4     11  -3.21510500000000     
      1     11      4     11  -1.10947710516269     
      4     11      4     11  -5.88225500000000     
      3     12      4     11 -0.199234999999998     
      6      7      5     11  -3.13874316343342     
      2      8      5     11  -3.34885204211831     
      5      8      5     11   1.81215421032538     
      6     10      5     11  -1.36153049881374     
      2     11      5     11   1.81215421032538     
      5     11      5     11  -7.91824000000000     
      1     12      5     11  -3.13874316343342     
      4     12      5     11  -1.36153049881374     
      6      8      6     11 -0.406800000000000     
      6     11      6     11  -5.68845000000000     
      2     12      6     11  0.406800000000000     
      5     12      6     11  -3.80194999999999     
      7      8      7     11  0.000000000000000E+000
      8     10      7     11  -1.32340000000000     
      7     11      7     11  -1.13840000000000     
     10     11      7     11 -0.406800000000000     
      9     12      7     11 -0.406800000000000     
      8     11      8     11  -1.80010000000000     
      7     12      8     11  -1.14609801936833     
     10     12      8     11 -0.704598268519020     
      8      9      9     11 -0.406800000000000     
      7     10      9     11 -0.704598268519020     
      9     11      9     11  -1.88650000000000     
      7      8     10     11   2.19040467608157     
      8     10     10     11 -0.406800000000000     
      7     11     10     11 -0.406800000000000     
     10     11     10     11  -2.66715000000000     
      9     12     10     11  0.780650000000000     
      6      7      1     12  -5.24980000000000     
      2      8      1     12  0.962771943400928     
      5      8      1     12   1.00199139217860     
      6     10      1     12   2.92163131548807     
      2     11      1     12 -0.144106627189729     
      5     11      1     12  -3.13874316343342     
      1     12      1     12  -5.72650000000000     
      4     12      1     12   2.51483131548807     
      6      8      2     12  -3.51430000000000     
      6     11      2     12  0.406800000000000     
      2     12      2     12  -5.97610000000000     
      5     12      2     12 -0.406800000000000     
      2      7      3     12   3.60684136962952     
      5      7      3     12   2.92163131548807     
      1      8      3     12   1.41643669354795     
      4      8      3     12  -2.51483131548807     
      6      9      3     12  -1.64294500000000     
      2     10      3     12  -2.92163131548807     
      5     10      3     12 -0.979884999999998     
      1     11      3     12   2.51483131548807     
      4     11      3     12 -0.199234999999998     
      3     12      3     12  -4.31009500000000     
      6      7      4     12   2.92163131548807     
      2      8      4     12   2.90019094198986     
      5      8      4     12  -1.21707244745720     
      6     10      4     12  -2.62283000000000     
      2     11      4     12  -1.92167071597622     
      5     11      4     12  -1.36153049881374     
      1     12      4     12   2.51483131548807     
      4     12      4     12  -4.50933000000000     
      6      8      5     12  0.406800000000000     
      6     11      5     12  -3.80194999999999     
      2     12      5     12 -0.406800000000000     
      5     12      5     12  -5.68844999999999     
      6     12      6     12  -9.49040000000000     
      8     11      7     12  -1.14609801936833     
      7     12      7     12 -0.476700000000000     
     10     12      7     12 -0.406800000000000     
      8     12      8     12  -2.46180000000000     
     11     12      8     12 -0.813600000000000     
      7      8      9     12  -2.19040467608157     
      8     10      9     12 -0.406800000000000     
      7     11      9     12 -0.406800000000000     
     10     11      9     12  0.780650000000000     
      9     12      9     12  -2.66715000000000     
      8     11     10     12 -0.704598268519020     
      7     12     10     12 -0.406800000000000     
     10     12     10     12  -1.88650000000000     
      8     12     11     12 -0.813600000000000     
     11     12     11     12  -1.88650000000000     
