 ! Total Interaction
  20
   1   1   1   1     1     0  -7.0299
   1   2   1   1     1     0  -1.5722
   2   2   1   1     1     0   5.2950
   1   1   1   2     1     0  -1.5722
   1   2   1   2     1     0 -11.4716
   2   2   1   2     1     0  -8.1042
   1   1   2   2     1     0   5.2950
   1   2   2   2     1     0  -8.1042
   2   2   2   2     1     0  -5.5600
   1   2   1   2     2     0  -9.4904
   2   2   2   2     3     0  -9.4904
   1   1   1   1     0     1  -1.2574
   2   2   1   1     0     1  -3.0977
   1   1   2   2     0     1  -3.0977
   2   2   2   2     0     1  -3.4478
   1   2   1   2     1     1   0.1850
   1   2   1   2     2     1  -2.4618
   2   2   1   2     2     1   0.8136
   1   2   2   2     2     1   0.8136
   2   2   2   2     2     1  -1.8865
