      1      1      1      1           2           0   4.99913164334567     
      1      1      1      1           0           0  -11.1735500000000     
      1      1      1      2           2           0  -1.92554388680186     
      1      1      2      1           2           0  -1.92554388680186     
      1      1      2      2           4           0  -8.06514248655005     
      1      1      2      2           2           0   5.35353126091977     
      1      2      1      1           2           0   1.92554388680186     
      1      2      1      2           2           0  0.455705167844298     
      1      2      1      2           0           0  -16.5499756350274     
      1      2      2      1           4           0   11.7389096682784     
      1      2      2      1           2           0  -5.08495476086071     
      1      2      2      2           4           0   9.23900944021628     
      1      2      2      2           2           0   3.84872101140035     
      2      1      1      1           2           0   1.92554388680186     
      2      1      1      2           4           0   11.7389096682784     
      2      1      1      2           2           0  -5.08495476086071     
      2      1      2      1           2           0  0.455705167844298     
      2      1      2      1           0           0  -16.5499756350274     
      2      1      2      2           4           0   9.23900944021628     
      2      1      2      2           2           0   3.84872101140035     
      2      2      1      1           4           0  -8.06514248655005     
      2      2      1      1           2           0   5.35353126091977     
      2      2      1      2           4           0  -9.23900944021628     
      2      2      1      2           2           0  -3.84872101140035     
      2      2      2      1           4           0  -9.23900944021628     
      2      2      2      1           2           0  -3.84872101140035     
      2      2      2      2           6           0   4.34682388775702     
      2      2      2      2           4           0  -8.05591564355816     
      2      2      2      2           2           0   9.65331670810996     
      2      2      2      2           0           0  -23.9982750000000     
      1      1      1      1           2           0   4.99913164334567     
      1      1      1      1           0           0  -11.1735500000000     
      1      1      1      2           2           0  -1.92554388680186     
      1      1      2      1           2           0  -1.92554388680186     
      1      1      2      2           4           0  -8.06514248655005     
      1      1      2      2           2           0   5.35353126091977     
      1      2      1      1           2           0   1.92554388680186     
      1      2      1      2           2           0  0.455705167844298     
      1      2      1      2           0           0  -16.5499756350274     
      1      2      2      1           4           0   11.7389096682784     
      1      2      2      1           2           0  -5.08495476086071     
      1      2      2      2           4           0   9.23900944021628     
      1      2      2      2           2           0   3.84872101140035     
      2      1      1      1           2           0   1.92554388680186     
      2      1      1      2           4           0   11.7389096682784     
      2      1      1      2           2           0  -5.08495476086071     
      2      1      2      1           2           0  0.455705167844298     
      2      1      2      1           0           0  -16.5499756350274     
      2      1      2      2           4           0   9.23900944021628     
      2      1      2      2           2           0   3.84872101140035     
      2      2      1      1           4           0  -8.06514248655005     
      2      2      1      1           2           0   5.35353126091977     
      2      2      1      2           4           0  -9.23900944021628     
      2      2      1      2           2           0  -3.84872101140035     
      2      2      2      1           4           0  -9.23900944021628     
      2      2      2      1           2           0  -3.84872101140035     
      2      2      2      2           6           0   4.34682388775702     
      2      2      2      2           4           0  -8.05591564355816     
      2      2      2      2           2           0   9.65331670810996     
      2      2      2      2           0           0  -23.9982750000000     
          60           6
   1   1   3   3   0   0   0   0-11.1736   1   1
   1   1   3   3   2   0   0   0  4.9991   1   1
   1   1   3   4   2   0   0   0 -1.9255   1   1
   1   1   4   3   2   0   0   0  1.9255   1   1
   1   1   4   4   0   0   0   0-16.5500   1   1
   1   1   4   4   2   0   0   0  0.4557   1   1
   1   2   3   3   2   0   0   0 -1.9255   1   1
   1   2   3   4   2   0   0   0  5.3535   1   1
   1   2   3   4   4   0   0   0 -8.0651   1   1
   1   2   4   3   2   0   0   0 -5.0850   1   1
   1   2   4   3   4   0   0   0 11.7389   1   1
   1   2   4   4   2   0   0   0  3.8487   1   1
   1   2   4   4   4   0   0   0  9.2390   1   1
   2   1   3   3   2   0   0   0  1.9255   1   1
   2   1   3   4   2   0   0   0 -5.0850   1   1
   2   1   3   4   4   0   0   0 11.7389   1   1
   2   1   4   3   2   0   0   0  5.3535   1   1
   2   1   4   3   4   0   0   0 -8.0651   1   1
   2   1   4   4   2   0   0   0 -3.8487   1   1
   2   1   4   4   4   0   0   0 -9.2390   1   1
   2   2   3   3   0   0   0   0-16.5500   1   1
   2   2   3   3   2   0   0   0  0.4557   1   1
   2   2   3   4   2   0   0   0  3.8487   1   1
   2   2   3   4   4   0   0   0  9.2390   1   1
   2   2   4   3   2   0   0   0 -3.8487   1   1
   2   2   4   3   4   0   0   0 -9.2390   1   1
   2   2   4   4   0   0   0   0-23.9983   1   1
   2   2   4   4   2   0   0   0  9.6533   1   1
   2   2   4   4   4   0   0   0 -8.0559   1   1
   2   2   4   4   6   0   0   0  4.3468   1   1
   3   3   1   1   0   0   0   0-11.1736   1   1
   3   3   1   1   2   0   0   0  4.9991   1   1
   3   3   1   2   2   0   0   0 -1.9255   1   1
   3   3   2   1   2   0   0   0  1.9255   1   1
   3   3   2   2   0   0   0   0-16.5500   1   1
   3   3   2   2   2   0   0   0  0.4557   1   1
   3   4   1   1   2   0   0   0 -1.9255   1   1
   3   4   1   2   2   0   0   0  5.3535   1   1
   3   4   1   2   4   0   0   0 -8.0651   1   1
   3   4   2   1   2   0   0   0 -5.0850   1   1
   3   4   2   1   4   0   0   0 11.7389   1   1
   3   4   2   2   2   0   0   0  3.8487   1   1
   3   4   2   2   4   0   0   0  9.2390   1   1
   4   3   1   1   2   0   0   0  1.9255   1   1
   4   3   1   2   2   0   0   0 -5.0850   1   1
   4   3   1   2   4   0   0   0 11.7389   1   1
   4   3   2   1   2   0   0   0  5.3535   1   1
   4   3   2   1   4   0   0   0 -8.0651   1   1
   4   3   2   2   2   0   0   0 -3.8487   1   1
   4   3   2   2   4   0   0   0 -9.2390   1   1
   4   4   1   1   0   0   0   0-16.5500   1   1
   4   4   1   1   2   0   0   0  0.4557   1   1
   4   4   1   2   2   0   0   0  3.8487   1   1
   4   4   1   2   4   0   0   0  9.2390   1   1
   4   4   2   1   2   0   0   0 -3.8487   1   1
   4   4   2   1   4   0   0   0 -9.2390   1   1
   4   4   2   2   0   0   0   0-23.9983   1   1
   4   4   2   2   2   0   0   0  9.6533   1   1
   4   4   2   2   4   0   0   0 -8.0559   1   1
   4   4   2   2   6   0   0   0  4.3468   1   1
