 ! Total Interaction
  20
   1   1   1   1     1     0  -7.4013
   1   2   1   1     1     0  -0.2567
   2   2   1   1     1     0   3.0749
   1   1   1   2     1     0  -0.2567
   1   2   1   2     1     0 -11.6214
   2   2   1   2     1     0  -5.7439
   1   1   2   2     1     0   3.0749
   1   2   2   2     1     0  -5.7439
   2   2   2   2     1     0  -7.8603
   1   2   1   2     2     0  -8.5020
   2   2   2   2     3     0  -8.5020
   1   1   1   1     0     1  -1.1986
   2   2   1   1     0     1  -3.7483
   1   1   2   2     0     1  -3.7483
   2   2   2   2     0     1  -3.8491
   1   2   1   2     1     1   0.6720
   1   2   1   2     2     1  -3.0464
   2   2   1   2     2     1   1.5265
   1   2   2   2     2     1   1.5265
   2   2   2   2     2     1  -1.9670
