      1      1      1      1           2           0   5.37169577205374     
      1      1      1      1           0           0  -11.7012500000000     
      1      1      1      2           2           0 -0.314392008486221     
      1      1      2      1           2           0 -0.314392008486221     
      1      1      2      2           4           0  -6.22471530060806     
      1      1      2      2           2           0   1.91512462946304     
      1      2      1      1           2           0  0.314392008486221     
      1      2      1      2           2           0  0.410107264931995     
      1      2      1      2           0           0  -16.0142361822614     
      1      2      2      1           4           0   11.8332158352294     
      1      2      2      1           2           0  -3.24426106638707     
      1      2      2      2           4           0   7.29913017274787     
      1      2      2      2           2           0   1.42715982331398     
      2      1      1      1           2           0  0.314392008486221     
      2      1      1      2           4           0   11.8332158352294     
      2      1      1      2           2           0  -3.24426106638707     
      2      1      2      1           2           0  0.410107264931995     
      2      1      2      1           0           0  -16.0142361822614     
      2      1      2      2           4           0   7.29913017274787     
      2      1      2      2           2           0   1.42715982331398     
      2      2      1      1           4           0  -6.22471530060806     
      2      2      1      1           2           0   1.91512462946304     
      2      2      1      2           4           0  -7.29913017274787     
      2      2      1      2           2           0  -1.42715982331398     
      2      2      2      1           4           0  -7.29913017274787     
      2      2      2      1           2           0  -1.42715982331398     
      2      2      2      2           6           0   6.63609989592532     
      2      2      2      2           4           0  -8.14324527841941     
      2      2      2      2           2           0   5.45580415926928     
      2      2      2      2           0           0  -24.1947500000000     
      1      1      1      1           2           0   5.37169577205374     
      1      1      1      1           0           0  -11.7012500000000     
      1      1      1      2           2           0 -0.314392008486221     
      1      1      2      1           2           0 -0.314392008486221     
      1      1      2      2           4           0  -6.22471530060806     
      1      1      2      2           2           0   1.91512462946304     
      1      2      1      1           2           0  0.314392008486221     
      1      2      1      2           2           0  0.410107264931995     
      1      2      1      2           0           0  -16.0142361822614     
      1      2      2      1           4           0   11.8332158352294     
      1      2      2      1           2           0  -3.24426106638707     
      1      2      2      2           4           0   7.29913017274787     
      1      2      2      2           2           0   1.42715982331398     
      2      1      1      1           2           0  0.314392008486221     
      2      1      1      2           4           0   11.8332158352294     
      2      1      1      2           2           0  -3.24426106638707     
      2      1      2      1           2           0  0.410107264931995     
      2      1      2      1           0           0  -16.0142361822614     
      2      1      2      2           4           0   7.29913017274787     
      2      1      2      2           2           0   1.42715982331398     
      2      2      1      1           4           0  -6.22471530060806     
      2      2      1      1           2           0   1.91512462946304     
      2      2      1      2           4           0  -7.29913017274787     
      2      2      1      2           2           0  -1.42715982331398     
      2      2      2      1           4           0  -7.29913017274787     
      2      2      2      1           2           0  -1.42715982331398     
      2      2      2      2           6           0   6.63609989592532     
      2      2      2      2           4           0  -8.14324527841941     
      2      2      2      2           2           0   5.45580415926928     
      2      2      2      2           0           0  -24.1947500000000     
          60           6
   1   1   3   3   0   0   0   0-11.7012   1   1
   1   1   3   3   2   0   0   0  5.3717   1   1
   1   1   3   4   2   0   0   0 -0.3144   1   1
   1   1   4   3   2   0   0   0  0.3144   1   1
   1   1   4   4   0   0   0   0-16.0142   1   1
   1   1   4   4   2   0   0   0  0.4101   1   1
   1   2   3   3   2   0   0   0 -0.3144   1   1
   1   2   3   4   2   0   0   0  1.9151   1   1
   1   2   3   4   4   0   0   0 -6.2247   1   1
   1   2   4   3   2   0   0   0 -3.2443   1   1
   1   2   4   3   4   0   0   0 11.8332   1   1
   1   2   4   4   2   0   0   0  1.4272   1   1
   1   2   4   4   4   0   0   0  7.2991   1   1
   2   1   3   3   2   0   0   0  0.3144   1   1
   2   1   3   4   2   0   0   0 -3.2443   1   1
   2   1   3   4   4   0   0   0 11.8332   1   1
   2   1   4   3   2   0   0   0  1.9151   1   1
   2   1   4   3   4   0   0   0 -6.2247   1   1
   2   1   4   4   2   0   0   0 -1.4272   1   1
   2   1   4   4   4   0   0   0 -7.2991   1   1
   2   2   3   3   0   0   0   0-16.0142   1   1
   2   2   3   3   2   0   0   0  0.4101   1   1
   2   2   3   4   2   0   0   0  1.4272   1   1
   2   2   3   4   4   0   0   0  7.2991   1   1
   2   2   4   3   2   0   0   0 -1.4272   1   1
   2   2   4   3   4   0   0   0 -7.2991   1   1
   2   2   4   4   0   0   0   0-24.1948   1   1
   2   2   4   4   2   0   0   0  5.4558   1   1
   2   2   4   4   4   0   0   0 -8.1432   1   1
   2   2   4   4   6   0   0   0  6.6361   1   1
   3   3   1   1   0   0   0   0-11.7012   1   1
   3   3   1   1   2   0   0   0  5.3717   1   1
   3   3   1   2   2   0   0   0 -0.3144   1   1
   3   3   2   1   2   0   0   0  0.3144   1   1
   3   3   2   2   0   0   0   0-16.0142   1   1
   3   3   2   2   2   0   0   0  0.4101   1   1
   3   4   1   1   2   0   0   0 -0.3144   1   1
   3   4   1   2   2   0   0   0  1.9151   1   1
   3   4   1   2   4   0   0   0 -6.2247   1   1
   3   4   2   1   2   0   0   0 -3.2443   1   1
   3   4   2   1   4   0   0   0 11.8332   1   1
   3   4   2   2   2   0   0   0  1.4272   1   1
   3   4   2   2   4   0   0   0  7.2991   1   1
   4   3   1   1   2   0   0   0  0.3144   1   1
   4   3   1   2   2   0   0   0 -3.2443   1   1
   4   3   1   2   4   0   0   0 11.8332   1   1
   4   3   2   1   2   0   0   0  1.9151   1   1
   4   3   2   1   4   0   0   0 -6.2247   1   1
   4   3   2   2   2   0   0   0 -1.4272   1   1
   4   3   2   2   4   0   0   0 -7.2991   1   1
   4   4   1   1   0   0   0   0-16.0142   1   1
   4   4   1   1   2   0   0   0  0.4101   1   1
   4   4   1   2   2   0   0   0  1.4272   1   1
   4   4   1   2   4   0   0   0  7.2991   1   1
   4   4   2   1   2   0   0   0 -1.4272   1   1
   4   4   2   1   4   0   0   0 -7.2991   1   1
   4   4   2   2   0   0   0   0-24.1948   1   1
   4   4   2   2   2   0   0   0  5.4558   1   1
   4   4   2   2   4   0   0   0 -8.1432   1   1
   4   4   2   2   6   0   0   0  6.6361   1   1
