      1      2      1      2  -1.16650000000000     
      2      4      1      2  0.000000000000000E+000
      1      5      1      2  0.000000000000000E+000
      4      5      1      2   2.55329187618650     
      3      6      1      2  -2.55329187618650     
      1      3      1      3  -2.86890000000000     
      3      4      1      3 -0.889800000000000     
      2      3      2      3 -0.426450000000000     
      1      4      2      3  -1.41014916498220     
      3      5      2      3 -0.444900000000000     
      2      3      1      4  -1.41014916498220     
      1      4      1      4  -2.05475000000000     
      3      5      1      4 -0.770589404287394     
      1      2      2      4  0.000000000000000E+000
      2      4      2      4  -1.24060000000000     
      1      5      2      4  -1.62830000000000     
      4      5      2      4 -0.444900000000000     
      3      6      2      4 -0.444900000000000     
      1      3      3      4 -0.889800000000000     
      3      4      3      4  -2.23980000000000     
      1      2      1      5  0.000000000000000E+000
      2      4      1      5  -1.62830000000000     
      1      5      1      5  -1.24060000000000     
      4      5      1      5 -0.444900000000000     
      3      6      1      5 -0.444900000000000     
      2      5      2      5  -2.05475000000000     
      1      6      2      5  -1.41014916498220     
      4      6      2      5 -0.770589404287394     
      2      3      3      5 -0.444900000000000     
      1      4      3      5 -0.770589404287394     
      3      5      3      5  -2.23980000000000     
      1      2      4      5   2.55329187618650     
      2      4      4      5 -0.444900000000000     
      1      5      4      5 -0.444900000000000     
      4      5      4      5  -2.97975000000000     
      3      6      4      5  0.739950000000000     
      2      5      1      6  -1.41014916498220     
      1      6      1      6 -0.426450000000000     
      4      6      1      6 -0.444900000000000     
      2      6      2      6  -2.86890000000000     
      5      6      2      6 -0.889800000000000     
      1      2      3      6  -2.55329187618650     
      2      4      3      6 -0.444900000000000     
      1      5      3      6 -0.444900000000000     
      4      5      3      6  0.739950000000000     
      3      6      3      6  -2.97975000000000     
      2      5      4      6 -0.770589404287394     
      1      6      4      6 -0.444900000000000     
      4      6      4      6  -2.23980000000000     
      2      6      5      6 -0.889800000000000     
      5      6      5      6  -2.23980000000000     
      1      7      1      7  -8.59310000000000     
      4      7      1      7  0.610268507503050     
      3      8      1      7  -1.05701606125451     
      2      9      1      7  -1.05701606125451     
      5      9      1      7   3.22438792377716     
      1     10      1      7  0.610268507503050     
      4     10      1      7  -3.72320247152905     
      3     11      1      7   3.22438792377716     
      2      7      2      7  -4.87980000000000     
      5      7      2      7  0.610268507503050     
      1      8      2      7  -3.71330000000000     
      4      8      2      7 -0.610268507503050     
      6      9      2      7   1.51575591555353     
      2     10      2      7 -0.610268507503050     
      5     10      2      7  0.345845320210991     
      1     11      2      7  0.610268507503050     
      4     11      2      7  -2.20744655597551     
      3     12      2      7   4.06904779174004     
      3      7      3      7  -7.09330000000000     
      1      9      3      7  -4.22440000000000     
      4      9      3      7 -0.444900000000000     
      3     10      3      7  0.444900000000000     
      1      7      4      7  0.610268507503050     
      4      7      4      7  -6.96973750000000     
      3      8      4      7 -0.214016527910228     
      2      9      4      7   1.19613263707197     
      5      9      4      7   1.36618455651168     
      1     10      4      7  -4.91498750000000     
      4     10      4      7  -2.02243404292946     
      3     11      4      7   2.13677396079908     
      2      7      5      7  0.610268507503050     
      5      7      5      7  -6.84617500000000     
      1      8      5      7  0.610268507503050     
      4      8      5      7 -0.247124999999999     
      6      9      5      7   2.81120106439419     
      2     10      5      7   1.38117500000000     
      5     10      5      7  -1.23366702146473     
      1     11      5      7  -5.60557500000000     
      4     11      5      7 -0.788767021464730     
      3     12      5      7   3.25610106439419     
      6      7      6      7  -6.72261250000000     
      2      8      6      7   1.05701606125451     
      5      8      6      7 -0.214016527910228     
      6     10      6      7   2.81120106439419     
      2     11      6      7   1.19613263707197     
      5     11      6      7  -3.50295851731076     
      1     12      6      7  -6.29616250000000     
      4     12      6      7   3.25610106439419     
      2      7      1      8  -3.71330000000000     
      5      7      1      8  0.610268507503050     
      1      8      1      8  -4.87980000000000     
      4      8      1      8 -0.610268507503050     
      6      9      1      8   4.06904779174004     
      2     10      1      8 -0.610268507503050     
      5     10      1      8  -2.20744655597551     
      1     11      1      8  0.610268507503050     
      4     11      1      8  0.345845320210991     
      3     12      1      8   1.51575591555353     
      6      7      2      8   1.05701606125451     
      2      8      2      8  -8.59310000000000     
      5      8      2      8 -0.610268507503050     
      6     10      2      8   3.22438792377716     
      2     11      2      8 -0.610268507503050     
      5     11      2      8  -3.72320247152905     
      1     12      2      8   1.05701606125451     
      4     12      2      8   3.22438792377716     
      1      7      3      8  -1.05701606125451     
      4      7      3      8 -0.214016527910228     
      3      8      3      8  -6.72261250000000     
      2      9      3      8  -6.29616250000000     
      5      9      3      8  -3.25610106439419     
      1     10      3      8   1.19613263707197     
      4     10      3      8   3.50295851731076     
      3     11      3      8  -2.81120106439419     
      2      7      4      8 -0.610268507503050     
      5      7      4      8 -0.247124999999999     
      1      8      4      8 -0.610268507503050     
      4      8      4      8  -6.84617500000000     
      6      9      4      8  -3.25610106439419     
      2     10      4      8  -5.60557500000000     
      5     10      4      8  0.788767021464730     
      1     11      4      8   1.38117500000000     
      4     11      4      8   1.23366702146473     
      3     12      4      8  -2.81120106439419     
      6      7      5      8 -0.214016527910228     
      2      8      5      8 -0.610268507503050     
      5      8      5      8  -6.96973750000000     
      6     10      5      8  -2.13677396079908     
      2     11      5      8  -4.91498750000000     
      5     11      5      8   2.02243404292946     
      1     12      5      8   1.19613263707197     
      4     12      5      8  -1.36618455651168     
      6      8      6      8  -7.09330000000000     
      6     11      6      8 -0.444900000000000     
      2     12      6      8  -4.22440000000000     
      5     12      6      8  0.444900000000000     
      7      8      7      8  -1.16650000000000     
      8     10      7      8  0.000000000000000E+000
      7     11      7      8  0.000000000000000E+000
     10     11      7      8   2.55329187618650     
      9     12      7      8  -2.55329187618650     
      3      7      1      9  -4.22440000000000     
      1      9      1      9  -7.09330000000000     
      4      9      1      9  0.444900000000000     
      3     10      1      9 -0.444900000000000     
      1      7      2      9  -1.05701606125451     
      4      7      2      9   1.19613263707197     
      3      8      2      9  -6.29616250000000     
      2      9      2      9  -6.72261250000000     
      5      9      2      9  -2.81120106439419     
      1     10      2      9 -0.214016527910228     
      4     10      2      9   3.50295851731076     
      3     11      2      9  -3.25610106439419     
      3      9      3      9  -11.3177000000000     
      3      7      4      9 -0.444900000000000     
      1      9      4      9  0.444900000000000     
      4      9      4      9  -6.77875000000000     
      3     10      4      9  -4.53894999999999     
      1      7      5      9   3.22438792377716     
      4      7      5      9   1.36618455651168     
      3      8      5      9  -3.25610106439419     
      2      9      5      9  -2.81120106439419     
      5      9      5      9  -5.48419000000000     
      1     10      5      9   2.13677396079908     
      4     10      5      9  -1.49482912896424     
      3     11      5      9  -3.24439000000000     
      2      7      6      9   1.51575591555353     
      5      7      6      9   2.81120106439419     
      1      8      6      9   4.06904779174004     
      4      8      6      9  -3.25610106439419     
      6      9      6      9  -5.20688500000000     
      2     10      6      9  -2.81120106439419     
      5     10      6      9 -0.277304999999998     
      1     11      6      9   3.25610106439419     
      4     11      6      9  -1.01725500000000     
      3     12      6      9  -2.22713500000000     
      7      9      7      9  -2.86890000000000     
      9     10      7      9 -0.889800000000000     
      8      9      8      9 -0.426450000000000     
      7     10      8      9  -1.41014916498220     
      9     11      8      9 -0.444900000000000     
      1      7      1     10  0.610268507503050     
      4      7      1     10  -4.91498750000000     
      3      8      1     10   1.19613263707197     
      2      9      1     10 -0.214016527910228     
      5      9      1     10   2.13677396079908     
      1     10      1     10  -6.96973750000000     
      4     10      1     10  -2.02243404292946     
      3     11      1     10   1.36618455651168     
      2      7      2     10 -0.610268507503050     
      5      7      2     10   1.38117500000000     
      1      8      2     10 -0.610268507503050     
      4      8      2     10  -5.60557500000000     
      6      9      2     10  -2.81120106439419     
      2     10      2     10  -6.84617500000000     
      5     10      2     10   1.23366702146473     
      1     11      2     10 -0.247124999999999     
      4     11      2     10  0.788767021464730     
      3     12      2     10  -3.25610106439419     
      3      7      3     10  0.444900000000000     
      1      9      3     10 -0.444900000000000     
      4      9      3     10  -4.53894999999999     
      3     10      3     10  -6.77874999999999     
      1      7      4     10  -3.72320247152905     
      4      7      4     10  -2.02243404292946     
      3      8      4     10   3.50295851731076     
      2      9      4     10   3.50295851731076     
      5      9      4     10  -1.49482912896424     
      1     10      4     10  -2.02243404292946     
      4     10      4     10  -9.59162000000000     
      3     11      4     10  -1.49482912896424     
      2      7      5     10  0.345845320210991     
      5      7      5     10  -1.23366702146473     
      1      8      5     10  -2.20744655597551     
      4      8      5     10  0.788767021464730     
      6      9      5     10 -0.277304999999998     
      2     10      5     10   1.23366702146473     
      5     10      5     10  -6.93296500000000     
      1     11      5     10 -0.788767021464730     
      4     11      5     10  -3.95321500000000     
      3     12      5     10  -1.01725500000000     
      6      7      6     10   2.81120106439419     
      2      8      6     10   3.22438792377716     
      5      8      6     10  -2.13677396079908     
      6     10      6     10  -5.48419000000000     
      2     11      6     10  -1.36618455651168     
      5     11      6     10  -1.49482912896424     
      1     12      6     10   3.25610106439419     
      4     12      6     10  -3.24439000000000     
      8      9      7     10  -1.41014916498220     
      7     10      7     10  -2.05475000000000     
      9     11      7     10 -0.770589404287394     
      7      8      8     10  0.000000000000000E+000
      8     10      8     10  -1.24060000000000     
      7     11      8     10  -1.62830000000000     
     10     11      8     10 -0.444900000000000     
      9     12      8     10 -0.444900000000000     
      7      9      9     10 -0.889800000000000     
      9     10      9     10  -2.23980000000000     
      2      7      1     11  0.610268507503050     
      5      7      1     11  -5.60557500000000     
      1      8      1     11  0.610268507503050     
      4      8      1     11   1.38117500000000     
      6      9      1     11   3.25610106439419     
      2     10      1     11 -0.247124999999999     
      5     10      1     11 -0.788767021464730     
      1     11      1     11  -6.84617500000000     
      4     11      1     11  -1.23366702146473     
      3     12      1     11   2.81120106439419     
      6      7      2     11   1.19613263707197     
      2      8      2     11 -0.610268507503050     
      5      8      2     11  -4.91498750000000     
      6     10      2     11  -1.36618455651168     
      2     11      2     11  -6.96973750000000     
      5     11      2     11   2.02243404292946     
      1     12      2     11 -0.214016527910228     
      4     12      2     11  -2.13677396079908     
      1      7      3     11   3.22438792377716     
      4      7      3     11   2.13677396079908     
      3      8      3     11  -2.81120106439419     
      2      9      3     11  -3.25610106439419     
      5      9      3     11  -3.24439000000000     
      1     10      3     11   1.36618455651168     
      4     10      3     11  -1.49482912896424     
      3     11      3     11  -5.48419000000000     
      2      7      4     11  -2.20744655597551     
      5      7      4     11 -0.788767021464730     
      1      8      4     11  0.345845320210991     
      4      8      4     11   1.23366702146473     
      6      9      4     11  -1.01725500000000     
      2     10      4     11  0.788767021464730     
      5     10      4     11  -3.95321500000000     
      1     11      4     11  -1.23366702146473     
      4     11      4     11  -6.93296500000000     
      3     12      4     11 -0.277304999999998     
      6      7      5     11  -3.50295851731076     
      2      8      5     11  -3.72320247152905     
      5      8      5     11   2.02243404292946     
      6     10      5     11  -1.49482912896424     
      2     11      5     11   2.02243404292946     
      5     11      5     11  -9.59162000000000     
      1     12      5     11  -3.50295851731076     
      4     12      5     11  -1.49482912896424     
      6      8      6     11 -0.444900000000000     
      6     11      6     11  -6.77875000000000     
      2     12      6     11  0.444900000000000     
      5     12      6     11  -4.53894999999999     
      7      8      7     11  0.000000000000000E+000
      8     10      7     11  -1.62830000000000     
      7     11      7     11  -1.24060000000000     
     10     11      7     11 -0.444900000000000     
      9     12      7     11 -0.444900000000000     
      8     11      8     11  -2.05475000000000     
      7     12      8     11  -1.41014916498220     
     10     12      8     11 -0.770589404287394     
      8      9      9     11 -0.444900000000000     
      7     10      9     11 -0.770589404287394     
      9     11      9     11  -2.23980000000000     
      7      8     10     11   2.55329187618650     
      8     10     10     11 -0.444900000000000     
      7     11     10     11 -0.444900000000000     
     10     11     10     11  -2.97975000000000     
      9     12     10     11  0.739950000000000     
      6      7      1     12  -6.29616250000000     
      2      8      1     12   1.05701606125451     
      5      8      1     12   1.19613263707197     
      6     10      1     12   3.25610106439419     
      2     11      1     12 -0.214016527910228     
      5     11      1     12  -3.50295851731076     
      1     12      1     12  -6.72261250000000     
      4     12      1     12   2.81120106439419     
      6      8      2     12  -4.22440000000000     
      6     11      2     12  0.444900000000000     
      2     12      2     12  -7.09330000000000     
      5     12      2     12 -0.444900000000000     
      2      7      3     12   4.06904779174004     
      5      7      3     12   3.25610106439419     
      1      8      3     12   1.51575591555353     
      4      8      3     12  -2.81120106439419     
      6      9      3     12  -2.22713500000000     
      2     10      3     12  -3.25610106439419     
      5     10      3     12  -1.01725500000000     
      1     11      3     12   2.81120106439419     
      4     11      3     12 -0.277304999999998     
      3     12      3     12  -5.20688500000000     
      6      7      4     12   3.25610106439419     
      2      8      4     12   3.22438792377716     
      5      8      4     12  -1.36618455651168     
      6     10      4     12  -3.24439000000000     
      2     11      4     12  -2.13677396079908     
      5     11      4     12  -1.49482912896424     
      1     12      4     12   2.81120106439419     
      4     12      4     12  -5.48419000000000     
      6      8      5     12  0.444900000000000     
      6     11      5     12  -4.53894999999999     
      2     12      5     12 -0.444900000000000     
      5     12      5     12  -6.77874999999999     
      6     12      6     12  -11.3177000000000     
      8     11      7     12  -1.41014916498220     
      7     12      7     12 -0.426450000000000     
     10     12      7     12 -0.444900000000000     
      8     12      8     12  -2.86890000000000     
     11     12      8     12 -0.889800000000000     
      7      8      9     12  -2.55329187618650     
      8     10      9     12 -0.444900000000000     
      7     11      9     12 -0.444900000000000     
     10     11      9     12  0.739950000000000     
      9     12      9     12  -2.97975000000000     
      8     11     10     12 -0.770589404287394     
      7     12     10     12 -0.444900000000000     
     10     12     10     12  -2.23980000000000     
      8     12     11     12 -0.889800000000000     
     11     12     11     12  -2.23980000000000     
