      1      1      1      1           2           0   6.43162426374551     
      1      1      1      1           0           0  -13.4729000000000     
      1      1      1      2           2           0  -2.11403212250902     
      1      1      2      1           2           0  -2.11403212250902     
      1      1      2      2           4           0  -9.09866746602613     
      1      1      2      2           2           0   5.84975418138896     
      1      2      1      1           2           0   2.11403212250902     
      1      2      1      2           2           0  0.676779685117320     
      1      2      1      2           0           0  -19.5386508340600     
      1      2      2      1           4           0   14.0786473473850     
      1      2      2      1           2           0  -6.12074279442199     
      1      2      2      2           4           0   10.2966956551842     
      1      2      2      2           2           0   4.32025490272394     
      2      1      1      1           2           0   2.11403212250902     
      2      1      1      2           4           0   14.0786473473850     
      2      1      1      2           2           0  -6.12074279442199     
      2      1      2      1           2           0  0.676779685117320     
      2      1      2      1           0           0  -19.5386508340600     
      2      1      2      2           4           0   10.2966956551842     
      2      1      2      2           2           0   4.32025490272394     
      2      2      1      1           4           0  -9.09866746602613     
      2      2      1      1           2           0   5.84975418138896     
      2      2      1      2           4           0  -10.2966956551842     
      2      2      1      2           2           0  -4.32025490272394     
      2      2      2      1           4           0  -10.2966956551842     
      2      2      2      1           2           0  -4.32025490272394     
      2      2      2      2           6           0   5.89244534616784     
      2      2      2      2           4           0  -9.52932791597210     
      2      2      2      2           2           0   11.3316566201361     
      2      2      2      2           0           0  -28.7875250000000     
      1      1      1      1           2           0   6.43162426374551     
      1      1      1      1           0           0  -13.4729000000000     
      1      1      1      2           2           0  -2.11403212250902     
      1      1      2      1           2           0  -2.11403212250902     
      1      1      2      2           4           0  -9.09866746602613     
      1      1      2      2           2           0   5.84975418138896     
      1      2      1      1           2           0   2.11403212250902     
      1      2      1      2           2           0  0.676779685117320     
      1      2      1      2           0           0  -19.5386508340600     
      1      2      2      1           4           0   14.0786473473850     
      1      2      2      1           2           0  -6.12074279442199     
      1      2      2      2           4           0   10.2966956551842     
      1      2      2      2           2           0   4.32025490272394     
      2      1      1      1           2           0   2.11403212250902     
      2      1      1      2           4           0   14.0786473473850     
      2      1      1      2           2           0  -6.12074279442199     
      2      1      2      1           2           0  0.676779685117320     
      2      1      2      1           0           0  -19.5386508340600     
      2      1      2      2           4           0   10.2966956551842     
      2      1      2      2           2           0   4.32025490272394     
      2      2      1      1           4           0  -9.09866746602613     
      2      2      1      1           2           0   5.84975418138896     
      2      2      1      2           4           0  -10.2966956551842     
      2      2      1      2           2           0  -4.32025490272394     
      2      2      2      1           4           0  -10.2966956551842     
      2      2      2      1           2           0  -4.32025490272394     
      2      2      2      2           6           0   5.89244534616784     
      2      2      2      2           4           0  -9.52932791597210     
      2      2      2      2           2           0   11.3316566201361     
      2      2      2      2           0           0  -28.7875250000000     
          60           6
   1   1   3   3   0   0   0   0-13.4729   1   1
   1   1   3   3   2   0   0   0  6.4316   1   1
   1   1   3   4   2   0   0   0 -2.1140   1   1
   1   1   4   3   2   0   0   0  2.1140   1   1
   1   1   4   4   0   0   0   0-19.5387   1   1
   1   1   4   4   2   0   0   0  0.6768   1   1
   1   2   3   3   2   0   0   0 -2.1140   1   1
   1   2   3   4   2   0   0   0  5.8498   1   1
   1   2   3   4   4   0   0   0 -9.0987   1   1
   1   2   4   3   2   0   0   0 -6.1207   1   1
   1   2   4   3   4   0   0   0 14.0786   1   1
   1   2   4   4   2   0   0   0  4.3203   1   1
   1   2   4   4   4   0   0   0 10.2967   1   1
   2   1   3   3   2   0   0   0  2.1140   1   1
   2   1   3   4   2   0   0   0 -6.1207   1   1
   2   1   3   4   4   0   0   0 14.0786   1   1
   2   1   4   3   2   0   0   0  5.8498   1   1
   2   1   4   3   4   0   0   0 -9.0987   1   1
   2   1   4   4   2   0   0   0 -4.3203   1   1
   2   1   4   4   4   0   0   0-10.2967   1   1
   2   2   3   3   0   0   0   0-19.5387   1   1
   2   2   3   3   2   0   0   0  0.6768   1   1
   2   2   3   4   2   0   0   0  4.3203   1   1
   2   2   3   4   4   0   0   0 10.2967   1   1
   2   2   4   3   2   0   0   0 -4.3203   1   1
   2   2   4   3   4   0   0   0-10.2967   1   1
   2   2   4   4   0   0   0   0-28.7875   1   1
   2   2   4   4   2   0   0   0 11.3317   1   1
   2   2   4   4   4   0   0   0 -9.5293   1   1
   2   2   4   4   6   0   0   0  5.8924   1   1
   3   3   1   1   0   0   0   0-13.4729   1   1
   3   3   1   1   2   0   0   0  6.4316   1   1
   3   3   1   2   2   0   0   0 -2.1140   1   1
   3   3   2   1   2   0   0   0  2.1140   1   1
   3   3   2   2   0   0   0   0-19.5387   1   1
   3   3   2   2   2   0   0   0  0.6768   1   1
   3   4   1   1   2   0   0   0 -2.1140   1   1
   3   4   1   2   2   0   0   0  5.8498   1   1
   3   4   1   2   4   0   0   0 -9.0987   1   1
   3   4   2   1   2   0   0   0 -6.1207   1   1
   3   4   2   1   4   0   0   0 14.0786   1   1
   3   4   2   2   2   0   0   0  4.3203   1   1
   3   4   2   2   4   0   0   0 10.2967   1   1
   4   3   1   1   2   0   0   0  2.1140   1   1
   4   3   1   2   2   0   0   0 -6.1207   1   1
   4   3   1   2   4   0   0   0 14.0786   1   1
   4   3   2   1   2   0   0   0  5.8498   1   1
   4   3   2   1   4   0   0   0 -9.0987   1   1
   4   3   2   2   2   0   0   0 -4.3203   1   1
   4   3   2   2   4   0   0   0-10.2967   1   1
   4   4   1   1   0   0   0   0-19.5387   1   1
   4   4   1   1   2   0   0   0  0.6768   1   1
   4   4   1   2   2   0   0   0  4.3203   1   1
   4   4   1   2   4   0   0   0 10.2967   1   1
   4   4   2   1   2   0   0   0 -4.3203   1   1
   4   4   2   1   4   0   0   0-10.2967   1   1
   4   4   2   2   0   0   0   0-28.7875   1   1
   4   4   2   2   2   0   0   0 11.3317   1   1
   4   4   2   2   4   0   0   0 -9.5293   1   1
   4   4   2   2   6   0   0   0  5.8924   1   1
