      1      2      1      2  -1.26140000000000     
      2      4      1      2  0.000000000000000E+000
      1      5      1      2  0.000000000000000E+000
      4      5      1      2   2.15618070787214     
      3      6      1      2  -2.15618070787214     
      1      3      1      3  -2.42240000000000     
      3      4      1      3 -0.805900000000000     
      2      3      2      3 -0.478850000000000     
      1      4      2      3  -1.12210911568350     
      3      5      2      3 -0.402950000000000     
      2      3      1      4  -1.12210911568350     
      1      4      1      4  -1.77455000000000     
      3      5      1      4 -0.697929872909879     
      1      2      2      4  0.000000000000000E+000
      2      4      2      4  -1.12670000000000     
      1      5      2      4  -1.29570000000000     
      4      5      2      4 -0.402950000000000     
      3      6      2      4 -0.402950000000000     
      1      3      3      4 -0.805900000000000     
      3      4      3      4  -1.85250000000000     
      1      2      1      5  0.000000000000000E+000
      2      4      1      5  -1.29570000000000     
      1      5      1      5  -1.12670000000000     
      4      5      1      5 -0.402950000000000     
      3      6      1      5 -0.402950000000000     
      2      5      2      5  -1.77455000000000     
      1      6      2      5  -1.12210911568350     
      4      6      2      5 -0.697929872909879     
      2      3      3      5 -0.402950000000000     
      1      4      3      5 -0.697929872909879     
      3      5      3      5  -1.85250000000000     
      1      2      4      5   2.15618070787214     
      2      4      4      5 -0.402950000000000     
      1      5      4      5 -0.402950000000000     
      4      5      4      5  -2.63505000000000     
      3      6      4      5  0.782550000000000     
      2      5      1      6  -1.12210911568350     
      1      6      1      6 -0.478850000000000     
      4      6      1      6 -0.402950000000000     
      2      6      2      6  -2.42240000000000     
      5      6      2      6 -0.805900000000000     
      1      2      3      6  -2.15618070787214     
      2      4      3      6 -0.402950000000000     
      1      5      3      6 -0.402950000000000     
      4      5      3      6  0.782550000000000     
      3      6      3      6  -2.63505000000000     
      2      5      4      6 -0.697929872909879     
      1      6      4      6 -0.402950000000000     
      4      6      4      6  -1.85250000000000     
      2      6      5      6 -0.805900000000000     
      5      6      5      6  -1.85250000000000     
      1      7      1      7  -6.96700000000000     
      4      7      1      7  0.549139126269473     
      3      8      1      7 -0.951136867122708     
      2      9      1      7 -0.951136867122708     
      5      9      1      7   2.89246805392903     
      1     10      1      7  0.549139126269473     
      4     10      1      7  -3.33993441911664     
      3     11      1      7   2.89246805392903     
      2      7      2      7  -4.11420000000000     
      5      7      2      7  0.549139126269473     
      1      8      2      7  -2.85280000000000     
      4      8      2      7 -0.549139126269473     
      6      9      2      7   1.42686046040141     
      2     10      2      7 -0.549139126269473     
      5     10      2      7  0.243106749156910     
      1     11      2      7  0.549139126269473     
      4     11      2      7  -1.91307395871523     
      3     12      2      7   3.58304116827355     
      3      7      3      7  -5.91795000000000     
      1      9      3      7  -3.49555000000000     
      4      9      3      7 -0.402950000000000     
      3     10      3      7  0.402950000000000     
      1      7      4      7  0.549139126269473     
      4      7      4      7  -5.84655000000000     
      3      8      4      7 -0.123668427660417     
      2      9      4      7  0.998440688023081     
      5      9      4      7   1.22073584884620     
      1     10      4      7  -4.07200000000000     
      4     10      4      7  -1.81253434188156     
      3     11      4      7   1.91866572175608     
      2      7      5      7  0.549139126269473     
      5      7      5      7  -5.77515000000000     
      1      8      5      7  0.549139126269473     
      4      8      5      7 -0.142799999999999     
      6      9      5      7   2.51732651282233     
      2     10      5      7   1.15290000000000     
      5     10      5      7  -1.10774217094078     
      1     11      5      7  -4.64845000000000     
      4     11      5      7 -0.704792170940778     
      3     12      5      7   2.92027651282233     
      6      7      6      7  -5.70375000000000     
      2      8      6      7  0.951136867122708     
      5      8      6      7 -0.123668427660418     
      6     10      6      7   2.51732651282233     
      2     11      6      7  0.998440688023081     
      5     11      6      7  -3.13940157060227     
      1     12      6      7  -5.22490000000000     
      4     12      6      7   2.92027651282233     
      2      7      1      8  -2.85280000000000     
      5      7      1      8  0.549139126269473     
      1      8      1      8  -4.11420000000000     
      4      8      1      8 -0.549139126269473     
      6      9      1      8   3.58304116827355     
      2     10      1      8 -0.549139126269473     
      5     10      1      8  -1.91307395871523     
      1     11      1      8  0.549139126269473     
      4     11      1      8  0.243106749156910     
      3     12      1      8   1.42686046040141     
      6      7      2      8  0.951136867122708     
      2      8      2      8  -6.96700000000000     
      5      8      2      8 -0.549139126269473     
      6     10      2      8   2.89246805392903     
      2     11      2      8 -0.549139126269473     
      5     11      2      8  -3.33993441911664     
      1     12      2      8  0.951136867122708     
      4     12      2      8   2.89246805392903     
      1      7      3      8 -0.951136867122708     
      4      7      3      8 -0.123668427660418     
      3      8      3      8  -5.70375000000000     
      2      9      3      8  -5.22490000000000     
      5      9      3      8  -2.92027651282233     
      1     10      3      8  0.998440688023081     
      4     10      3      8   3.13940157060227     
      3     11      3      8  -2.51732651282233     
      2      7      4      8 -0.549139126269473     
      5      7      4      8 -0.142799999999999     
      1      8      4      8 -0.549139126269473     
      4      8      4      8  -5.77515000000000     
      6      9      4      8  -2.92027651282233     
      2     10      4      8  -4.64845000000000     
      5     10      4      8  0.704792170940778     
      1     11      4      8   1.15290000000000     
      4     11      4      8   1.10774217094078     
      3     12      4      8  -2.51732651282233     
      6      7      5      8 -0.123668427660417     
      2      8      5      8 -0.549139126269473     
      5      8      5      8  -5.84655000000000     
      6     10      5      8  -1.91866572175608     
      2     11      5      8  -4.07200000000000     
      5     11      5      8   1.81253434188156     
      1     12      5      8  0.998440688023081     
      4     12      5      8  -1.22073584884620     
      6      8      6      8  -5.91795000000000     
      6     11      6      8 -0.402950000000000     
      2     12      6      8  -3.49555000000000     
      5     12      6      8  0.402950000000000     
      7      8      7      8  -1.26140000000000     
      8     10      7      8  0.000000000000000E+000
      7     11      7      8  0.000000000000000E+000
     10     11      7      8   2.15618070787214     
      9     12      7      8  -2.15618070787214     
      3      7      1      9  -3.49555000000000     
      1      9      1      9  -5.91795000000000     
      4      9      1      9  0.402950000000000     
      3     10      1      9 -0.402950000000000     
      1      7      2      9 -0.951136867122708     
      4      7      2      9  0.998440688023081     
      3      8      2      9  -5.22490000000000     
      2      9      2      9  -5.70375000000000     
      5      9      2      9  -2.51732651282233     
      1     10      2      9 -0.123668427660418     
      4     10      2      9   3.13940157060227     
      3     11      2      9  -2.92027651282233     
      3      9      3      9  -9.41350000000000     
      3      7      4      9 -0.402950000000000     
      1      9      4      9  0.402950000000000     
      4      9      4      9  -5.63300000000000     
      3     10      4      9  -3.78050000000000     
      1      7      5      9   2.89246805392903     
      4      7      5      9   1.22073584884620     
      3      8      5      9  -2.92027651282233     
      2      9      5      9  -2.51732651282233     
      5      9      5      9  -4.46810000000000     
      1     10      5      9   1.91866572175608     
      4     10      5      9  -1.34511065715799     
      3     11      5      9  -2.61560000000000     
      2      7      6      9   1.42686046040141     
      5      7      6      9   2.51732651282233     
      1      8      6      9   3.58304116827355     
      4      8      6      9  -2.92027651282233     
      6      9      6      9  -4.27692500000000     
      2     10      6      9  -2.51732651282233     
      5     10      6      9 -0.191174999999999     
      1     11      6      9   2.92027651282233     
      4     11      6      9 -0.973724999999998     
      3     12      6      9  -1.64187500000000     
      7      9      7      9  -2.42240000000000     
      9     10      7      9 -0.805900000000000     
      8      9      8      9 -0.478850000000000     
      7     10      8      9  -1.12210911568350     
      9     11      8      9 -0.402950000000000     
      1      7      1     10  0.549139126269473     
      4      7      1     10  -4.07200000000000     
      3      8      1     10  0.998440688023081     
      2      9      1     10 -0.123668427660417     
      5      9      1     10   1.91866572175608     
      1     10      1     10  -5.84655000000000     
      4     10      1     10  -1.81253434188156     
      3     11      1     10   1.22073584884620     
      2      7      2     10 -0.549139126269473     
      5      7      2     10   1.15290000000000     
      1      8      2     10 -0.549139126269473     
      4      8      2     10  -4.64845000000000     
      6      9      2     10  -2.51732651282233     
      2     10      2     10  -5.77515000000000     
      5     10      2     10   1.10774217094078     
      1     11      2     10 -0.142799999999999     
      4     11      2     10  0.704792170940778     
      3     12      2     10  -2.92027651282233     
      3      7      3     10  0.402950000000000     
      1      9      3     10 -0.402950000000000     
      4      9      3     10  -3.78050000000000     
      3     10      3     10  -5.63300000000000     
      1      7      4     10  -3.33993441911664     
      4      7      4     10  -1.81253434188156     
      3      8      4     10   3.13940157060227     
      2      9      4     10   3.13940157060227     
      5      9      4     10  -1.34511065715799     
      1     10      4     10  -1.81253434188156     
      4     10      4     10  -7.86030000000000     
      3     11      4     10  -1.34511065715799     
      2      7      5     10  0.243106749156910     
      5      7      5     10  -1.10774217094078     
      1      8      5     10  -1.91307395871523     
      4      8      5     10  0.704792170940778     
      6      9      5     10 -0.191174999999998     
      2     10      5     10   1.10774217094078     
      5     10      5     10  -5.83012500000000     
      1     11      5     10 -0.704792170940778     
      4     11      5     10  -3.19507500000000     
      3     12      5     10 -0.973724999999998     
      6      7      6     10   2.51732651282233     
      2      8      6     10   2.89246805392903     
      5      8      6     10  -1.91866572175608     
      6     10      6     10  -4.46810000000000     
      2     11      6     10  -1.22073584884620     
      5     11      6     10  -1.34511065715799     
      1     12      6     10   2.92027651282233     
      4     12      6     10  -2.61560000000000     
      8      9      7     10  -1.12210911568350     
      7     10      7     10  -1.77455000000000     
      9     11      7     10 -0.697929872909879     
      7      8      8     10  0.000000000000000E+000
      8     10      8     10  -1.12670000000000     
      7     11      8     10  -1.29570000000000     
     10     11      8     10 -0.402950000000000     
      9     12      8     10 -0.402950000000000     
      7      9      9     10 -0.805900000000000     
      9     10      9     10  -1.85250000000000     
      2      7      1     11  0.549139126269473     
      5      7      1     11  -4.64845000000000     
      1      8      1     11  0.549139126269473     
      4      8      1     11   1.15290000000000     
      6      9      1     11   2.92027651282233     
      2     10      1     11 -0.142799999999999     
      5     10      1     11 -0.704792170940778     
      1     11      1     11  -5.77515000000000     
      4     11      1     11  -1.10774217094078     
      3     12      1     11   2.51732651282233     
      6      7      2     11  0.998440688023081     
      2      8      2     11 -0.549139126269473     
      5      8      2     11  -4.07200000000000     
      6     10      2     11  -1.22073584884620     
      2     11      2     11  -5.84655000000000     
      5     11      2     11   1.81253434188156     
      1     12      2     11 -0.123668427660417     
      4     12      2     11  -1.91866572175608     
      1      7      3     11   2.89246805392903     
      4      7      3     11   1.91866572175608     
      3      8      3     11  -2.51732651282233     
      2      9      3     11  -2.92027651282233     
      5      9      3     11  -2.61560000000000     
      1     10      3     11   1.22073584884620     
      4     10      3     11  -1.34511065715799     
      3     11      3     11  -4.46810000000000     
      2      7      4     11  -1.91307395871523     
      5      7      4     11 -0.704792170940778     
      1      8      4     11  0.243106749156910     
      4      8      4     11   1.10774217094078     
      6      9      4     11 -0.973724999999998     
      2     10      4     11  0.704792170940778     
      5     10      4     11  -3.19507500000000     
      1     11      4     11  -1.10774217094078     
      4     11      4     11  -5.83012500000000     
      3     12      4     11 -0.191174999999998     
      6      7      5     11  -3.13940157060227     
      2      8      5     11  -3.33993441911664     
      5      8      5     11   1.81253434188156     
      6     10      5     11  -1.34511065715799     
      2     11      5     11   1.81253434188156     
      5     11      5     11  -7.86030000000000     
      1     12      5     11  -3.13940157060227     
      4     12      5     11  -1.34511065715799     
      6      8      6     11 -0.402950000000000     
      6     11      6     11  -5.63300000000000     
      2     12      6     11  0.402950000000000     
      5     12      6     11  -3.78050000000000     
      7      8      7     11  0.000000000000000E+000
      8     10      7     11  -1.29570000000000     
      7     11      7     11  -1.12670000000000     
     10     11      7     11 -0.402950000000000     
      9     12      7     11 -0.402950000000000     
      8     11      8     11  -1.77455000000000     
      7     12      8     11  -1.12210911568350     
     10     12      8     11 -0.697929872909879     
      8      9      9     11 -0.402950000000000     
      7     10      9     11 -0.697929872909879     
      9     11      9     11  -1.85250000000000     
      7      8     10     11   2.15618070787214     
      8     10     10     11 -0.402950000000000     
      7     11     10     11 -0.402950000000000     
     10     11     10     11  -2.63505000000000     
      9     12     10     11  0.782550000000000     
      6      7      1     12  -5.22490000000000     
      2      8      1     12  0.951136867122708     
      5      8      1     12  0.998440688023081     
      6     10      1     12   2.92027651282233     
      2     11      1     12 -0.123668427660418     
      5     11      1     12  -3.13940157060227     
      1     12      1     12  -5.70375000000000     
      4     12      1     12   2.51732651282233     
      6      8      2     12  -3.49555000000000     
      6     11      2     12  0.402950000000000     
      2     12      2     12  -5.91795000000000     
      5     12      2     12 -0.402950000000000     
      2      7      3     12   3.58304116827355     
      5      7      3     12   2.92027651282233     
      1      8      3     12   1.42686046040141     
      4      8      3     12  -2.51732651282233     
      6      9      3     12  -1.64187500000000     
      2     10      3     12  -2.92027651282233     
      5     10      3     12 -0.973724999999998     
      1     11      3     12   2.51732651282233     
      4     11      3     12 -0.191174999999999     
      3     12      3     12  -4.27692500000000     
      6      7      4     12   2.92027651282233     
      2      8      4     12   2.89246805392903     
      5      8      4     12  -1.22073584884620     
      6     10      4     12  -2.61560000000000     
      2     11      4     12  -1.91866572175608     
      5     11      4     12  -1.34511065715799     
      1     12      4     12   2.51732651282233     
      4     12      4     12  -4.46810000000000     
      6      8      5     12  0.402950000000000     
      6     11      5     12  -3.78050000000000     
      2     12      5     12 -0.402950000000000     
      5     12      5     12  -5.63300000000000     
      6     12      6     12  -9.41350000000000     
      8     11      7     12  -1.12210911568350     
      7     12      7     12 -0.478850000000000     
     10     12      7     12 -0.402950000000000     
      8     12      8     12  -2.42240000000000     
     11     12      8     12 -0.805900000000000     
      7      8      9     12  -2.15618070787214     
      8     10      9     12 -0.402950000000000     
      7     11      9     12 -0.402950000000000     
     10     11      9     12  0.782550000000000     
      9     12      9     12  -2.63505000000000     
      8     11     10     12 -0.697929872909879     
      7     12     10     12 -0.402950000000000     
     10     12     10     12  -1.85250000000000     
      8     12     11     12 -0.805900000000000     
     11     12     11     12  -1.85250000000000     
