      1      1      1      1           2           0   4.94119454383249     
      1      1      1      1           0           0  -11.0812000000000     
      1      1      1      2           2           0  -1.90227373424542     
      1      1      2      1           2           0  -1.90227373424542     
      1      1      2      2           4           0  -8.01192361843992     
      1      1      2      2           2           0   5.36386286665539     
      1      2      1      1           2           0   1.90227373424542     
      1      2      1      2           2           0  0.391073906058691     
      1      2      1      2           0           0  -16.4355657578314     
      1      2      2      1           4           0   11.6832315756386     
      1      2      2      1           2           0  -5.05602951237431     
      1      2      2      2           4           0   9.23472517801248     
      1      2      2      2           2           0   3.86030570377301     
      2      1      1      1           2           0   1.90227373424542     
      2      1      1      2           4           0   11.6832315756386     
      2      1      1      2           2           0  -5.05602951237431     
      2      1      2      1           2           0  0.391073906058691     
      2      1      2      1           0           0  -16.4355657578314     
      2      1      2      2           4           0   9.23472517801248     
      2      1      2      2           2           0   3.86030570377301     
      2      2      1      1           4           0  -8.01192361843992     
      2      2      1      1           2           0   5.36386286665539     
      2      2      1      2           4           0  -9.23472517801248     
      2      2      1      2           2           0  -3.86030570377301     
      2      2      2      1           4           0  -9.23472517801248     
      2      2      2      1           2           0  -3.86030570377301     
      2      2      2      2           6           0   4.34399293385418     
      2      2      2      2           4           0  -8.02597469333944     
      2      2      2      2           2           0   9.56936420546710     
      2      2      2      2           0           0  -23.7915250000000     
      1      1      1      1           2           0   4.94119454383249     
      1      1      1      1           0           0  -11.0812000000000     
      1      1      1      2           2           0  -1.90227373424542     
      1      1      2      1           2           0  -1.90227373424542     
      1      1      2      2           4           0  -8.01192361843992     
      1      1      2      2           2           0   5.36386286665539     
      1      2      1      1           2           0   1.90227373424542     
      1      2      1      2           2           0  0.391073906058691     
      1      2      1      2           0           0  -16.4355657578314     
      1      2      2      1           4           0   11.6832315756386     
      1      2      2      1           2           0  -5.05602951237431     
      1      2      2      2           4           0   9.23472517801248     
      1      2      2      2           2           0   3.86030570377301     
      2      1      1      1           2           0   1.90227373424542     
      2      1      1      2           4           0   11.6832315756386     
      2      1      1      2           2           0  -5.05602951237431     
      2      1      2      1           2           0  0.391073906058691     
      2      1      2      1           0           0  -16.4355657578314     
      2      1      2      2           4           0   9.23472517801248     
      2      1      2      2           2           0   3.86030570377301     
      2      2      1      1           4           0  -8.01192361843992     
      2      2      1      1           2           0   5.36386286665539     
      2      2      1      2           4           0  -9.23472517801248     
      2      2      1      2           2           0  -3.86030570377301     
      2      2      2      1           4           0  -9.23472517801248     
      2      2      2      1           2           0  -3.86030570377301     
      2      2      2      2           6           0   4.34399293385418     
      2      2      2      2           4           0  -8.02597469333944     
      2      2      2      2           2           0   9.56936420546710     
      2      2      2      2           0           0  -23.7915250000000     
          60           6
   1   1   3   3   0   0   0   0-11.0812   1   1
   1   1   3   3   2   0   0   0  4.9412   1   1
   1   1   3   4   2   0   0   0 -1.9023   1   1
   1   1   4   3   2   0   0   0  1.9023   1   1
   1   1   4   4   0   0   0   0-16.4356   1   1
   1   1   4   4   2   0   0   0  0.3911   1   1
   1   2   3   3   2   0   0   0 -1.9023   1   1
   1   2   3   4   2   0   0   0  5.3639   1   1
   1   2   3   4   4   0   0   0 -8.0119   1   1
   1   2   4   3   2   0   0   0 -5.0560   1   1
   1   2   4   3   4   0   0   0 11.6832   1   1
   1   2   4   4   2   0   0   0  3.8603   1   1
   1   2   4   4   4   0   0   0  9.2347   1   1
   2   1   3   3   2   0   0   0  1.9023   1   1
   2   1   3   4   2   0   0   0 -5.0560   1   1
   2   1   3   4   4   0   0   0 11.6832   1   1
   2   1   4   3   2   0   0   0  5.3639   1   1
   2   1   4   3   4   0   0   0 -8.0119   1   1
   2   1   4   4   2   0   0   0 -3.8603   1   1
   2   1   4   4   4   0   0   0 -9.2347   1   1
   2   2   3   3   0   0   0   0-16.4356   1   1
   2   2   3   3   2   0   0   0  0.3911   1   1
   2   2   3   4   2   0   0   0  3.8603   1   1
   2   2   3   4   4   0   0   0  9.2347   1   1
   2   2   4   3   2   0   0   0 -3.8603   1   1
   2   2   4   3   4   0   0   0 -9.2347   1   1
   2   2   4   4   0   0   0   0-23.7915   1   1
   2   2   4   4   2   0   0   0  9.5694   1   1
   2   2   4   4   4   0   0   0 -8.0260   1   1
   2   2   4   4   6   0   0   0  4.3440   1   1
   3   3   1   1   0   0   0   0-11.0812   1   1
   3   3   1   1   2   0   0   0  4.9412   1   1
   3   3   1   2   2   0   0   0 -1.9023   1   1
   3   3   2   1   2   0   0   0  1.9023   1   1
   3   3   2   2   0   0   0   0-16.4356   1   1
   3   3   2   2   2   0   0   0  0.3911   1   1
   3   4   1   1   2   0   0   0 -1.9023   1   1
   3   4   1   2   2   0   0   0  5.3639   1   1
   3   4   1   2   4   0   0   0 -8.0119   1   1
   3   4   2   1   2   0   0   0 -5.0560   1   1
   3   4   2   1   4   0   0   0 11.6832   1   1
   3   4   2   2   2   0   0   0  3.8603   1   1
   3   4   2   2   4   0   0   0  9.2347   1   1
   4   3   1   1   2   0   0   0  1.9023   1   1
   4   3   1   2   2   0   0   0 -5.0560   1   1
   4   3   1   2   4   0   0   0 11.6832   1   1
   4   3   2   1   2   0   0   0  5.3639   1   1
   4   3   2   1   4   0   0   0 -8.0119   1   1
   4   3   2   2   2   0   0   0 -3.8603   1   1
   4   3   2   2   4   0   0   0 -9.2347   1   1
   4   4   1   1   0   0   0   0-16.4356   1   1
   4   4   1   1   2   0   0   0  0.3911   1   1
   4   4   1   2   2   0   0   0  3.8603   1   1
   4   4   1   2   4   0   0   0  9.2347   1   1
   4   4   2   1   2   0   0   0 -3.8603   1   1
   4   4   2   1   4   0   0   0 -9.2347   1   1
   4   4   2   2   0   0   0   0-23.7915   1   1
   4   4   2   2   2   0   0   0  9.5694   1   1
   4   4   2   2   4   0   0   0 -8.0260   1   1
   4   4   2   2   6   0   0   0  4.3440   1   1
