 ! Total Interaction
  20
   1   1   1   1     1     0  -6.9670
   1   2   1   1     1     0  -1.5532
   2   2   1   1     1     0   5.2809
   1   1   1   2     1     0  -1.5532
   1   2   1   2     1     0 -11.4337
   2   2   1   2     1     0  -8.1059
   1   1   2   2     1     0   5.2809
   1   2   2   2     1     0  -8.1059
   2   2   2   2     1     0  -5.5305
   1   2   1   2     2     0  -9.4135
   2   2   2   2     3     0  -9.4135
   1   1   1   1     0     1  -1.2614
   2   2   1   1     0     1  -3.0493
   1   1   2   2     0     1  -3.0493
   2   2   2   2     0     1  -3.4176
   1   2   1   2     1     1   0.1690
   1   2   1   2     2     1  -2.4224
   2   2   1   2     2     1   0.8059
   1   2   2   2     2     1   0.8059
   2   2   2   2     2     1  -1.8525
