      1      1      1      1           2           0   6.09846429090964     
      1      1      1      1           0           0  -12.9530500000000     
      1      1      1      2           2           0 -0.310227875923490     
      1      1      2      1           2           0 -0.310227875923490     
      1      1      2      2           4           0  -6.77193574246181     
      1      1      2      2           2           0   2.60378355666676     
      1      2      1      1           2           0  0.310227875923490     
      1      2      1      2           2           0 -2.608528680118072E-002
      1      2      1      2           0           0  -17.7716970538920     
      1      2      2      1           4           0   13.4951454086564     
      1      2      2      1           2           0  -3.95299460620916     
      1      2      2      2           4           0   8.38525349487091     
      1      2      2      2           2           0   2.04711302246728     
      2      1      1      1           2           0  0.310227875923490     
      2      1      1      2           4           0   13.4951454086564     
      2      1      1      2           2           0  -3.95299460620916     
      2      1      2      1           2           0 -2.608528680118072E-002
      2      1      2      1           0           0  -17.7716970538920     
      2      1      2      2           4           0   8.38525349487091     
      2      1      2      2           2           0   2.04711302246728     
      2      2      1      1           4           0  -6.77193574246181     
      2      2      1      1           2           0   2.60378355666677     
      2      2      1      2           4           0  -8.38525349487091     
      2      2      1      2           2           0  -2.04711302246728     
      2      2      2      1           4           0  -8.38525349487091     
      2      2      2      1           2           0  -2.04711302246728     
      2      2      2      2           6           0   7.95500692449102     
      2      2      2      2           4           0  -9.24965171368631     
      2      2      2      2           2           0   6.30450905497804     
      2      2      2      2           0           0  -26.6966500000000     
      1      1      1      1           2           0   6.09846429090964     
      1      1      1      1           0           0  -12.9530500000000     
      1      1      1      2           2           0 -0.310227875923490     
      1      1      2      1           2           0 -0.310227875923490     
      1      1      2      2           4           0  -6.77193574246181     
      1      1      2      2           2           0   2.60378355666676     
      1      2      1      1           2           0  0.310227875923490     
      1      2      1      2           2           0 -2.608528680118072E-002
      1      2      1      2           0           0  -17.7716970538920     
      1      2      2      1           4           0   13.4951454086564     
      1      2      2      1           2           0  -3.95299460620916     
      1      2      2      2           4           0   8.38525349487091     
      1      2      2      2           2           0   2.04711302246728     
      2      1      1      1           2           0  0.310227875923490     
      2      1      1      2           4           0   13.4951454086564     
      2      1      1      2           2           0  -3.95299460620916     
      2      1      2      1           2           0 -2.608528680118072E-002
      2      1      2      1           0           0  -17.7716970538920     
      2      1      2      2           4           0   8.38525349487091     
      2      1      2      2           2           0   2.04711302246728     
      2      2      1      1           4           0  -6.77193574246181     
      2      2      1      1           2           0   2.60378355666677     
      2      2      1      2           4           0  -8.38525349487091     
      2      2      1      2           2           0  -2.04711302246728     
      2      2      2      1           4           0  -8.38525349487091     
      2      2      2      1           2           0  -2.04711302246728     
      2      2      2      2           6           0   7.95500692449102     
      2      2      2      2           4           0  -9.24965171368631     
      2      2      2      2           2           0   6.30450905497804     
      2      2      2      2           0           0  -26.6966500000000     
          60           6
   1   1   3   3   0   0   0   0-12.9531   1   1
   1   1   3   3   2   0   0   0  6.0985   1   1
   1   1   3   4   2   0   0   0 -0.3102   1   1
   1   1   4   3   2   0   0   0  0.3102   1   1
   1   1   4   4   0   0   0   0-17.7717   1   1
   1   1   4   4   2   0   0   0 -0.0261   1   1
   1   2   3   3   2   0   0   0 -0.3102   1   1
   1   2   3   4   2   0   0   0  2.6038   1   1
   1   2   3   4   4   0   0   0 -6.7719   1   1
   1   2   4   3   2   0   0   0 -3.9530   1   1
   1   2   4   3   4   0   0   0 13.4951   1   1
   1   2   4   4   2   0   0   0  2.0471   1   1
   1   2   4   4   4   0   0   0  8.3853   1   1
   2   1   3   3   2   0   0   0  0.3102   1   1
   2   1   3   4   2   0   0   0 -3.9530   1   1
   2   1   3   4   4   0   0   0 13.4951   1   1
   2   1   4   3   2   0   0   0  2.6038   1   1
   2   1   4   3   4   0   0   0 -6.7719   1   1
   2   1   4   4   2   0   0   0 -2.0471   1   1
   2   1   4   4   4   0   0   0 -8.3853   1   1
   2   2   3   3   0   0   0   0-17.7717   1   1
   2   2   3   3   2   0   0   0 -0.0261   1   1
   2   2   3   4   2   0   0   0  2.0471   1   1
   2   2   3   4   4   0   0   0  8.3853   1   1
   2   2   4   3   2   0   0   0 -2.0471   1   1
   2   2   4   3   4   0   0   0 -8.3853   1   1
   2   2   4   4   0   0   0   0-26.6967   1   1
   2   2   4   4   2   0   0   0  6.3045   1   1
   2   2   4   4   4   0   0   0 -9.2497   1   1
   2   2   4   4   6   0   0   0  7.9550   1   1
   3   3   1   1   0   0   0   0-12.9531   1   1
   3   3   1   1   2   0   0   0  6.0985   1   1
   3   3   1   2   2   0   0   0 -0.3102   1   1
   3   3   2   1   2   0   0   0  0.3102   1   1
   3   3   2   2   0   0   0   0-17.7717   1   1
   3   3   2   2   2   0   0   0 -0.0261   1   1
   3   4   1   1   2   0   0   0 -0.3102   1   1
   3   4   1   2   2   0   0   0  2.6038   1   1
   3   4   1   2   4   0   0   0 -6.7719   1   1
   3   4   2   1   2   0   0   0 -3.9530   1   1
   3   4   2   1   4   0   0   0 13.4951   1   1
   3   4   2   2   2   0   0   0  2.0471   1   1
   3   4   2   2   4   0   0   0  8.3853   1   1
   4   3   1   1   2   0   0   0  0.3102   1   1
   4   3   1   2   2   0   0   0 -3.9530   1   1
   4   3   1   2   4   0   0   0 13.4951   1   1
   4   3   2   1   2   0   0   0  2.6038   1   1
   4   3   2   1   4   0   0   0 -6.7719   1   1
   4   3   2   2   2   0   0   0 -2.0471   1   1
   4   3   2   2   4   0   0   0 -8.3853   1   1
   4   4   1   1   0   0   0   0-17.7717   1   1
   4   4   1   1   2   0   0   0 -0.0261   1   1
   4   4   1   2   2   0   0   0  2.0471   1   1
   4   4   1   2   4   0   0   0  8.3853   1   1
   4   4   2   1   2   0   0   0 -2.0471   1   1
   4   4   2   1   4   0   0   0 -8.3853   1   1
   4   4   2   2   0   0   0   0-26.6967   1   1
   4   4   2   2   2   0   0   0  6.3045   1   1
   4   4   2   2   4   0   0   0 -9.2497   1   1
   4   4   2   2   6   0   0   0  7.9550   1   1
