      1      2      1      2  -1.19510000000000     
      2      4      1      2  0.000000000000000E+000
      1      5      1      2  0.000000000000000E+000
      4      5      1      2   2.65815581183647     
      3      6      1      2  -2.65815581183647     
      1      3      1      3  -3.05560000000000     
      3      4      1      3  -1.53040000000000     
      2      3      2      3 -0.255175000000000     
      1      4      2      3  -1.61682612759536     
      3      5      2      3 -0.765200000000000     
      2      3      1      4  -1.61682612759536     
      1      4      1      4  -2.12212500000000     
      3      5      1      4  -1.32536527795171     
      1      2      2      4  0.000000000000000E+000
      2      4      2      4  -1.18865000000000     
      1      5      2      4  -1.86695000000000     
      4      5      2      4 -0.765200000000000     
      3      6      2      4 -0.765200000000000     
      1      3      3      4  -1.53040000000000     
      3      4      3      4  -1.97340000000000     
      1      2      1      5  0.000000000000000E+000
      2      4      1      5  -1.86695000000000     
      1      5      1      5  -1.18865000000000     
      4      5      1      5 -0.765200000000000     
      3      6      1      5 -0.765200000000000     
      2      5      2      5  -2.12212500000000     
      1      6      2      5  -1.61682612759536     
      4      6      2      5  -1.32536527795171     
      2      3      3      5 -0.765200000000000     
      1      4      3      5  -1.32536527795171     
      3      5      3      5  -1.97340000000000     
      1      2      4      5   2.65815581183647     
      2      4      4      5 -0.765200000000000     
      1      5      4      5 -0.765200000000000     
      4      5      4      5  -2.91330000000000     
      3      6      4      5  0.939900000000000     
      2      5      1      6  -1.61682612759536     
      1      6      1      6 -0.255175000000000     
      4      6      1      6 -0.765200000000000     
      2      6      2      6  -3.05560000000000     
      5      6      2      6  -1.53040000000000     
      1      2      3      6  -2.65815581183647     
      2      4      3      6 -0.765200000000000     
      1      5      3      6 -0.765200000000000     
      4      5      3      6  0.939900000000000     
      3      6      3      6  -2.91330000000000     
      2      5      4      6  -1.32536527795171     
      1      6      4      6 -0.765200000000000     
      4      6      4      6  -1.97340000000000     
      2      6      5      6  -1.53040000000000     
      5      6      5      6  -1.97340000000000     
      1      7      1      7  -8.23700000000000     
      4      7      1      7  8.955507383727629E-002
      3      8      1      7 -0.155113937961745     
      2      9      1      7 -0.155113937961745     
      5      9      1      7   1.96232560677376     
      1     10      1      7  8.955507383727629E-002
      4     10      1      7  -2.26589843461705     
      3     11      1      7   1.96232560677376     
      2      7      2      7  -4.71605000000000     
      5      7      2      7  8.955507383727629E-002
      1      8      2      7  -3.52095000000000     
      4      8      2      7 -8.955507383727629E-002
      6      9      2      7  0.370345920044554     
      2     10      2      7 -8.955507383727629E-002
      5     10      2      7  0.762603297263972     
      1     11      2      7  8.955507383727629E-002
      4     11      2      7  -1.89555251457250     
      3     12      2      7   3.02850173188102     
      3      7      3      7  -6.27610000000000     
      1      9      3      7  -3.22050000000000     
      4      9      3      7 -0.765200000000000     
      3     10      3      7  0.765200000000000     
      1      7      4      7  8.955507383727629E-002
      4      7      4      7  -6.28086250000000     
      3      8      4      7  8.248891971047834E-003
      2      9      4      7   1.62507501956641     
      5      9      4      7  0.647353977878807     
      1     10      4      7  -4.15873750000000     
      4     10      4      7  -1.51269998677861     
      3     11      4      7   1.97271925583051     
      2      7      5      7  8.955507383727629E-002
      5      7      5      7  -6.28562500000000     
      1      8      5      7  8.955507383727629E-002
      4      8      5      7  9.525000000000672E-003
      6      9      5      7   1.88644998016791     
      2     10      5      7   1.87647500000000     
      5     10      5      7  -1.13894999338930     
      1     11      5      7  -5.09697500000000     
      4     11      5      7 -0.373749993389304     
      3     12      5      7   2.65164998016791     
      6      7      6      7  -6.29038750000000     
      2      8      6      7  0.155113937961745     
      5      8      6      7  8.248891971047834E-003
      6     10      6      7   1.88644998016791     
      2     11      6      7   1.62507501956641     
      5     11      6      7  -2.62007323370932     
      1     12      6      7  -6.03521250000000     
      4     12      6      7   2.65164998016791     
      2      7      1      8  -3.52095000000000     
      5      7      1      8  8.955507383727629E-002
      1      8      1      8  -4.71605000000000     
      4      8      1      8 -8.955507383727629E-002
      6      9      1      8   3.02850173188102     
      2     10      1      8 -8.955507383727629E-002
      5     10      1      8  -1.89555251457250     
      1     11      1      8  8.955507383727629E-002
      4     11      1      8  0.762603297263972     
      3     12      1      8  0.370345920044554     
      6      7      2      8  0.155113937961745     
      2      8      2      8  -8.23700000000000     
      5      8      2      8 -8.955507383727629E-002
      6     10      2      8   1.96232560677376     
      2     11      2      8 -8.955507383727629E-002
      5     11      2      8  -2.26589843461705     
      1     12      2      8  0.155113937961745     
      4     12      2      8   1.96232560677376     
      1      7      3      8 -0.155113937961745     
      4      7      3      8  8.248891971047834E-003
      3      8      3      8  -6.29038750000000     
      2      9      3      8  -6.03521250000000     
      5      9      3      8  -2.65164998016791     
      1     10      3      8   1.62507501956641     
      4     10      3      8   2.62007323370932     
      3     11      3      8  -1.88644998016791     
      2      7      4      8 -8.955507383727629E-002
      5      7      4      8  9.525000000000672E-003
      1      8      4      8 -8.955507383727629E-002
      4      8      4      8  -6.28562500000000     
      6      9      4      8  -2.65164998016791     
      2     10      4      8  -5.09697500000000     
      5     10      4      8  0.373749993389304     
      1     11      4      8   1.87647500000000     
      4     11      4      8   1.13894999338930     
      3     12      4      8  -1.88644998016791     
      6      7      5      8  8.248891971047834E-003
      2      8      5      8 -8.955507383727629E-002
      5      8      5      8  -6.28086250000000     
      6     10      5      8  -1.97271925583051     
      2     11      5      8  -4.15873750000000     
      5     11      5      8   1.51269998677861     
      1     12      5      8   1.62507501956641     
      4     12      5      8 -0.647353977878807     
      6      8      6      8  -6.27610000000000     
      6     11      6      8 -0.765200000000000     
      2     12      6      8  -3.22050000000000     
      5     12      6      8  0.765200000000000     
      7      8      7      8  -1.19510000000000     
      8     10      7      8  0.000000000000000E+000
      7     11      7      8  0.000000000000000E+000
     10     11      7      8   2.65815581183647     
      9     12      7      8  -2.65815581183647     
      3      7      1      9  -3.22050000000000     
      1      9      1      9  -6.27610000000000     
      4      9      1      9  0.765200000000000     
      3     10      1      9 -0.765200000000000     
      1      7      2      9 -0.155113937961745     
      4      7      2      9   1.62507501956641     
      3      8      2      9  -6.03521250000000     
      2      9      2      9  -6.29038750000000     
      5      9      2      9  -1.88644998016791     
      1     10      2      9  8.248891971047834E-003
      4     10      2      9   2.62007323370932     
      3     11      2      9  -2.65164998016791     
      3      9      3      9  -9.49660000000000     
      3      7      4      9 -0.765200000000000     
      1      9      4      9  0.765200000000000     
      4      9      4      9  -5.73500000000000     
      3     10      4      9  -3.76160000000000     
      1      7      5      9   1.96232560677376     
      4      7      5      9  0.647353977878807     
      3      8      5      9  -2.65164998016791     
      2      9      5      9  -1.88644998016791     
      5      9      5      9  -5.54504000000000     
      1     10      5      9   1.97271925583051     
      4     10      5      9 -0.219346914270519     
      3     11      5      9  -3.57164000000000     
      2      7      6      9  0.370345920044554     
      5      7      6      9   1.88644998016791     
      1      8      6      9   3.02850173188102     
      4      8      6      9  -2.65164998016791     
      6      9      6      9  -5.92001000000000     
      2     10      6      9  -1.88644998016791     
      5     10      6      9  0.374970000000002     
      1     11      6      9   2.65164998016791     
      4     11      6      9 -0.564929999999998     
      3     12      6      9  -3.00671000000000     
      7      9      7      9  -3.05560000000000     
      9     10      7      9  -1.53040000000000     
      8      9      8      9 -0.255175000000000     
      7     10      8      9  -1.61682612759536     
      9     11      8      9 -0.765200000000000     
      1      7      1     10  8.955507383727629E-002
      4      7      1     10  -4.15873750000000     
      3      8      1     10   1.62507501956641     
      2      9      1     10  8.248891971047834E-003
      5      9      1     10   1.97271925583051     
      1     10      1     10  -6.28086250000000     
      4     10      1     10  -1.51269998677861     
      3     11      1     10  0.647353977878807     
      2      7      2     10 -8.955507383727629E-002
      5      7      2     10   1.87647500000000     
      1      8      2     10 -8.955507383727629E-002
      4      8      2     10  -5.09697500000000     
      6      9      2     10  -1.88644998016791     
      2     10      2     10  -6.28562500000000     
      5     10      2     10   1.13894999338930     
      1     11      2     10  9.525000000000672E-003
      4     11      2     10  0.373749993389304     
      3     12      2     10  -2.65164998016791     
      3      7      3     10  0.765200000000000     
      1      9      3     10 -0.765200000000000     
      4      9      3     10  -3.76160000000000     
      3     10      3     10  -5.73499999999999     
      1      7      4     10  -2.26589843461705     
      4      7      4     10  -1.51269998677861     
      3      8      4     10   2.62007323370932     
      2      9      4     10   2.62007323370932     
      5      9      4     10 -0.219346914270519     
      1     10      4     10  -1.51269998677861     
      4     10      4     10  -9.24332000000000     
      3     11      4     10 -0.219346914270519     
      2      7      5     10  0.762603297263972     
      5      7      5     10  -1.13894999338930     
      1      8      5     10  -1.89555251457250     
      4      8      5     10  0.373749993389304     
      6      9      5     10  0.374970000000002     
      2     10      5     10   1.13894999338930     
      5     10      5     10  -6.17329000000000     
      1     11      5     10 -0.373749993389304     
      4     11      5     10  -3.25999000000000     
      3     12      5     10 -0.564929999999998     
      6      7      6     10   1.88644998016791     
      2      8      6     10   1.96232560677376     
      5      8      6     10  -1.97271925583051     
      6     10      6     10  -5.54504000000000     
      2     11      6     10 -0.647353977878807     
      5     11      6     10 -0.219346914270519     
      1     12      6     10   2.65164998016791     
      4     12      6     10  -3.57164000000000     
      8      9      7     10  -1.61682612759536     
      7     10      7     10  -2.12212500000000     
      9     11      7     10  -1.32536527795171     
      7      8      8     10  0.000000000000000E+000
      8     10      8     10  -1.18865000000000     
      7     11      8     10  -1.86695000000000     
     10     11      8     10 -0.765200000000000     
      9     12      8     10 -0.765200000000000     
      7      9      9     10  -1.53040000000000     
      9     10      9     10  -1.97340000000000     
      2      7      1     11  8.955507383727629E-002
      5      7      1     11  -5.09697500000000     
      1      8      1     11  8.955507383727629E-002
      4      8      1     11   1.87647500000000     
      6      9      1     11   2.65164998016791     
      2     10      1     11  9.525000000000672E-003
      5     10      1     11 -0.373749993389304     
      1     11      1     11  -6.28562500000000     
      4     11      1     11  -1.13894999338930     
      3     12      1     11   1.88644998016791     
      6      7      2     11   1.62507501956641     
      2      8      2     11 -8.955507383727629E-002
      5      8      2     11  -4.15873750000000     
      6     10      2     11 -0.647353977878807     
      2     11      2     11  -6.28086250000000     
      5     11      2     11   1.51269998677861     
      1     12      2     11  8.248891971047834E-003
      4     12      2     11  -1.97271925583051     
      1      7      3     11   1.96232560677376     
      4      7      3     11   1.97271925583051     
      3      8      3     11  -1.88644998016791     
      2      9      3     11  -2.65164998016791     
      5      9      3     11  -3.57164000000000     
      1     10      3     11  0.647353977878807     
      4     10      3     11 -0.219346914270519     
      3     11      3     11  -5.54504000000000     
      2      7      4     11  -1.89555251457250     
      5      7      4     11 -0.373749993389304     
      1      8      4     11  0.762603297263972     
      4      8      4     11   1.13894999338930     
      6      9      4     11 -0.564929999999998     
      2     10      4     11  0.373749993389304     
      5     10      4     11  -3.25999000000000     
      1     11      4     11  -1.13894999338930     
      4     11      4     11  -6.17329000000000     
      3     12      4     11  0.374970000000002     
      6      7      5     11  -2.62007323370932     
      2      8      5     11  -2.26589843461705     
      5      8      5     11   1.51269998677861     
      6     10      5     11 -0.219346914270519     
      2     11      5     11   1.51269998677861     
      5     11      5     11  -9.24332000000000     
      1     12      5     11  -2.62007323370932     
      4     12      5     11 -0.219346914270519     
      6      8      6     11 -0.765200000000000     
      6     11      6     11  -5.73500000000000     
      2     12      6     11  0.765200000000000     
      5     12      6     11  -3.76160000000000     
      7      8      7     11  0.000000000000000E+000
      8     10      7     11  -1.86695000000000     
      7     11      7     11  -1.18865000000000     
     10     11      7     11 -0.765200000000000     
      9     12      7     11 -0.765200000000000     
      8     11      8     11  -2.12212500000000     
      7     12      8     11  -1.61682612759536     
     10     12      8     11  -1.32536527795171     
      8      9      9     11 -0.765200000000000     
      7     10      9     11  -1.32536527795171     
      9     11      9     11  -1.97340000000000     
      7      8     10     11   2.65815581183647     
      8     10     10     11 -0.765200000000000     
      7     11     10     11 -0.765200000000000     
     10     11     10     11  -2.91330000000000     
      9     12     10     11  0.939900000000000     
      6      7      1     12  -6.03521250000000     
      2      8      1     12  0.155113937961745     
      5      8      1     12   1.62507501956641     
      6     10      1     12   2.65164998016791     
      2     11      1     12  8.248891971047834E-003
      5     11      1     12  -2.62007323370932     
      1     12      1     12  -6.29038750000000     
      4     12      1     12   1.88644998016791     
      6      8      2     12  -3.22050000000000     
      6     11      2     12  0.765200000000000     
      2     12      2     12  -6.27610000000000     
      5     12      2     12 -0.765200000000000     
      2      7      3     12   3.02850173188102     
      5      7      3     12   2.65164998016791     
      1      8      3     12  0.370345920044554     
      4      8      3     12  -1.88644998016791     
      6      9      3     12  -3.00671000000000     
      2     10      3     12  -2.65164998016791     
      5     10      3     12 -0.564929999999998     
      1     11      3     12   1.88644998016791     
      4     11      3     12  0.374970000000002     
      3     12      3     12  -5.92001000000000     
      6      7      4     12   2.65164998016791     
      2      8      4     12   1.96232560677376     
      5      8      4     12 -0.647353977878807     
      6     10      4     12  -3.57164000000000     
      2     11      4     12  -1.97271925583051     
      5     11      4     12 -0.219346914270519     
      1     12      4     12   1.88644998016791     
      4     12      4     12  -5.54504000000000     
      6      8      5     12  0.765200000000000     
      6     11      5     12  -3.76160000000000     
      2     12      5     12 -0.765200000000000     
      5     12      5     12  -5.73499999999999     
      6     12      6     12  -9.49660000000000     
      8     11      7     12  -1.61682612759536     
      7     12      7     12 -0.255175000000000     
     10     12      7     12 -0.765200000000000     
      8     12      8     12  -3.05560000000000     
     11     12      8     12  -1.53040000000000     
      7      8      9     12  -2.65815581183647     
      8     10      9     12 -0.765200000000000     
      7     11      9     12 -0.765200000000000     
     10     11      9     12  0.939900000000000     
      9     12      9     12  -2.91330000000000     
      8     11     10     12  -1.32536527795171     
      7     12     10     12 -0.765200000000000     
     10     12     10     12  -1.97340000000000     
      8     12     11     12  -1.53040000000000     
     11     12     11     12  -1.97340000000000     
