      1      2      1      2  -1.24850000000000     
      2      4      1      2  0.000000000000000E+000
      1      5      1      2  0.000000000000000E+000
      4      5      1      2   2.24966022434500     
      3      6      1      2  -2.24966022434500     
      1      3      1      3  -2.52970000000000     
      3      4      1      3 -0.826700000000000     
      2      3      2      3 -0.472000000000000     
      1      4      2      3  -1.18801364891149     
      3      5      2      3 -0.413350000000000     
      2      3      1      4  -1.18801364891149     
      1      4      1      4  -1.84380000000000     
      3      5      1      4 -0.715943201308596     
      1      2      2      4  0.000000000000000E+000
      2      4      2      4  -1.15790000000000     
      1      5      2      4  -1.37180000000000     
      4      5      2      4 -0.413350000000000     
      3      6      2      4 -0.413350000000000     
      1      3      3      4 -0.826700000000000     
      3      4      3      4  -1.94510000000000     
      1      2      1      5  0.000000000000000E+000
      2      4      1      5  -1.37180000000000     
      1      5      1      5  -1.15790000000000     
      4      5      1      5 -0.413350000000000     
      3      6      1      5 -0.413350000000000     
      2      5      2      5  -1.84380000000000     
      1      6      2      5  -1.18801364891149     
      4      6      2      5 -0.715943201308596     
      2      3      3      5 -0.413350000000000     
      1      4      3      5 -0.715943201308596     
      3      5      3      5  -1.94510000000000     
      1      2      4      5   2.24966022434500     
      2      4      4      5 -0.413350000000000     
      1      5      4      5 -0.413350000000000     
      4      5      4      5  -2.72160000000000     
      3      6      4      5  0.776500000000000     
      2      5      1      6  -1.18801364891149     
      1      6      1      6 -0.472000000000000     
      4      6      1      6 -0.413350000000000     
      2      6      2      6  -2.52970000000000     
      5      6      2      6 -0.826700000000000     
      1      2      3      6  -2.24966022434500     
      2      4      3      6 -0.413350000000000     
      1      5      3      6 -0.413350000000000     
      4      5      3      6  0.776500000000000     
      3      6      3      6  -2.72160000000000     
      2      5      4      6 -0.715943201308596     
      1      6      4      6 -0.413350000000000     
      4      6      4      6  -1.94510000000000     
      2      6      5      6 -0.826700000000000     
      5      6      5      6  -1.94510000000000     
      1      7      1      7  -7.93080000000000     
      4      7      1      7  0.566816795799137     
      3      8      1      7 -0.981755488907498     
      2      9      1      7 -0.981755488907498     
      5      9      1      7   3.18528053317129     
      1     10      1      7  0.566816795799137     
      4     10      1      7  -3.67804514654184     
      3     11      1      7   3.18528053317129     
      2      7      2      7  -4.58965000000000     
      5      7      2      7  0.566816795799137     
      1      8      2      7  -3.34115000000000     
      4      8      2      7 -0.566816795799137     
      6      9      2      7   1.63370374773388     
      2     10      2      7 -0.566816795799137     
      5     10      2      7  0.205318825537040     
      1     11      2      7  0.566816795799137     
      4     11      2      7  -2.04434139880796     
      3     12      2      7   3.88336397207888     
      3      7      3      7  -6.55055000000000     
      1      9      3      7  -4.02085000000000     
      4      9      3      7 -0.413350000000000     
      3     10      3      7  0.413350000000000     
      1      7      4      7  0.566816795799137     
      4      7      4      7  -6.52592500000000     
      3      8      4      7 -4.265175113638242E-002
      2      9      4      7   1.14536189777511     
      5      9      4      7   1.40349995503430     
      1     10      4      7  -4.68212500000000     
      4     10      4      7  -2.03397215369336     
      3     11      4      7   2.11944315634289     
      2      7      5      7  0.566816795799137     
      5      7      5      7  -6.50130000000000     
      1      8      5      7  0.566816795799137     
      4      8      5      7 -4.924999999999824E-002
      6      9      5      7   2.84428323054004     
      2     10      5      7   1.32255000000000     
      5     10      5      7  -1.22366107684668     
      1     11      5      7  -5.34340000000000     
      4     11      5      7 -0.810311076846680     
      3     12      5      7   3.25763323054004     
      6      7      6      7  -6.47667500000000     
      2      8      6      7  0.981755488907498     
      5      8      6      7 -4.265175113638242E-002
      6     10      6      7   2.84428323054004     
      2     11      6      7   1.14536189777511     
      5     11      6      7  -3.52294311137719     
      1     12      6      7  -6.00467500000000     
      4     12      6      7   3.25763323054004     
      2      7      1      8  -3.34115000000000     
      5      7      1      8  0.566816795799137     
      1      8      1      8  -4.58965000000000     
      4      8      1      8 -0.566816795799137     
      6      9      1      8   3.88336397207888     
      2     10      1      8 -0.566816795799137     
      5     10      1      8  -2.04434139880796     
      1     11      1      8  0.566816795799137     
      4     11      1      8  0.205318825537040     
      3     12      1      8   1.63370374773388     
      6      7      2      8  0.981755488907498     
      2      8      2      8  -7.93080000000000     
      5      8      2      8 -0.566816795799137     
      6     10      2      8   3.18528053317129     
      2     11      2      8 -0.566816795799137     
      5     11      2      8  -3.67804514654184     
      1     12      2      8  0.981755488907498     
      4     12      2      8   3.18528053317129     
      1      7      3      8 -0.981755488907498     
      4      7      3      8 -4.265175113638242E-002
      3      8      3      8  -6.47667500000000     
      2      9      3      8  -6.00467500000000     
      5      9      3      8  -3.25763323054004     
      1     10      3      8   1.14536189777511     
      4     10      3      8   3.52294311137719     
      3     11      3      8  -2.84428323054004     
      2      7      4      8 -0.566816795799137     
      5      7      4      8 -4.924999999999824E-002
      1      8      4      8 -0.566816795799137     
      4      8      4      8  -6.50130000000000     
      6      9      4      8  -3.25763323054004     
      2     10      4      8  -5.34340000000000     
      5     10      4      8  0.810311076846680     
      1     11      4      8   1.32255000000000     
      4     11      4      8   1.22366107684668     
      3     12      4      8  -2.84428323054004     
      6      7      5      8 -4.265175113638242E-002
      2      8      5      8 -0.566816795799137     
      5      8      5      8  -6.52592500000000     
      6     10      5      8  -2.11944315634289     
      2     11      5      8  -4.68212500000000     
      5     11      5      8   2.03397215369336     
      1     12      5      8   1.14536189777511     
      4     12      5      8  -1.40349995503430     
      6      8      6      8  -6.55055000000000     
      6     11      6      8 -0.413350000000000     
      2     12      6      8  -4.02085000000000     
      5     12      6      8  0.413350000000000     
      7      8      7      8  -1.24850000000000     
      8     10      7      8  0.000000000000000E+000
      7     11      7      8  0.000000000000000E+000
     10     11      7      8   2.24966022434500     
      9     12      7      8  -2.24966022434500     
      3      7      1      9  -4.02085000000000     
      1      9      1      9  -6.55055000000000     
      4      9      1      9  0.413350000000000     
      3     10      1      9 -0.413350000000000     
      1      7      2      9 -0.981755488907498     
      4      7      2      9   1.14536189777511     
      3      8      2      9  -6.00467500000000     
      2      9      2      9  -6.47667500000000     
      5      9      2      9  -2.84428323054004     
      1     10      2      9 -4.265175113638242E-002
      4     10      2      9   3.52294311137719     
      3     11      2      9  -3.25763323054004     
      3      9      3      9  -10.5714000000000     
      3      7      4      9 -0.413350000000000     
      1      9      4      9  0.413350000000000     
      4      9      4      9  -6.25825000000000     
      3     10      4      9  -4.31314999999999     
      1      7      5      9   3.18528053317129     
      4      7      5      9   1.40349995503430     
      3      8      5      9  -3.25763323054004     
      2      9      5      9  -2.84428323054004     
      5      9      5      9  -5.05585000000000     
      1     10      5      9   2.11944315634289     
      4     10      5      9  -1.38841192734721     
      3     11      5      9  -3.11075000000000     
      2      7      6      9   1.63370374773388     
      5      7      6      9   2.84428323054004     
      1      8      6      9   3.88336397207888     
      4      8      6      9  -3.25763323054004     
      6      9      6      9  -4.84290000000000     
      2     10      6      9  -2.84428323054004     
      5     10      6      9 -0.212949999999998     
      1     11      6      9   3.25763323054004     
      4     11      6      9 -0.989449999999998     
      3     12      6      9  -2.12130000000000     
      7      9      7      9  -2.52970000000000     
      9     10      7      9 -0.826700000000000     
      8      9      8      9 -0.472000000000000     
      7     10      8      9  -1.18801364891149     
      9     11      8      9 -0.413350000000000     
      1      7      1     10  0.566816795799137     
      4      7      1     10  -4.68212500000000     
      3      8      1     10   1.14536189777511     
      2      9      1     10 -4.265175113638242E-002
      5      9      1     10   2.11944315634289     
      1     10      1     10  -6.52592500000000     
      4     10      1     10  -2.03397215369336     
      3     11      1     10   1.40349995503430     
      2      7      2     10 -0.566816795799137     
      5      7      2     10   1.32255000000000     
      1      8      2     10 -0.566816795799137     
      4      8      2     10  -5.34340000000000     
      6      9      2     10  -2.84428323054004     
      2     10      2     10  -6.50130000000000     
      5     10      2     10   1.22366107684668     
      1     11      2     10 -4.924999999999824E-002
      4     11      2     10  0.810311076846680     
      3     12      2     10  -3.25763323054004     
      3      7      3     10  0.413350000000000     
      1      9      3     10 -0.413350000000000     
      4      9      3     10  -4.31314999999999     
      3     10      3     10  -6.25824999999999     
      1      7      4     10  -3.67804514654184     
      4      7      4     10  -2.03397215369336     
      3      8      4     10   3.52294311137719     
      2      9      4     10   3.52294311137719     
      5      9      4     10  -1.38841192734721     
      1     10      4     10  -2.03397215369336     
      4     10      4     10  -8.96820000000000     
      3     11      4     10  -1.38841192734721     
      2      7      5     10  0.205318825537040     
      5      7      5     10  -1.22366107684668     
      1      8      5     10  -2.04434139880796     
      4      8      5     10  0.810311076846680     
      6      9      5     10 -0.212949999999998     
      2     10      5     10   1.22366107684668     
      5     10      5     10  -6.44610000000000     
      1     11      5     10 -0.810311076846680     
      4     11      5     10  -3.72450000000000     
      3     12      5     10 -0.989449999999998     
      6      7      6     10   2.84428323054004     
      2      8      6     10   3.18528053317129     
      5      8      6     10  -2.11944315634289     
      6     10      6     10  -5.05585000000000     
      2     11      6     10  -1.40349995503430     
      5     11      6     10  -1.38841192734721     
      1     12      6     10   3.25763323054004     
      4     12      6     10  -3.11075000000000     
      8      9      7     10  -1.18801364891149     
      7     10      7     10  -1.84380000000000     
      9     11      7     10 -0.715943201308596     
      7      8      8     10  0.000000000000000E+000
      8     10      8     10  -1.15790000000000     
      7     11      8     10  -1.37180000000000     
     10     11      8     10 -0.413350000000000     
      9     12      8     10 -0.413350000000000     
      7      9      9     10 -0.826700000000000     
      9     10      9     10  -1.94510000000000     
      2      7      1     11  0.566816795799137     
      5      7      1     11  -5.34340000000000     
      1      8      1     11  0.566816795799137     
      4      8      1     11   1.32255000000000     
      6      9      1     11   3.25763323054004     
      2     10      1     11 -4.924999999999824E-002
      5     10      1     11 -0.810311076846680     
      1     11      1     11  -6.50130000000000     
      4     11      1     11  -1.22366107684668     
      3     12      1     11   2.84428323054004     
      6      7      2     11   1.14536189777511     
      2      8      2     11 -0.566816795799137     
      5      8      2     11  -4.68212500000000     
      6     10      2     11  -1.40349995503430     
      2     11      2     11  -6.52592500000000     
      5     11      2     11   2.03397215369336     
      1     12      2     11 -4.265175113638242E-002
      4     12      2     11  -2.11944315634289     
      1      7      3     11   3.18528053317129     
      4      7      3     11   2.11944315634289     
      3      8      3     11  -2.84428323054004     
      2      9      3     11  -3.25763323054004     
      5      9      3     11  -3.11075000000000     
      1     10      3     11   1.40349995503430     
      4     10      3     11  -1.38841192734721     
      3     11      3     11  -5.05585000000000     
      2      7      4     11  -2.04434139880796     
      5      7      4     11 -0.810311076846680     
      1      8      4     11  0.205318825537040     
      4      8      4     11   1.22366107684668     
      6      9      4     11 -0.989449999999998     
      2     10      4     11  0.810311076846680     
      5     10      4     11  -3.72450000000000     
      1     11      4     11  -1.22366107684668     
      4     11      4     11  -6.44610000000000     
      3     12      4     11 -0.212949999999998     
      6      7      5     11  -3.52294311137719     
      2      8      5     11  -3.67804514654184     
      5      8      5     11   2.03397215369336     
      6     10      5     11  -1.38841192734721     
      2     11      5     11   2.03397215369336     
      5     11      5     11  -8.96820000000000     
      1     12      5     11  -3.52294311137719     
      4     12      5     11  -1.38841192734721     
      6      8      6     11 -0.413350000000000     
      6     11      6     11  -6.25825000000000     
      2     12      6     11  0.413350000000000     
      5     12      6     11  -4.31314999999999     
      7      8      7     11  0.000000000000000E+000
      8     10      7     11  -1.37180000000000     
      7     11      7     11  -1.15790000000000     
     10     11      7     11 -0.413350000000000     
      9     12      7     11 -0.413350000000000     
      8     11      8     11  -1.84380000000000     
      7     12      8     11  -1.18801364891149     
     10     12      8     11 -0.715943201308596     
      8      9      9     11 -0.413350000000000     
      7     10      9     11 -0.715943201308596     
      9     11      9     11  -1.94510000000000     
      7      8     10     11   2.24966022434500     
      8     10     10     11 -0.413350000000000     
      7     11     10     11 -0.413350000000000     
     10     11     10     11  -2.72160000000000     
      9     12     10     11  0.776500000000000     
      6      7      1     12  -6.00467500000000     
      2      8      1     12  0.981755488907498     
      5      8      1     12   1.14536189777511     
      6     10      1     12   3.25763323054004     
      2     11      1     12 -4.265175113638242E-002
      5     11      1     12  -3.52294311137719     
      1     12      1     12  -6.47667500000000     
      4     12      1     12   2.84428323054004     
      6      8      2     12  -4.02085000000000     
      6     11      2     12  0.413350000000000     
      2     12      2     12  -6.55055000000000     
      5     12      2     12 -0.413350000000000     
      2      7      3     12   3.88336397207888     
      5      7      3     12   3.25763323054004     
      1      8      3     12   1.63370374773388     
      4      8      3     12  -2.84428323054004     
      6      9      3     12  -2.12130000000000     
      2     10      3     12  -3.25763323054004     
      5     10      3     12 -0.989449999999998     
      1     11      3     12   2.84428323054004     
      4     11      3     12 -0.212949999999998     
      3     12      3     12  -4.84290000000000     
      6      7      4     12   3.25763323054004     
      2      8      4     12   3.18528053317129     
      5      8      4     12  -1.40349995503430     
      6     10      4     12  -3.11075000000000     
      2     11      4     12  -2.11944315634289     
      5     11      4     12  -1.38841192734721     
      1     12      4     12   2.84428323054004     
      4     12      4     12  -5.05585000000000     
      6      8      5     12  0.413350000000000     
      6     11      5     12  -4.31314999999999     
      2     12      5     12 -0.413350000000000     
      5     12      5     12  -6.25824999999999     
      6     12      6     12  -10.5714000000000     
      8     11      7     12  -1.18801364891149     
      7     12      7     12 -0.472000000000000     
     10     12      7     12 -0.413350000000000     
      8     12      8     12  -2.52970000000000     
     11     12      8     12 -0.826700000000000     
      7      8      9     12  -2.24966022434500     
      8     10      9     12 -0.413350000000000     
      7     11      9     12 -0.413350000000000     
     10     11      9     12  0.776500000000000     
      9     12      9     12  -2.72160000000000     
      8     11     10     12 -0.715943201308596     
      7     12     10     12 -0.413350000000000     
     10     12     10     12  -1.94510000000000     
      8     12     11     12 -0.826700000000000     
     11     12     11     12  -1.94510000000000     
