 ! Total Interaction
  20
   1   1   1   1     1     0  -7.9308
   1   2   1   1     1     0  -1.6032
   2   2   1   1     1     0   5.8155
   1   1   1   2     1     0  -1.6032
   1   2   1   2     1     0 -13.1180
   2   2   1   2     1     0  -9.0962
   1   1   2   2     1     0   5.8155
   1   2   2   2     1     0  -9.0962
   2   2   2   2     1     0  -6.5634
   1   2   1   2     2     0 -10.5714
   2   2   2   2     3     0 -10.5714
   1   1   1   1     0     1  -1.2485
   2   2   1   1     0     1  -3.1815
   1   1   2   2     0     1  -3.1815
   2   2   2   2     0     1  -3.4981
   1   2   1   2     1     1   0.2139
   1   2   1   2     2     1  -2.5297
   2   2   1   2     2     1   0.8267
   1   2   2   2     2     1   0.8267
   2   2   2   2     2     1  -1.9451
