      1      2      1      2  -1.23270000000000     
      2      4      1      2  0.000000000000000E+000
      1      5      1      2  0.000000000000000E+000
      4      5      1      2   2.32949257994096     
      3      6      1      2  -2.32949257994096     
      1      3      1      3  -2.62050000000000     
      3      4      1      3 -0.844000000000000     
      2      3      2      3 -0.463425000000000     
      1      4      2      3  -1.24538783191221     
      3      5      2      3 -0.422000000000000     
      2      3      1      4  -1.24538783191221     
      1      4      1      4  -1.90147500000000     
      3      5      1      4 -0.730925440794066     
      1      2      2      4  0.000000000000000E+000
      2      4      2      4  -1.18245000000000     
      1      5      2      4  -1.43805000000000     
      4      5      2      4 -0.422000000000000     
      3      6      2      4 -0.422000000000000     
      1      3      3      4 -0.844000000000000     
      3      4      3      4  -2.02370000000000     
      1      2      1      5  0.000000000000000E+000
      2      4      1      5  -1.43805000000000     
      1      5      1      5  -1.18245000000000     
      4      5      1      5 -0.422000000000000     
      3      6      1      5 -0.422000000000000     
      2      5      2      5  -1.90147500000000     
      1      6      2      5  -1.24538783191221     
      4      6      2      5 -0.730925440794066     
      2      3      3      5 -0.422000000000000     
      1      4      3      5 -0.730925440794066     
      3      5      3      5  -2.02370000000000     
      1      2      4      5   2.32949257994096     
      2      4      4      5 -0.422000000000000     
      1      5      4      5 -0.422000000000000     
      4      5      4      5  -2.79295000000000     
      3      6      4      5  0.769250000000000     
      2      5      1      6  -1.24538783191221     
      1      6      1      6 -0.463425000000000     
      4      6      1      6 -0.422000000000000     
      2      6      2      6  -2.62050000000000     
      5      6      2      6 -0.844000000000000     
      1      2      3      6  -2.32949257994096     
      2      4      3      6 -0.422000000000000     
      1      5      3      6 -0.422000000000000     
      4      5      3      6  0.769250000000000     
      3      6      3      6  -2.79295000000000     
      2      5      4      6 -0.730925440794066     
      1      6      4      6 -0.422000000000000     
      4      6      4      6  -2.02370000000000     
      2      6      5      6 -0.844000000000000     
      5      6      5      6  -2.02370000000000     
      1      7      1      7  -7.27420000000000     
      4      7      1      7  0.580322535319800     
      3      8      1      7  -1.00514811595108     
      2      9      1      7  -1.00514811595108     
      5      9      1      7   2.91623921292476     
      1     10      1      7  0.580322535319800     
      4     10      1      7  -3.36738298920690     
      3     11      1      7   2.91623921292476     
      2      7      2      7  -4.25345000000000     
      5      7      2      7  0.580322535319800     
      1      8      2      7  -3.02075000000000     
      4      8      2      7 -0.580322535319800     
      6      9      2      7   1.36079095193469     
      2     10      2      7 -0.580322535319800     
      5     10      2      7  0.322900542668756     
      1     11      2      7  0.580322535319800     
      4     11      2      7  -2.00659203727221     
      3     12      2      7   3.69028353187566     
      3      7      3      7  -6.19955000000000     
      1      9      3      7  -3.57905000000000     
      4      9      3      7 -0.422000000000000     
      3     10      3      7  0.422000000000000     
      1      7      4      7  0.580322535319800     
      4      7      4      7  -6.06633750000000     
      3      8      4      7 -0.230730818203268     
      2      9      4      7   1.01465701370894     
      5      9      4      7   1.19403275378685     
      1     10      4      7  -4.16486250000000     
      4     10      4      7  -1.80075026364013     
      3     11      4      7   1.92495819458091     
      2      7      5      7  0.580322535319800     
      5      7      5      7  -5.93312500000000     
      1      8      5      7  0.580322535319800     
      4      8      5      7 -0.266424999999998     
      6      9      5      7   2.49012539546020     
      2     10      5      7   1.17162500000000     
      5     10      5      7  -1.11137513182007     
      1     11      5      7  -4.75067500000000     
      4     11      5      7 -0.689375131820066     
      3     12      5      7   2.91212539546020     
      6      7      6      7  -5.79991250000000     
      2      8      6      7   1.00514811595108     
      5      8      6      7 -0.230730818203268     
      6     10      6      7   2.49012539546020     
      2     11      6      7   1.01465701370894     
      5     11      6      7  -3.11899094836776     
      1     12      6      7  -5.33648750000000     
      4     12      6      7   2.91212539546020     
      2      7      1      8  -3.02075000000000     
      5      7      1      8  0.580322535319800     
      1      8      1      8  -4.25345000000000     
      4      8      1      8 -0.580322535319800     
      6      9      1      8   3.69028353187566     
      2     10      1      8 -0.580322535319800     
      5     10      1      8  -2.00659203727221     
      1     11      1      8  0.580322535319800     
      4     11      1      8  0.322900542668756     
      3     12      1      8   1.36079095193469     
      6      7      2      8   1.00514811595108     
      2      8      2      8  -7.27420000000000     
      5      8      2      8 -0.580322535319800     
      6     10      2      8   2.91623921292476     
      2     11      2      8 -0.580322535319800     
      5     11      2      8  -3.36738298920690     
      1     12      2      8   1.00514811595108     
      4     12      2      8   2.91623921292476     
      1      7      3      8  -1.00514811595108     
      4      7      3      8 -0.230730818203268     
      3      8      3      8  -5.79991250000000     
      2      9      3      8  -5.33648750000000     
      5      9      3      8  -2.91212539546020     
      1     10      3      8   1.01465701370894     
      4     10      3      8   3.11899094836776     
      3     11      3      8  -2.49012539546020     
      2      7      4      8 -0.580322535319800     
      5      7      4      8 -0.266424999999998     
      1      8      4      8 -0.580322535319800     
      4      8      4      8  -5.93312500000000     
      6      9      4      8  -2.91212539546020     
      2     10      4      8  -4.75067500000000     
      5     10      4      8  0.689375131820066     
      1     11      4      8   1.17162500000000     
      4     11      4      8   1.11137513182007     
      3     12      4      8  -2.49012539546020     
      6      7      5      8 -0.230730818203268     
      2      8      5      8 -0.580322535319800     
      5      8      5      8  -6.06633750000000     
      6     10      5      8  -1.92495819458091     
      2     11      5      8  -4.16486250000000     
      5     11      5      8   1.80075026364013     
      1     12      5      8   1.01465701370894     
      4     12      5      8  -1.19403275378685     
      6      8      6      8  -6.19955000000000     
      6     11      6      8 -0.422000000000000     
      2     12      6      8  -3.57905000000000     
      5     12      6      8  0.422000000000000     
      7      8      7      8  -1.23270000000000     
      8     10      7      8  0.000000000000000E+000
      7     11      7      8  0.000000000000000E+000
     10     11      7      8   2.32949257994096     
      9     12      7      8  -2.32949257994096     
      3      7      1      9  -3.57905000000000     
      1      9      1      9  -6.19955000000000     
      4      9      1      9  0.422000000000000     
      3     10      1      9 -0.422000000000000     
      1      7      2      9  -1.00514811595108     
      4      7      2      9   1.01465701370894     
      3      8      2      9  -5.33648750000000     
      2      9      2      9  -5.79991250000000     
      5      9      2      9  -2.49012539546020     
      1     10      2      9 -0.230730818203268     
      4     10      2      9   3.11899094836776     
      3     11      2      9  -2.91212539546020     
      3      9      3      9  -9.77860000000000     
      3      7      4      9 -0.422000000000000     
      1      9      4      9  0.422000000000000     
      4      9      4      9  -5.90115000000000     
      3     10      4      9  -3.87745000000000     
      1      7      5      9   2.91623921292476     
      4      7      5      9   1.19403275378685     
      3      8      5      9  -2.91212539546020     
      2      9      5      9  -2.49012539546020     
      5      9      5      9  -4.67007000000000     
      1     10      5      9   1.92495819458091     
      4     10      5      9  -1.42152873878793     
      3     11      5      9  -2.64637000000000     
      2      7      6      9   1.36079095193469     
      5      7      6      9   2.49012539546020     
      1      8      6      9   3.69028353187566     
      4      8      6      9  -2.91212539546020     
      6      9      6      9  -4.43915500000000     
      2     10      6      9  -2.49012539546020     
      5     10      6      9 -0.230914999999998     
      1     11      6      9   2.91212539546020     
      4     11      6      9  -1.00016500000000     
      3     12      6      9  -1.64620500000000     
      7      9      7      9  -2.62050000000000     
      9     10      7      9 -0.844000000000000     
      8      9      8      9 -0.463425000000000     
      7     10      8      9  -1.24538783191221     
      9     11      8      9 -0.422000000000000     
      1      7      1     10  0.580322535319800     
      4      7      1     10  -4.16486250000000     
      3      8      1     10   1.01465701370894     
      2      9      1     10 -0.230730818203268     
      5      9      1     10   1.92495819458091     
      1     10      1     10  -6.06633750000000     
      4     10      1     10  -1.80075026364013     
      3     11      1     10   1.19403275378685     
      2      7      2     10 -0.580322535319800     
      5      7      2     10   1.17162500000000     
      1      8      2     10 -0.580322535319800     
      4      8      2     10  -4.75067500000000     
      6      9      2     10  -2.49012539546020     
      2     10      2     10  -5.93312500000000     
      5     10      2     10   1.11137513182007     
      1     11      2     10 -0.266424999999998     
      4     11      2     10  0.689375131820066     
      3     12      2     10  -2.91212539546020     
      3      7      3     10  0.422000000000000     
      1      9      3     10 -0.422000000000000     
      4      9      3     10  -3.87745000000000     
      3     10      3     10  -5.90115000000000     
      1      7      4     10  -3.36738298920690     
      4      7      4     10  -1.80075026364013     
      3      8      4     10   3.11899094836776     
      2      9      4     10   3.11899094836776     
      5      9      4     10  -1.42152873878793     
      1     10      4     10  -1.80075026364013     
      4     10      4     10  -8.13716000000000     
      3     11      4     10  -1.42152873878793     
      2      7      5     10  0.322900542668756     
      5      7      5     10  -1.11137513182007     
      1      8      5     10  -2.00659203727221     
      4      8      5     10  0.689375131820066     
      6      9      5     10 -0.230914999999998     
      2     10      5     10   1.11137513182007     
      5     10      5     10  -6.08059500000000     
      1     11      5     10 -0.689375131820066     
      4     11      5     10  -3.28764500000000     
      3     12      5     10  -1.00016500000000     
      6      7      6     10   2.49012539546020     
      2      8      6     10   2.91623921292476     
      5      8      6     10  -1.92495819458091     
      6     10      6     10  -4.67007000000000     
      2     11      6     10  -1.19403275378685     
      5     11      6     10  -1.42152873878793     
      1     12      6     10   2.91212539546020     
      4     12      6     10  -2.64637000000000     
      8      9      7     10  -1.24538783191221     
      7     10      7     10  -1.90147500000000     
      9     11      7     10 -0.730925440794066     
      7      8      8     10  0.000000000000000E+000
      8     10      8     10  -1.18245000000000     
      7     11      8     10  -1.43805000000000     
     10     11      8     10 -0.422000000000000     
      9     12      8     10 -0.422000000000000     
      7      9      9     10 -0.844000000000000     
      9     10      9     10  -2.02370000000000     
      2      7      1     11  0.580322535319800     
      5      7      1     11  -4.75067500000000     
      1      8      1     11  0.580322535319800     
      4      8      1     11   1.17162500000000     
      6      9      1     11   2.91212539546020     
      2     10      1     11 -0.266424999999998     
      5     10      1     11 -0.689375131820066     
      1     11      1     11  -5.93312500000000     
      4     11      1     11  -1.11137513182007     
      3     12      1     11   2.49012539546020     
      6      7      2     11   1.01465701370894     
      2      8      2     11 -0.580322535319800     
      5      8      2     11  -4.16486250000000     
      6     10      2     11  -1.19403275378685     
      2     11      2     11  -6.06633750000000     
      5     11      2     11   1.80075026364013     
      1     12      2     11 -0.230730818203268     
      4     12      2     11  -1.92495819458091     
      1      7      3     11   2.91623921292476     
      4      7      3     11   1.92495819458091     
      3      8      3     11  -2.49012539546020     
      2      9      3     11  -2.91212539546020     
      5      9      3     11  -2.64637000000000     
      1     10      3     11   1.19403275378685     
      4     10      3     11  -1.42152873878793     
      3     11      3     11  -4.67007000000000     
      2      7      4     11  -2.00659203727221     
      5      7      4     11 -0.689375131820066     
      1      8      4     11  0.322900542668756     
      4      8      4     11   1.11137513182007     
      6      9      4     11  -1.00016500000000     
      2     10      4     11  0.689375131820066     
      5     10      4     11  -3.28764500000000     
      1     11      4     11  -1.11137513182007     
      4     11      4     11  -6.08059500000000     
      3     12      4     11 -0.230914999999998     
      6      7      5     11  -3.11899094836776     
      2      8      5     11  -3.36738298920690     
      5      8      5     11   1.80075026364013     
      6     10      5     11  -1.42152873878793     
      2     11      5     11   1.80075026364013     
      5     11      5     11  -8.13716000000000     
      1     12      5     11  -3.11899094836776     
      4     12      5     11  -1.42152873878793     
      6      8      6     11 -0.422000000000000     
      6     11      6     11  -5.90115000000000     
      2     12      6     11  0.422000000000000     
      5     12      6     11  -3.87745000000000     
      7      8      7     11  0.000000000000000E+000
      8     10      7     11  -1.43805000000000     
      7     11      7     11  -1.18245000000000     
     10     11      7     11 -0.422000000000000     
      9     12      7     11 -0.422000000000000     
      8     11      8     11  -1.90147500000000     
      7     12      8     11  -1.24538783191221     
     10     12      8     11 -0.730925440794066     
      8      9      9     11 -0.422000000000000     
      7     10      9     11 -0.730925440794066     
      9     11      9     11  -2.02370000000000     
      7      8     10     11   2.32949257994096     
      8     10     10     11 -0.422000000000000     
      7     11     10     11 -0.422000000000000     
     10     11     10     11  -2.79295000000000     
      9     12     10     11  0.769250000000000     
      6      7      1     12  -5.33648750000000     
      2      8      1     12   1.00514811595108     
      5      8      1     12   1.01465701370894     
      6     10      1     12   2.91212539546020     
      2     11      1     12 -0.230730818203268     
      5     11      1     12  -3.11899094836776     
      1     12      1     12  -5.79991250000000     
      4     12      1     12   2.49012539546020     
      6      8      2     12  -3.57905000000000     
      6     11      2     12  0.422000000000000     
      2     12      2     12  -6.19955000000000     
      5     12      2     12 -0.422000000000000     
      2      7      3     12   3.69028353187566     
      5      7      3     12   2.91212539546020     
      1      8      3     12   1.36079095193469     
      4      8      3     12  -2.49012539546020     
      6      9      3     12  -1.64620500000000     
      2     10      3     12  -2.91212539546020     
      5     10      3     12  -1.00016500000000     
      1     11      3     12   2.49012539546020     
      4     11      3     12 -0.230914999999998     
      3     12      3     12  -4.43915500000000     
      6      7      4     12   2.91212539546020     
      2      8      4     12   2.91623921292476     
      5      8      4     12  -1.19403275378685     
      6     10      4     12  -2.64637000000000     
      2     11      4     12  -1.92495819458091     
      5     11      4     12  -1.42152873878793     
      1     12      4     12   2.49012539546020     
      4     12      4     12  -4.67007000000000     
      6      8      5     12  0.422000000000000     
      6     11      5     12  -3.87745000000000     
      2     12      5     12 -0.422000000000000     
      5     12      5     12  -5.90115000000000     
      6     12      6     12  -9.77860000000000     
      8     11      7     12  -1.24538783191221     
      7     12      7     12 -0.463425000000000     
     10     12      7     12 -0.422000000000000     
      8     12      8     12  -2.62050000000000     
     11     12      8     12 -0.844000000000000     
      7      8      9     12  -2.32949257994096     
      8     10      9     12 -0.422000000000000     
      7     11      9     12 -0.422000000000000     
     10     11      9     12  0.769250000000000     
      9     12      9     12  -2.79295000000000     
      8     11     10     12 -0.730925440794066     
      7     12     10     12 -0.422000000000000     
     10     12     10     12  -2.02370000000000     
      8     12     11     12 -0.844000000000000     
     11     12     11     12  -2.02370000000000     
