      1      1      1      1           2           0   5.23209247696369     
      1      1      1      1           0           0  -11.5276500000000     
      1      1      1      2           2           0  -2.01029623190215     
      1      1      2      1           2           0  -2.01029623190215     
      1      1      2      2           4           0  -8.25172483352198     
      1      1      2      2           2           0   5.27319828015566     
      1      2      1      1           2           0   2.01029623190215     
      1      2      1      2           2           0  0.729634911916571     
      1      2      1      2           0           0  -16.9698026086874     
      1      2      2      1           4           0   11.9327488110779     
      1      2      2      1           2           0  -5.18443942912045     
      1      2      2      2           4           0   9.20894908167278     
      1      2      2      2           2           0   3.77586310280947     
      2      1      1      1           2           0   2.01029623190215     
      2      1      1      2           4           0   11.9327488110779     
      2      1      1      2           2           0  -5.18443942912045     
      2      1      2      1           2           0  0.729634911916571     
      2      1      2      1           0           0  -16.9698026086874     
      2      1      2      2           4           0   9.20894908167278     
      2      1      2      2           2           0   3.77586310280947     
      2      2      1      1           4           0  -8.25172483352198     
      2      2      1      1           2           0   5.27319828015566     
      2      2      1      2           4           0  -9.20894908167279     
      2      2      1      2           2           0  -3.77586310280947     
      2      2      2      1           4           0  -9.20894908167279     
      2      2      2      1           2           0  -3.77586310280947     
      2      2      2      2           6           0   4.35544903703109     
      2      2      2      2           4           0  -8.15390014233220     
      2      2      2      2           2           0   9.95895439361357     
      2      2      2      2           0           0  -24.7889750000000     
      1      1      1      1           2           0   5.23209247696369     
      1      1      1      1           0           0  -11.5276500000000     
      1      1      1      2           2           0  -2.01029623190215     
      1      1      2      1           2           0  -2.01029623190215     
      1      1      2      2           4           0  -8.25172483352198     
      1      1      2      2           2           0   5.27319828015566     
      1      2      1      1           2           0   2.01029623190215     
      1      2      1      2           2           0  0.729634911916571     
      1      2      1      2           0           0  -16.9698026086874     
      1      2      2      1           4           0   11.9327488110779     
      1      2      2      1           2           0  -5.18443942912045     
      1      2      2      2           4           0   9.20894908167278     
      1      2      2      2           2           0   3.77586310280947     
      2      1      1      1           2           0   2.01029623190215     
      2      1      1      2           4           0   11.9327488110779     
      2      1      1      2           2           0  -5.18443942912045     
      2      1      2      1           2           0  0.729634911916571     
      2      1      2      1           0           0  -16.9698026086874     
      2      1      2      2           4           0   9.20894908167278     
      2      1      2      2           2           0   3.77586310280947     
      2      2      1      1           4           0  -8.25172483352198     
      2      2      1      1           2           0   5.27319828015566     
      2      2      1      2           4           0  -9.20894908167279     
      2      2      1      2           2           0  -3.77586310280947     
      2      2      2      1           4           0  -9.20894908167279     
      2      2      2      1           2           0  -3.77586310280947     
      2      2      2      2           6           0   4.35544903703109     
      2      2      2      2           4           0  -8.15390014233220     
      2      2      2      2           2           0   9.95895439361357     
      2      2      2      2           0           0  -24.7889750000000     
          60           6
   1   1   3   3   0   0   0   0-11.5277   1   1
   1   1   3   3   2   0   0   0  5.2321   1   1
   1   1   3   4   2   0   0   0 -2.0103   1   1
   1   1   4   3   2   0   0   0  2.0103   1   1
   1   1   4   4   0   0   0   0-16.9698   1   1
   1   1   4   4   2   0   0   0  0.7296   1   1
   1   2   3   3   2   0   0   0 -2.0103   1   1
   1   2   3   4   2   0   0   0  5.2732   1   1
   1   2   3   4   4   0   0   0 -8.2517   1   1
   1   2   4   3   2   0   0   0 -5.1844   1   1
   1   2   4   3   4   0   0   0 11.9327   1   1
   1   2   4   4   2   0   0   0  3.7759   1   1
   1   2   4   4   4   0   0   0  9.2089   1   1
   2   1   3   3   2   0   0   0  2.0103   1   1
   2   1   3   4   2   0   0   0 -5.1844   1   1
   2   1   3   4   4   0   0   0 11.9327   1   1
   2   1   4   3   2   0   0   0  5.2732   1   1
   2   1   4   3   4   0   0   0 -8.2517   1   1
   2   1   4   4   2   0   0   0 -3.7759   1   1
   2   1   4   4   4   0   0   0 -9.2089   1   1
   2   2   3   3   0   0   0   0-16.9698   1   1
   2   2   3   3   2   0   0   0  0.7296   1   1
   2   2   3   4   2   0   0   0  3.7759   1   1
   2   2   3   4   4   0   0   0  9.2089   1   1
   2   2   4   3   2   0   0   0 -3.7759   1   1
   2   2   4   3   4   0   0   0 -9.2089   1   1
   2   2   4   4   0   0   0   0-24.7890   1   1
   2   2   4   4   2   0   0   0  9.9590   1   1
   2   2   4   4   4   0   0   0 -8.1539   1   1
   2   2   4   4   6   0   0   0  4.3554   1   1
   3   3   1   1   0   0   0   0-11.5277   1   1
   3   3   1   1   2   0   0   0  5.2321   1   1
   3   3   1   2   2   0   0   0 -2.0103   1   1
   3   3   2   1   2   0   0   0  2.0103   1   1
   3   3   2   2   0   0   0   0-16.9698   1   1
   3   3   2   2   2   0   0   0  0.7296   1   1
   3   4   1   1   2   0   0   0 -2.0103   1   1
   3   4   1   2   2   0   0   0  5.2732   1   1
   3   4   1   2   4   0   0   0 -8.2517   1   1
   3   4   2   1   2   0   0   0 -5.1844   1   1
   3   4   2   1   4   0   0   0 11.9327   1   1
   3   4   2   2   2   0   0   0  3.7759   1   1
   3   4   2   2   4   0   0   0  9.2089   1   1
   4   3   1   1   2   0   0   0  2.0103   1   1
   4   3   1   2   2   0   0   0 -5.1844   1   1
   4   3   1   2   4   0   0   0 11.9327   1   1
   4   3   2   1   2   0   0   0  5.2732   1   1
   4   3   2   1   4   0   0   0 -8.2517   1   1
   4   3   2   2   2   0   0   0 -3.7759   1   1
   4   3   2   2   4   0   0   0 -9.2089   1   1
   4   4   1   1   0   0   0   0-16.9698   1   1
   4   4   1   1   2   0   0   0  0.7296   1   1
   4   4   1   2   2   0   0   0  3.7759   1   1
   4   4   1   2   4   0   0   0  9.2089   1   1
   4   4   2   1   2   0   0   0 -3.7759   1   1
   4   4   2   1   4   0   0   0 -9.2089   1   1
   4   4   2   2   0   0   0   0-24.7890   1   1
   4   4   2   2   2   0   0   0  9.9590   1   1
   4   4   2   2   4   0   0   0 -8.1539   1   1
   4   4   2   2   6   0   0   0  4.3554   1   1
