 ! Total Interaction
  20
   1   1   1   1     1     0  -7.2742
   1   2   1   1     1     0  -1.6414
   2   2   1   1     1     0   5.3243
   1   1   1   2     1     0  -1.6414
   1   2   1   2     1     0 -11.5890
   2   2   1   2     1     0  -8.0532
   1   1   2   2     1     0   5.3243
   1   2   2   2     1     0  -8.0532
   2   2   2   2     1     0  -5.6750
   1   2   1   2     2     0  -9.7786
   2   2   2   2     3     0  -9.7786
   1   1   1   1     0     1  -1.2327
   2   2   1   1     0     1  -3.2944
   1   1   2   2     0     1  -3.2944
   2   2   2   2     0     1  -3.5622
   1   2   1   2     1     1   0.2556
   1   2   1   2     2     1  -2.6205
   2   2   1   2     2     1   0.8440
   1   2   2   2     2     1   0.8440
   2   2   2   2     2     1  -2.0237
