      1      2      1      2  -1.26900000000000     
      2      4      1      2  0.000000000000000E+000
      1      5      1      2  0.000000000000000E+000
      4      5      1      2   2.03809387541399     
      3      6      1      2  -2.03809387541399     
      1      3      1      3  -2.28490000000000     
      3      4      1      3 -0.778400000000000     
      2      3      2      3 -0.482725000000000     
      1      4      2      3  -1.04048622137681     
      3      5      2      3 -0.389200000000000     
      2      3      1      4  -1.04048622137681     
      1      4      1      4  -1.68417500000000     
      3      5      1      4 -0.674114174305807     
      1      2      2      4  0.000000000000000E+000
      2      4      2      4  -1.08345000000000     
      1      5      2      4  -1.20145000000000     
      4      5      2      4 -0.389200000000000     
      3      6      2      4 -0.389200000000000     
      1      3      3      4 -0.778400000000000     
      3      4      3      4  -1.73450000000000     
      1      2      1      5  0.000000000000000E+000
      2      4      1      5  -1.20145000000000     
      1      5      1      5  -1.08345000000000     
      4      5      1      5 -0.389200000000000     
      3      6      1      5 -0.389200000000000     
      2      5      2      5  -1.68417500000000     
      1      6      2      5  -1.04048622137681     
      4      6      2      5 -0.674114174305807     
      2      3      3      5 -0.389200000000000     
      1      4      3      5 -0.674114174305807     
      3      5      3      5  -1.73450000000000     
      1      2      4      5   2.03809387541399     
      2      4      4      5 -0.389200000000000     
      1      5      4      5 -0.389200000000000     
      4      5      4      5  -2.52085000000000     
      3      6      4      5  0.786350000000000     
      2      5      1      6  -1.04048622137681     
      1      6      1      6 -0.482725000000000     
      4      6      1      6 -0.389200000000000     
      2      6      2      6  -2.28490000000000     
      5      6      2      6 -0.778400000000000     
      1      2      3      6  -2.03809387541399     
      2      4      3      6 -0.389200000000000     
      1      5      3      6 -0.389200000000000     
      4      5      3      6  0.786350000000000     
      3      6      3      6  -2.52085000000000     
      2      5      4      6 -0.674114174305807     
      1      6      4      6 -0.389200000000000     
      4      6      4      6  -1.73450000000000     
      2      6      5      6 -0.778400000000000     
      5      6      5      6  -1.73450000000000     
      1      7      1      7  -6.74100000000000     
      4      7      1      7  0.524107546215469     
      3      8      1      7 -0.907780898675446     
      2      9      1      7 -0.907780898675446     
      5      9      1      7   2.85418224715942     
      1     10      1      7  0.524107546215469     
      4     10      1      7  -3.29572577742749     
      3     11      1      7   2.85418224715942     
      2      7      2      7  -4.00500000000000     
      5      7      2      7  0.524107546215469     
      1      8      2      7  -2.73600000000000     
      4      8      2      7 -0.524107546215469     
      6      9      2      7   1.45274739536362     
      2     10      2      7 -0.524107546215469     
      5     10      2      7  0.195115493350121     
      1     11      2      7  0.524107546215469     
      4     11      2      7  -1.84297838206386     
      3     12      2      7   3.49084127077761     
      3      7      3      7  -5.70750000000000     
      1      9      3      7  -3.42260000000000     
      4      9      3      7 -0.389200000000000     
      3     10      3      7  0.389200000000000     
      1      7      4      7  0.524107546215469     
      4      7      4      7  -5.67517500000000     
      3      8      4      7 -5.598854235466294E-002
      2      9      4      7  0.984497679022152     
      5      9      4      7   1.22726025129700     
      1     10      4      7  -3.99100000000000     
      4     10      4      7  -1.80631807290411     
      3     11      4      7   1.90137442560281     
      2      7      5      7  0.524107546215469     
      5      7      5      7  -5.64285000000000     
      1      8      5      7  0.524107546215469     
      4      8      5      7 -6.464999999999821E-002
      6      9      5      7   2.51487710935616     
      2     10      5      7   1.13680000000000     
      5     10      5      7  -1.09775903645205     
      1     11      5      7  -4.55940000000000     
      4     11      5      7 -0.708559036452053     
      3     12      5      7   2.90407710935616     
      6      7      6      7  -5.61052500000000     
      2      8      6      7  0.907780898675446     
      5      8      6      7 -5.598854235466338E-002
      6     10      6      7   2.51487710935616     
      2     11      6      7  0.984497679022151     
      5     11      6      7  -3.12863467689982     
      1     12      6      7  -5.12780000000000     
      4     12      6      7   2.90407710935616     
      2      7      1      8  -2.73600000000000     
      5      7      1      8  0.524107546215469     
      1      8      1      8  -4.00500000000000     
      4      8      1      8 -0.524107546215469     
      6      9      1      8   3.49084127077761     
      2     10      1      8 -0.524107546215469     
      5     10      1      8  -1.84297838206386     
      1     11      1      8  0.524107546215469     
      4     11      1      8  0.195115493350121     
      3     12      1      8   1.45274739536362     
      6      7      2      8  0.907780898675446     
      2      8      2      8  -6.74100000000000     
      5      8      2      8 -0.524107546215469     
      6     10      2      8   2.85418224715942     
      2     11      2      8 -0.524107546215469     
      5     11      2      8  -3.29572577742749     
      1     12      2      8  0.907780898675446     
      4     12      2      8   2.85418224715942     
      1      7      3      8 -0.907780898675446     
      4      7      3      8 -5.598854235466338E-002
      3      8      3      8  -5.61052500000000     
      2      9      3      8  -5.12780000000000     
      5      9      3      8  -2.90407710935616     
      1     10      3      8  0.984497679022151     
      4     10      3      8   3.12863467689982     
      3     11      3      8  -2.51487710935616     
      2      7      4      8 -0.524107546215469     
      5      7      4      8 -6.464999999999821E-002
      1      8      4      8 -0.524107546215469     
      4      8      4      8  -5.64285000000000     
      6      9      4      8  -2.90407710935616     
      2     10      4      8  -4.55940000000000     
      5     10      4      8  0.708559036452053     
      1     11      4      8   1.13680000000000     
      4     11      4      8   1.09775903645205     
      3     12      4      8  -2.51487710935616     
      6      7      5      8 -5.598854235466294E-002
      2      8      5      8 -0.524107546215469     
      5      8      5      8  -5.67517500000000     
      6     10      5      8  -1.90137442560281     
      2     11      5      8  -3.99100000000000     
      5     11      5      8   1.80631807290411     
      1     12      5      8  0.984497679022152     
      4     12      5      8  -1.22726025129700     
      6      8      6      8  -5.70750000000000     
      6     11      6      8 -0.389200000000000     
      2     12      6      8  -3.42260000000000     
      5     12      6      8  0.389200000000000     
      7      8      7      8  -1.26900000000000     
      8     10      7      8  0.000000000000000E+000
      7     11      7      8  0.000000000000000E+000
     10     11      7      8   2.03809387541399     
      9     12      7      8  -2.03809387541399     
      3      7      1      9  -3.42260000000000     
      1      9      1      9  -5.70750000000000     
      4      9      1      9  0.389200000000000     
      3     10      1      9 -0.389200000000000     
      1      7      2      9 -0.907780898675446     
      4      7      2      9  0.984497679022151     
      3      8      2      9  -5.12780000000000     
      2      9      2      9  -5.61052500000000     
      5      9      2      9  -2.51487710935616     
      1     10      2      9 -5.598854235466338E-002
      4     10      2      9   3.12863467689982     
      3     11      2      9  -2.90407710935616     
      3      9      3      9  -9.13010000000000     
      3      7      4      9 -0.389200000000000     
      1      9      4      9  0.389200000000000     
      4      9      4      9  -5.43230000000000     
      3     10      4      9  -3.69780000000000     
      1      7      5      9   2.85418224715942     
      4      7      5      9   1.22726025129700     
      3      8      5      9  -2.90407710935616     
      2      9      5      9  -2.51487710935616     
      5      9      5      9  -4.32053000000000     
      1     10      5      9   1.90137442560281     
      4     10      5      9  -1.28376141755390     
      3     11      5      9  -2.58603000000000     
      2      7      6      9   1.45274739536362     
      5      7      6      9   2.51487710935616     
      1      8      6      9   3.49084127077761     
      4      8      6      9  -2.90407710935616     
      6      9      6      9  -4.15782000000000     
      2     10      6      9  -2.51487710935616     
      5     10      6      9 -0.162709999999998     
      1     11      6      9   2.90407710935616     
      4     11      6      9 -0.949059999999998     
      3     12      6      9  -1.63697000000000     
      7      9      7      9  -2.28490000000000     
      9     10      7      9 -0.778400000000000     
      8      9      8      9 -0.482725000000000     
      7     10      8      9  -1.04048622137681     
      9     11      8      9 -0.389200000000000     
      1      7      1     10  0.524107546215469     
      4      7      1     10  -3.99100000000000     
      3      8      1     10  0.984497679022152     
      2      9      1     10 -5.598854235466294E-002
      5      9      1     10   1.90137442560281     
      1     10      1     10  -5.67517500000000     
      4     10      1     10  -1.80631807290411     
      3     11      1     10   1.22726025129700     
      2      7      2     10 -0.524107546215469     
      5      7      2     10   1.13680000000000     
      1      8      2     10 -0.524107546215469     
      4      8      2     10  -4.55940000000000     
      6      9      2     10  -2.51487710935616     
      2     10      2     10  -5.64285000000000     
      5     10      2     10   1.09775903645205     
      1     11      2     10 -6.464999999999821E-002
      4     11      2     10  0.708559036452053     
      3     12      2     10  -2.90407710935616     
      3      7      3     10  0.389200000000000     
      1      9      3     10 -0.389200000000000     
      4      9      3     10  -3.69780000000000     
      3     10      3     10  -5.43229999999999     
      1      7      4     10  -3.29572577742749     
      4      7      4     10  -1.80631807290411     
      3      8      4     10   3.12863467689982     
      2      9      4     10   3.12863467689982     
      5      9      4     10  -1.28376141755390     
      1     10      4     10  -1.80631807290411     
      4     10      4     10  -7.64774000000000     
      3     11      4     10  -1.28376141755390     
      2      7      5     10  0.195115493350121     
      5      7      5     10  -1.09775903645205     
      1      8      5     10  -1.84297838206386     
      4      8      5     10  0.708559036452053     
      6      9      5     10 -0.162709999999998     
      2     10      5     10   1.09775903645205     
      5     10      5     10  -5.64018000000000     
      1     11      5     10 -0.708559036452053     
      4     11      5     10  -3.11933000000000     
      3     12      5     10 -0.949059999999998     
      6      7      6     10   2.51487710935616     
      2      8      6     10   2.85418224715942     
      5      8      6     10  -1.90137442560281     
      6     10      6     10  -4.32053000000000     
      2     11      6     10  -1.22726025129700     
      5     11      6     10  -1.28376141755390     
      1     12      6     10   2.90407710935616     
      4     12      6     10  -2.58603000000000     
      8      9      7     10  -1.04048622137681     
      7     10      7     10  -1.68417500000000     
      9     11      7     10 -0.674114174305807     
      7      8      8     10  0.000000000000000E+000
      8     10      8     10  -1.08345000000000     
      7     11      8     10  -1.20145000000000     
     10     11      8     10 -0.389200000000000     
      9     12      8     10 -0.389200000000000     
      7      9      9     10 -0.778400000000000     
      9     10      9     10  -1.73450000000000     
      2      7      1     11  0.524107546215469     
      5      7      1     11  -4.55940000000000     
      1      8      1     11  0.524107546215469     
      4      8      1     11   1.13680000000000     
      6      9      1     11   2.90407710935616     
      2     10      1     11 -6.464999999999821E-002
      5     10      1     11 -0.708559036452053     
      1     11      1     11  -5.64285000000000     
      4     11      1     11  -1.09775903645205     
      3     12      1     11   2.51487710935616     
      6      7      2     11  0.984497679022152     
      2      8      2     11 -0.524107546215469     
      5      8      2     11  -3.99100000000000     
      6     10      2     11  -1.22726025129700     
      2     11      2     11  -5.67517500000000     
      5     11      2     11   1.80631807290411     
      1     12      2     11 -5.598854235466294E-002
      4     12      2     11  -1.90137442560281     
      1      7      3     11   2.85418224715942     
      4      7      3     11   1.90137442560281     
      3      8      3     11  -2.51487710935616     
      2      9      3     11  -2.90407710935616     
      5      9      3     11  -2.58603000000000     
      1     10      3     11   1.22726025129700     
      4     10      3     11  -1.28376141755390     
      3     11      3     11  -4.32053000000000     
      2      7      4     11  -1.84297838206386     
      5      7      4     11 -0.708559036452053     
      1      8      4     11  0.195115493350121     
      4      8      4     11   1.09775903645205     
      6      9      4     11 -0.949059999999998     
      2     10      4     11  0.708559036452053     
      5     10      4     11  -3.11933000000000     
      1     11      4     11  -1.09775903645205     
      4     11      4     11  -5.64018000000000     
      3     12      4     11 -0.162709999999998     
      6      7      5     11  -3.12863467689982     
      2      8      5     11  -3.29572577742749     
      5      8      5     11   1.80631807290411     
      6     10      5     11  -1.28376141755390     
      2     11      5     11   1.80631807290411     
      5     11      5     11  -7.64774000000000     
      1     12      5     11  -3.12863467689982     
      4     12      5     11  -1.28376141755390     
      6      8      6     11 -0.389200000000000     
      6     11      6     11  -5.43230000000000     
      2     12      6     11  0.389200000000000     
      5     12      6     11  -3.69780000000000     
      7      8      7     11  0.000000000000000E+000
      8     10      7     11  -1.20145000000000     
      7     11      7     11  -1.08345000000000     
     10     11      7     11 -0.389200000000000     
      9     12      7     11 -0.389200000000000     
      8     11      8     11  -1.68417500000000     
      7     12      8     11  -1.04048622137681     
     10     12      8     11 -0.674114174305807     
      8      9      9     11 -0.389200000000000     
      7     10      9     11 -0.674114174305807     
      9     11      9     11  -1.73450000000000     
      7      8     10     11   2.03809387541399     
      8     10     10     11 -0.389200000000000     
      7     11     10     11 -0.389200000000000     
     10     11     10     11  -2.52085000000000     
      9     12     10     11  0.786350000000000     
      6      7      1     12  -5.12780000000000     
      2      8      1     12  0.907780898675446     
      5      8      1     12  0.984497679022151     
      6     10      1     12   2.90407710935616     
      2     11      1     12 -5.598854235466338E-002
      5     11      1     12  -3.12863467689982     
      1     12      1     12  -5.61052500000000     
      4     12      1     12   2.51487710935616     
      6      8      2     12  -3.42260000000000     
      6     11      2     12  0.389200000000000     
      2     12      2     12  -5.70750000000000     
      5     12      2     12 -0.389200000000000     
      2      7      3     12   3.49084127077761     
      5      7      3     12   2.90407710935616     
      1      8      3     12   1.45274739536362     
      4      8      3     12  -2.51487710935616     
      6      9      3     12  -1.63697000000000     
      2     10      3     12  -2.90407710935616     
      5     10      3     12 -0.949059999999998     
      1     11      3     12   2.51487710935616     
      4     11      3     12 -0.162709999999998     
      3     12      3     12  -4.15782000000000     
      6      7      4     12   2.90407710935616     
      2      8      4     12   2.85418224715942     
      5      8      4     12  -1.22726025129700     
      6     10      4     12  -2.58603000000000     
      2     11      4     12  -1.90137442560281     
      5     11      4     12  -1.28376141755390     
      1     12      4     12   2.51487710935616     
      4     12      4     12  -4.32053000000000     
      6      8      5     12  0.389200000000000     
      6     11      5     12  -3.69780000000000     
      2     12      5     12 -0.389200000000000     
      5     12      5     12  -5.43229999999999     
      6     12      6     12  -9.13010000000000     
      8     11      7     12  -1.04048622137681     
      7     12      7     12 -0.482725000000000     
     10     12      7     12 -0.389200000000000     
      8     12      8     12  -2.28490000000000     
     11     12      8     12 -0.778400000000000     
      7      8      9     12  -2.03809387541399     
      8     10      9     12 -0.389200000000000     
      7     11      9     12 -0.389200000000000     
     10     11      9     12  0.786350000000000     
      9     12      9     12  -2.52085000000000     
      8     11     10     12 -0.674114174305807     
      7     12     10     12 -0.389200000000000     
     10     12     10     12  -1.73450000000000     
      8     12     11     12 -0.778400000000000     
     11     12     11     12  -1.73450000000000     
