 ! Total Interaction
  20
   1   1   1   1     1     0  -6.7410
   1   2   1   1     1     0  -1.4824
   2   2   1   1     1     0   5.2110
   1   1   1   2     1     0  -1.4824
   1   2   1   2     1     0 -11.2744
   2   2   1   2     1     0  -8.0781
   1   1   2   2     1     0   5.2110
   1   2   2   2     1     0  -8.0781
   2   2   2   2     1     0  -5.4242
   1   2   1   2     2     0  -9.1301
   2   2   2   2     3     0  -9.1301
   1   1   1   1     0     1  -1.2690
   2   2   1   1     0     1  -2.8823
   1   1   2   2     0     1  -2.8823
   2   2   2   2     0     1  -3.3072
   1   2   1   2     1     1   0.1180
   1   2   1   2     2     1  -2.2849
   2   2   1   2     2     1   0.7784
   1   2   2   2     2     1   0.7784
   2   2   2   2     2     1  -1.7345
