      1      1      1      1           2           0   4.73889100950845     
      1      1      1      1           0           0  -10.7460000000000     
      1      1      1      2           2           0  -1.81556179735089     
      1      1      2      1           2           0  -1.81556179735089     
      1      1      2      2           4           0  -7.80575838012048     
      1      1      2      2           2           0   5.37041454649256     
      1      2      1      1           2           0   1.81556179735089     
      1      2      1      2           2           0  0.177051316713547     
      1      2      1      2           0           0  -16.0061044542778     
      1      2      2      1           4           0   11.4661093750234     
      1      2      2      1           2           0  -4.94361941496309     
      1      2      2      2           4           0   9.18349816632334     
      1      2      2      2           2           0   3.88093767588914     
      2      1      1      1           2           0   1.81556179735089     
      2      1      1      2           4           0   11.4661093750234     
      2      1      1      2           2           0  -4.94361941496309     
      2      1      2      1           2           0  0.177051316713547     
      2      1      2      1           0           0  -16.0061044542778     
      2      1      2      2           4           0   9.18349816632334     
      2      1      2      2           2           0   3.88093767588914     
      2      2      1      1           4           0  -7.80575838012048     
      2      2      1      1           2           0   5.37041454649257     
      2      2      1      2           4           0  -9.18349816632334     
      2      2      1      2           2           0  -3.88093767588914     
      2      2      2      1           4           0  -9.18349816632334     
      2      2      2      1           2           0  -3.88093767588914     
      2      2      2      2           6           0   4.33101552367341     
      2      2      2      2           4           0  -7.90470154657973     
      2      2      2      2           2           0   9.25412229823552     
      2      2      2      2           0           0  -23.0407500000000     
      1      1      1      1           2           0   4.73889100950845     
      1      1      1      1           0           0  -10.7460000000000     
      1      1      1      2           2           0  -1.81556179735089     
      1      1      2      1           2           0  -1.81556179735089     
      1      1      2      2           4           0  -7.80575838012048     
      1      1      2      2           2           0   5.37041454649256     
      1      2      1      1           2           0   1.81556179735089     
      1      2      1      2           2           0  0.177051316713547     
      1      2      1      2           0           0  -16.0061044542778     
      1      2      2      1           4           0   11.4661093750234     
      1      2      2      1           2           0  -4.94361941496309     
      1      2      2      2           4           0   9.18349816632334     
      1      2      2      2           2           0   3.88093767588914     
      2      1      1      1           2           0   1.81556179735089     
      2      1      1      2           4           0   11.4661093750234     
      2      1      1      2           2           0  -4.94361941496309     
      2      1      2      1           2           0  0.177051316713547     
      2      1      2      1           0           0  -16.0061044542778     
      2      1      2      2           4           0   9.18349816632334     
      2      1      2      2           2           0   3.88093767588914     
      2      2      1      1           4           0  -7.80575838012048     
      2      2      1      1           2           0   5.37041454649257     
      2      2      1      2           4           0  -9.18349816632334     
      2      2      1      2           2           0  -3.88093767588914     
      2      2      2      1           4           0  -9.18349816632334     
      2      2      2      1           2           0  -3.88093767588914     
      2      2      2      2           6           0   4.33101552367341     
      2      2      2      2           4           0  -7.90470154657973     
      2      2      2      2           2           0   9.25412229823552     
      2      2      2      2           0           0  -23.0407500000000     
          60           6
   1   1   3   3   0   0   0   0-10.7460   1   1
   1   1   3   3   2   0   0   0  4.7389   1   1
   1   1   3   4   2   0   0   0 -1.8156   1   1
   1   1   4   3   2   0   0   0  1.8156   1   1
   1   1   4   4   0   0   0   0-16.0061   1   1
   1   1   4   4   2   0   0   0  0.1771   1   1
   1   2   3   3   2   0   0   0 -1.8156   1   1
   1   2   3   4   2   0   0   0  5.3704   1   1
   1   2   3   4   4   0   0   0 -7.8058   1   1
   1   2   4   3   2   0   0   0 -4.9436   1   1
   1   2   4   3   4   0   0   0 11.4661   1   1
   1   2   4   4   2   0   0   0  3.8809   1   1
   1   2   4   4   4   0   0   0  9.1835   1   1
   2   1   3   3   2   0   0   0  1.8156   1   1
   2   1   3   4   2   0   0   0 -4.9436   1   1
   2   1   3   4   4   0   0   0 11.4661   1   1
   2   1   4   3   2   0   0   0  5.3704   1   1
   2   1   4   3   4   0   0   0 -7.8058   1   1
   2   1   4   4   2   0   0   0 -3.8809   1   1
   2   1   4   4   4   0   0   0 -9.1835   1   1
   2   2   3   3   0   0   0   0-16.0061   1   1
   2   2   3   3   2   0   0   0  0.1771   1   1
   2   2   3   4   2   0   0   0  3.8809   1   1
   2   2   3   4   4   0   0   0  9.1835   1   1
   2   2   4   3   2   0   0   0 -3.8809   1   1
   2   2   4   3   4   0   0   0 -9.1835   1   1
   2   2   4   4   0   0   0   0-23.0408   1   1
   2   2   4   4   2   0   0   0  9.2541   1   1
   2   2   4   4   4   0   0   0 -7.9047   1   1
   2   2   4   4   6   0   0   0  4.3310   1   1
   3   3   1   1   0   0   0   0-10.7460   1   1
   3   3   1   1   2   0   0   0  4.7389   1   1
   3   3   1   2   2   0   0   0 -1.8156   1   1
   3   3   2   1   2   0   0   0  1.8156   1   1
   3   3   2   2   0   0   0   0-16.0061   1   1
   3   3   2   2   2   0   0   0  0.1771   1   1
   3   4   1   1   2   0   0   0 -1.8156   1   1
   3   4   1   2   2   0   0   0  5.3704   1   1
   3   4   1   2   4   0   0   0 -7.8058   1   1
   3   4   2   1   2   0   0   0 -4.9436   1   1
   3   4   2   1   4   0   0   0 11.4661   1   1
   3   4   2   2   2   0   0   0  3.8809   1   1
   3   4   2   2   4   0   0   0  9.1835   1   1
   4   3   1   1   2   0   0   0  1.8156   1   1
   4   3   1   2   2   0   0   0 -4.9436   1   1
   4   3   1   2   4   0   0   0 11.4661   1   1
   4   3   2   1   2   0   0   0  5.3704   1   1
   4   3   2   1   4   0   0   0 -7.8058   1   1
   4   3   2   2   2   0   0   0 -3.8809   1   1
   4   3   2   2   4   0   0   0 -9.1835   1   1
   4   4   1   1   0   0   0   0-16.0061   1   1
   4   4   1   1   2   0   0   0  0.1771   1   1
   4   4   1   2   2   0   0   0  3.8809   1   1
   4   4   1   2   4   0   0   0  9.1835   1   1
   4   4   2   1   2   0   0   0 -3.8809   1   1
   4   4   2   1   4   0   0   0 -9.1835   1   1
   4   4   2   2   0   0   0   0-23.0408   1   1
   4   4   2   2   2   0   0   0  9.2541   1   1
   4   4   2   2   4   0   0   0 -7.9047   1   1
   4   4   2   2   6   0   0   0  4.3310   1   1
