      1      2      1      2  -1.32250000000000     
      2      4      1      2  0.000000000000000E+000
      1      5      1      2  0.000000000000000E+000
      4      5      1      2   2.23410387515890     
      3      6      1      2  -2.23410387515890     
      1      3      1      3  -2.53650000000000     
      3      4      1      3  -1.30880000000000     
      2      3      2      3 -0.349725000000000     
      1      4      2      3  -1.26253513490714     
      3      5      2      3 -0.654400000000000     
      2      3      1      4  -1.26253513490714     
      1      4      1      4  -1.80757500000000     
      3      5      1      4  -1.13345404847307     
      1      2      2      4  0.000000000000000E+000
      2      4      2      4  -1.07865000000000     
      1      5      2      4  -1.45785000000000     
      4      5      2      4 -0.654400000000000     
      3      6      2      4 -0.654400000000000     
      1      3      3      4  -1.30880000000000     
      3      4      3      4  -1.61100000000000     
      1      2      1      5  0.000000000000000E+000
      2      4      1      5  -1.45785000000000     
      1      5      1      5  -1.07865000000000     
      4      5      1      5 -0.654400000000000     
      3      6      1      5 -0.654400000000000     
      2      5      2      5  -1.80757500000000     
      1      6      2      5  -1.26253513490714     
      4      6      2      5  -1.13345404847307     
      2      3      3      5 -0.654400000000000     
      1      4      3      5  -1.13345404847307     
      3      5      3      5  -1.61100000000000     
      1      2      4      5   2.23410387515890     
      2      4      4      5 -0.654400000000000     
      1      5      4      5 -0.654400000000000     
      4      5      4      5  -2.58380000000000     
      3      6      4      5  0.972800000000000     
      2      5      1      6  -1.26253513490714     
      1      6      1      6 -0.349725000000000     
      4      6      1      6 -0.654400000000000     
      2      6      2      6  -2.53650000000000     
      5      6      2      6  -1.30880000000000     
      1      2      3      6  -2.23410387515890     
      2      4      3      6 -0.654400000000000     
      1      5      3      6 -0.654400000000000     
      4      5      3      6  0.972800000000000     
      3      6      3      6  -2.58380000000000     
      2      5      4      6  -1.13345404847307     
      1      6      4      6 -0.654400000000000     
      4      6      4      6  -1.61100000000000     
      2      6      5      6  -1.30880000000000     
      5      6      5      6  -1.61100000000000     
      1      7      1      7  -6.41710000000000     
      4      7      1      7  0.134951329189453     
      3      8      1      7 -0.233742558705085     
      2      9      1      7 -0.233742558705085     
      5      9      1      7   1.86110647814680     
      1     10      1      7  0.134951329189453     
      4     10      1      7  -2.14902065229723     
      3     11      1      7   1.86110647814680     
      2      7      2      7  -3.86980000000000     
      5      7      2      7  0.134951329189453     
      1      8      2      7  -2.54730000000000     
      4      8      2      7 -0.134951329189453     
      6      9      2      7  0.494713551643472     
      2     10      2      7 -0.134951329189453     
      5     10      2      7  0.579796774505142     
      1     11      2      7  0.134951329189453     
      4     11      2      7  -1.65430710065376     
      3     12      2      7   2.72881742680237     
      3      7      3      7  -5.10950000000000     
      1      9      3      7  -2.57300000000000     
      4      9      3      7 -0.654400000000000     
      3     10      3      7  0.654400000000000     
      1      7      4      7  0.134951329189453     
      4      7      4      7  -5.13915000000000     
      3      8      4      7  5.135530644441832E-002
      2      9      4      7   1.31389044135156     
      5      9      4      7  0.632387349582742     
      1     10      4      7  -3.33157500000000     
      4     10      4      7  -1.38461801302742     
      3     11      4      7   1.76584139805582     
      2      7      5      7  0.134951329189453     
      5      7      5      7  -5.16880000000000     
      1      8      5      7  0.134951329189453     
      4      8      5      7  5.930000000000146E-002
      6      9      5      7   1.74972701954113     
      2     10      5      7   1.51715000000000     
      5     10      5      7  -1.01950900651371     
      1     11      5      7  -4.09015000000000     
      4     11      5      7 -0.365109006513710     
      3     12      5      7   2.40412701954113     
      6      7      6      7  -5.19845000000000     
      2      8      6      7  0.233742558705085     
      5      8      6      7  5.135530644441788E-002
      6     10      6      7   1.74972701954113     
      2     11      6      7   1.31389044135156     
      5     11      6      7  -2.39822874763856     
      1     12      6      7  -4.84872500000000     
      4     12      6      7   2.40412701954113     
      2      7      1      8  -2.54730000000000     
      5      7      1      8  0.134951329189453     
      1      8      1      8  -3.86980000000000     
      4      8      1      8 -0.134951329189453     
      6      9      1      8   2.72881742680237     
      2     10      1      8 -0.134951329189453     
      5     10      1      8  -1.65430710065376     
      1     11      1      8  0.134951329189453     
      4     11      1      8  0.579796774505142     
      3     12      1      8  0.494713551643472     
      6      7      2      8  0.233742558705085     
      2      8      2      8  -6.41710000000000     
      5      8      2      8 -0.134951329189453     
      6     10      2      8   1.86110647814680     
      2     11      2      8 -0.134951329189453     
      5     11      2      8  -2.14902065229723     
      1     12      2      8  0.233742558705085     
      4     12      2      8   1.86110647814680     
      1      7      3      8 -0.233742558705085     
      4      7      3      8  5.135530644441788E-002
      3      8      3      8  -5.19845000000000     
      2      9      3      8  -4.84872500000000     
      5      9      3      8  -2.40412701954113     
      1     10      3      8   1.31389044135156     
      4     10      3      8   2.39822874763856     
      3     11      3      8  -1.74972701954113     
      2      7      4      8 -0.134951329189453     
      5      7      4      8  5.930000000000146E-002
      1      8      4      8 -0.134951329189453     
      4      8      4      8  -5.16880000000000     
      6      9      4      8  -2.40412701954113     
      2     10      4      8  -4.09015000000000     
      5     10      4      8  0.365109006513710     
      1     11      4      8   1.51715000000000     
      4     11      4      8   1.01950900651371     
      3     12      4      8  -1.74972701954113     
      6      7      5      8  5.135530644441832E-002
      2      8      5      8 -0.134951329189453     
      5      8      5      8  -5.13915000000000     
      6     10      5      8  -1.76584139805582     
      2     11      5      8  -3.33157500000000     
      5     11      5      8   1.38461801302742     
      1     12      5      8   1.31389044135156     
      4     12      5      8 -0.632387349582742     
      6      8      6      8  -5.10950000000000     
      6     11      6      8 -0.654400000000000     
      2     12      6      8  -2.57300000000000     
      5     12      6      8  0.654400000000000     
      7      8      7      8  -1.32250000000000     
      8     10      7      8  0.000000000000000E+000
      7     11      7      8  0.000000000000000E+000
     10     11      7      8   2.23410387515890     
      9     12      7      8  -2.23410387515890     
      3      7      1      9  -2.57300000000000     
      1      9      1      9  -5.10950000000000     
      4      9      1      9  0.654400000000000     
      3     10      1      9 -0.654400000000000     
      1      7      2      9 -0.233742558705085     
      4      7      2      9   1.31389044135156     
      3      8      2      9  -4.84872500000000     
      2      9      2      9  -5.19845000000000     
      5      9      2      9  -1.74972701954113     
      1     10      2      9  5.135530644441788E-002
      4     10      2      9   2.39822874763856     
      3     11      2      9  -2.40412701954113     
      3      9      3      9  -7.68250000000000     
      3      7      4      9 -0.654400000000000     
      1      9      4      9  0.654400000000000     
      4      9      4      9  -4.64675000000000     
      3     10      4      9  -3.03575000000000     
      1      7      5      9   1.86110647814680     
      4      7      5      9  0.632387349582742     
      3      8      5      9  -2.40412701954113     
      2      9      5      9  -1.74972701954113     
      5      9      5      9  -4.36046000000000     
      1     10      5      9   1.76584139805582     
      4     10      5      9 -0.330579217132593     
      3     11      5      9  -2.74946000000000     
      2      7      6      9  0.494713551643472     
      5      7      6      9   1.74972701954113     
      1      8      6      9   2.72881742680237     
      4      8      6      9  -2.40412701954113     
      6      9      6      9  -4.70371500000000     
      2     10      6      9  -1.74972701954113     
      5     10      6      9  0.343255000000002     
      1     11      6      9   2.40412701954113     
      4     11      6      9 -0.629544999999998     
      3     12      6      9  -2.11991500000000     
      7      9      7      9  -2.53650000000000     
      9     10      7      9  -1.30880000000000     
      8      9      8      9 -0.349725000000000     
      7     10      8      9  -1.26253513490714     
      9     11      8      9 -0.654400000000000     
      1      7      1     10  0.134951329189453     
      4      7      1     10  -3.33157500000000     
      3      8      1     10   1.31389044135156     
      2      9      1     10  5.135530644441832E-002
      5      9      1     10   1.76584139805582     
      1     10      1     10  -5.13915000000000     
      4     10      1     10  -1.38461801302742     
      3     11      1     10  0.632387349582742     
      2      7      2     10 -0.134951329189453     
      5      7      2     10   1.51715000000000     
      1      8      2     10 -0.134951329189453     
      4      8      2     10  -4.09015000000000     
      6      9      2     10  -1.74972701954113     
      2     10      2     10  -5.16880000000000     
      5     10      2     10   1.01950900651371     
      1     11      2     10  5.930000000000146E-002
      4     11      2     10  0.365109006513710     
      3     12      2     10  -2.40412701954113     
      3      7      3     10  0.654400000000000     
      1      9      3     10 -0.654400000000000     
      4      9      3     10  -3.03575000000000     
      3     10      3     10  -4.64675000000000     
      1      7      4     10  -2.14902065229723     
      4      7      4     10  -1.38461801302742     
      3      8      4     10   2.39822874763856     
      2      9      4     10   2.39822874763856     
      5      9      4     10 -0.330579217132592     
      1     10      4     10  -1.38461801302742     
      4     10      4     10  -7.30078000000000     
      3     11      4     10 -0.330579217132592     
      2      7      5     10  0.579796774505142     
      5      7      5     10  -1.01950900651371     
      1      8      5     10  -1.65430710065376     
      4      8      5     10  0.365109006513710     
      6      9      5     10  0.343255000000002     
      2     10      5     10   1.01950900651371     
      5     10      5     10  -5.08543500000000     
      1     11      5     10 -0.365109006513710     
      4     11      5     10  -2.50163500000000     
      3     12      5     10 -0.629544999999998     
      6      7      6     10   1.74972701954113     
      2      8      6     10   1.86110647814680     
      5      8      6     10  -1.76584139805582     
      6     10      6     10  -4.36046000000000     
      2     11      6     10 -0.632387349582742     
      5     11      6     10 -0.330579217132593     
      1     12      6     10   2.40412701954113     
      4     12      6     10  -2.74946000000000     
      8      9      7     10  -1.26253513490714     
      7     10      7     10  -1.80757500000000     
      9     11      7     10  -1.13345404847307     
      7      8      8     10  0.000000000000000E+000
      8     10      8     10  -1.07865000000000     
      7     11      8     10  -1.45785000000000     
     10     11      8     10 -0.654400000000000     
      9     12      8     10 -0.654400000000000     
      7      9      9     10  -1.30880000000000     
      9     10      9     10  -1.61100000000000     
      2      7      1     11  0.134951329189453     
      5      7      1     11  -4.09015000000000     
      1      8      1     11  0.134951329189453     
      4      8      1     11   1.51715000000000     
      6      9      1     11   2.40412701954113     
      2     10      1     11  5.930000000000146E-002
      5     10      1     11 -0.365109006513710     
      1     11      1     11  -5.16880000000000     
      4     11      1     11  -1.01950900651371     
      3     12      1     11   1.74972701954113     
      6      7      2     11   1.31389044135156     
      2      8      2     11 -0.134951329189453     
      5      8      2     11  -3.33157500000000     
      6     10      2     11 -0.632387349582742     
      2     11      2     11  -5.13915000000000     
      5     11      2     11   1.38461801302742     
      1     12      2     11  5.135530644441832E-002
      4     12      2     11  -1.76584139805582     
      1      7      3     11   1.86110647814680     
      4      7      3     11   1.76584139805582     
      3      8      3     11  -1.74972701954113     
      2      9      3     11  -2.40412701954113     
      5      9      3     11  -2.74946000000000     
      1     10      3     11  0.632387349582742     
      4     10      3     11 -0.330579217132593     
      3     11      3     11  -4.36046000000000     
      2      7      4     11  -1.65430710065376     
      5      7      4     11 -0.365109006513710     
      1      8      4     11  0.579796774505142     
      4      8      4     11   1.01950900651371     
      6      9      4     11 -0.629544999999998     
      2     10      4     11  0.365109006513710     
      5     10      4     11  -2.50163500000000     
      1     11      4     11  -1.01950900651371     
      4     11      4     11  -5.08543500000000     
      3     12      4     11  0.343255000000002     
      6      7      5     11  -2.39822874763856     
      2      8      5     11  -2.14902065229723     
      5      8      5     11   1.38461801302742     
      6     10      5     11 -0.330579217132592     
      2     11      5     11   1.38461801302742     
      5     11      5     11  -7.30078000000000     
      1     12      5     11  -2.39822874763856     
      4     12      5     11 -0.330579217132592     
      6      8      6     11 -0.654400000000000     
      6     11      6     11  -4.64675000000000     
      2     12      6     11  0.654400000000000     
      5     12      6     11  -3.03575000000000     
      7      8      7     11  0.000000000000000E+000
      8     10      7     11  -1.45785000000000     
      7     11      7     11  -1.07865000000000     
     10     11      7     11 -0.654400000000000     
      9     12      7     11 -0.654400000000000     
      8     11      8     11  -1.80757500000000     
      7     12      8     11  -1.26253513490714     
     10     12      8     11  -1.13345404847307     
      8      9      9     11 -0.654400000000000     
      7     10      9     11  -1.13345404847307     
      9     11      9     11  -1.61100000000000     
      7      8     10     11   2.23410387515890     
      8     10     10     11 -0.654400000000000     
      7     11     10     11 -0.654400000000000     
     10     11     10     11  -2.58380000000000     
      9     12     10     11  0.972800000000000     
      6      7      1     12  -4.84872500000000     
      2      8      1     12  0.233742558705085     
      5      8      1     12   1.31389044135156     
      6     10      1     12   2.40412701954113     
      2     11      1     12  5.135530644441788E-002
      5     11      1     12  -2.39822874763856     
      1     12      1     12  -5.19845000000000     
      4     12      1     12   1.74972701954113     
      6      8      2     12  -2.57300000000000     
      6     11      2     12  0.654400000000000     
      2     12      2     12  -5.10950000000000     
      5     12      2     12 -0.654400000000000     
      2      7      3     12   2.72881742680237     
      5      7      3     12   2.40412701954113     
      1      8      3     12  0.494713551643472     
      4      8      3     12  -1.74972701954113     
      6      9      3     12  -2.11991500000000     
      2     10      3     12  -2.40412701954113     
      5     10      3     12 -0.629544999999998     
      1     11      3     12   1.74972701954113     
      4     11      3     12  0.343255000000002     
      3     12      3     12  -4.70371500000000     
      6      7      4     12   2.40412701954113     
      2      8      4     12   1.86110647814680     
      5      8      4     12 -0.632387349582742     
      6     10      4     12  -2.74946000000000     
      2     11      4     12  -1.76584139805582     
      5     11      4     12 -0.330579217132593     
      1     12      4     12   1.74972701954113     
      4     12      4     12  -4.36046000000000     
      6      8      5     12  0.654400000000000     
      6     11      5     12  -3.03575000000000     
      2     12      5     12 -0.654400000000000     
      5     12      5     12  -4.64675000000000     
      6     12      6     12  -7.68250000000000     
      8     11      7     12  -1.26253513490714     
      7     12      7     12 -0.349725000000000     
     10     12      7     12 -0.654400000000000     
      8     12      8     12  -2.53650000000000     
     11     12      8     12  -1.30880000000000     
      7      8      9     12  -2.23410387515890     
      8     10      9     12 -0.654400000000000     
      7     11      9     12 -0.654400000000000     
     10     11      9     12  0.972800000000000     
      9     12      9     12  -2.58380000000000     
      8     11     10     12  -1.13345404847307     
      7     12     10     12 -0.654400000000000     
     10     12     10     12  -1.61100000000000     
      8     12     11     12  -1.30880000000000     
     11     12     11     12  -1.61100000000000     
