      1      1      1      1           2           0   4.41205302212020     
      1      1      1      1           0           0  -10.2869000000000     
      1      1      1      2           2           0 -0.467485117410169     
      1      1      2      1           2           0 -0.467485117410169     
      1      1      2      2           4           0  -6.10182126451615     
      1      1      2      2           2           0   2.71797548478615     
      1      2      1      1           2           0  0.467485117410169     
      1      2      1      2           2           0 -0.162399738300280     
      1      2      1      2           0           0  -14.5776426902637     
      1      2      2      1           4           0   10.8420787042027     
      1      2      2      1           2           0  -3.14267628652316     
      1      2      2      2           4           0   7.60251716610210     
      1      2      2      2           2           0   1.99978438815859     
      2      1      1      1           2           0  0.467485117410169     
      2      1      1      2           4           0   10.8420787042027     
      2      1      1      2           2           0  -3.14267628652316     
      2      1      2      1           2           0 -0.162399738300280     
      2      1      2      1           0           0  -14.5776426902637     
      2      1      2      2           4           0   7.60251716610210     
      2      1      2      2           2           0   1.99978438815859     
      2      2      1      1           4           0  -6.10182126451615     
      2      2      1      1           2           0   2.71797548478615     
      2      2      1      2           4           0  -7.60251716610210     
      2      2      1      2           2           0  -1.99978438815860     
      2      2      2      1           4           0  -7.60251716610210     
      2      2      2      1           2           0  -1.99978438815860     
      2      2      2      2           6           0   5.60876789059549     
      2      2      2      2           4           0  -7.55568487631168     
      2      2      2      2           2           0   5.32469657339036     
      2      2      2      2           0           0  -21.3934250000000     
      1      1      1      1           2           0   4.41205302212020     
      1      1      1      1           0           0  -10.2869000000000     
      1      1      1      2           2           0 -0.467485117410169     
      1      1      2      1           2           0 -0.467485117410169     
      1      1      2      2           4           0  -6.10182126451615     
      1      1      2      2           2           0   2.71797548478615     
      1      2      1      1           2           0  0.467485117410169     
      1      2      1      2           2           0 -0.162399738300280     
      1      2      1      2           0           0  -14.5776426902637     
      1      2      2      1           4           0   10.8420787042027     
      1      2      2      1           2           0  -3.14267628652316     
      1      2      2      2           4           0   7.60251716610210     
      1      2      2      2           2           0   1.99978438815859     
      2      1      1      1           2           0  0.467485117410169     
      2      1      1      2           4           0   10.8420787042027     
      2      1      1      2           2           0  -3.14267628652316     
      2      1      2      1           2           0 -0.162399738300280     
      2      1      2      1           0           0  -14.5776426902637     
      2      1      2      2           4           0   7.60251716610210     
      2      1      2      2           2           0   1.99978438815859     
      2      2      1      1           4           0  -6.10182126451615     
      2      2      1      1           2           0   2.71797548478615     
      2      2      1      2           4           0  -7.60251716610210     
      2      2      1      2           2           0  -1.99978438815860     
      2      2      2      1           4           0  -7.60251716610210     
      2      2      2      1           2           0  -1.99978438815860     
      2      2      2      2           6           0   5.60876789059549     
      2      2      2      2           4           0  -7.55568487631168     
      2      2      2      2           2           0   5.32469657339036     
      2      2      2      2           0           0  -21.3934250000000     
          60           6
   1   1   3   3   0   0   0   0-10.2869   1   1
   1   1   3   3   2   0   0   0  4.4121   1   1
   1   1   3   4   2   0   0   0 -0.4675   1   1
   1   1   4   3   2   0   0   0  0.4675   1   1
   1   1   4   4   0   0   0   0-14.5776   1   1
   1   1   4   4   2   0   0   0 -0.1624   1   1
   1   2   3   3   2   0   0   0 -0.4675   1   1
   1   2   3   4   2   0   0   0  2.7180   1   1
   1   2   3   4   4   0   0   0 -6.1018   1   1
   1   2   4   3   2   0   0   0 -3.1427   1   1
   1   2   4   3   4   0   0   0 10.8421   1   1
   1   2   4   4   2   0   0   0  1.9998   1   1
   1   2   4   4   4   0   0   0  7.6025   1   1
   2   1   3   3   2   0   0   0  0.4675   1   1
   2   1   3   4   2   0   0   0 -3.1427   1   1
   2   1   3   4   4   0   0   0 10.8421   1   1
   2   1   4   3   2   0   0   0  2.7180   1   1
   2   1   4   3   4   0   0   0 -6.1018   1   1
   2   1   4   4   2   0   0   0 -1.9998   1   1
   2   1   4   4   4   0   0   0 -7.6025   1   1
   2   2   3   3   0   0   0   0-14.5776   1   1
   2   2   3   3   2   0   0   0 -0.1624   1   1
   2   2   3   4   2   0   0   0  1.9998   1   1
   2   2   3   4   4   0   0   0  7.6025   1   1
   2   2   4   3   2   0   0   0 -1.9998   1   1
   2   2   4   3   4   0   0   0 -7.6025   1   1
   2   2   4   4   0   0   0   0-21.3934   1   1
   2   2   4   4   2   0   0   0  5.3247   1   1
   2   2   4   4   4   0   0   0 -7.5557   1   1
   2   2   4   4   6   0   0   0  5.6088   1   1
   3   3   1   1   0   0   0   0-10.2869   1   1
   3   3   1   1   2   0   0   0  4.4121   1   1
   3   3   1   2   2   0   0   0 -0.4675   1   1
   3   3   2   1   2   0   0   0  0.4675   1   1
   3   3   2   2   0   0   0   0-14.5776   1   1
   3   3   2   2   2   0   0   0 -0.1624   1   1
   3   4   1   1   2   0   0   0 -0.4675   1   1
   3   4   1   2   2   0   0   0  2.7180   1   1
   3   4   1   2   4   0   0   0 -6.1018   1   1
   3   4   2   1   2   0   0   0 -3.1427   1   1
   3   4   2   1   4   0   0   0 10.8421   1   1
   3   4   2   2   2   0   0   0  1.9998   1   1
   3   4   2   2   4   0   0   0  7.6025   1   1
   4   3   1   1   2   0   0   0  0.4675   1   1
   4   3   1   2   2   0   0   0 -3.1427   1   1
   4   3   1   2   4   0   0   0 10.8421   1   1
   4   3   2   1   2   0   0   0  2.7180   1   1
   4   3   2   1   4   0   0   0 -6.1018   1   1
   4   3   2   2   2   0   0   0 -1.9998   1   1
   4   3   2   2   4   0   0   0 -7.6025   1   1
   4   4   1   1   0   0   0   0-14.5776   1   1
   4   4   1   1   2   0   0   0 -0.1624   1   1
   4   4   1   2   2   0   0   0  1.9998   1   1
   4   4   1   2   4   0   0   0  7.6025   1   1
   4   4   2   1   2   0   0   0 -1.9998   1   1
   4   4   2   1   4   0   0   0 -7.6025   1   1
   4   4   2   2   0   0   0   0-21.3934   1   1
   4   4   2   2   2   0   0   0  5.3247   1   1
   4   4   2   2   4   0   0   0 -7.5557   1   1
   4   4   2   2   6   0   0   0  5.6088   1   1
