      1      1      1      1           2           0   6.50930674246498     
      1      1      1      1           0           0  -13.5794500000000     
      1      1      1      2           2           0  -2.12713689263291     
      1      1      2      1           2           0  -2.12713689263291     
      1      1      2      2           4           0  -9.13452582261525     
      1      1      2      2           2           0   5.81080487763745     
      1      2      1      1           2           0   2.12713689263291     
      1      2      1      2           2           0  0.747093568437048     
      1      2      1      2           0           0  -19.6534672976551     
      1      2      2      1           4           0   14.1439684831777     
      1      2      2      1           2           0  -6.14925668084159     
      1      2      2      2           4           0   10.2735377983001     
      1      2      2      2           2           0   4.29373936643792     
      2      1      1      1           2           0   2.12713689263291     
      2      1      1      2           4           0   14.1439684831777     
      2      1      1      2           2           0  -6.14925668084159     
      2      1      2      1           2           0  0.747093568437048     
      2      1      2      1           0           0  -19.6534672976551     
      2      1      2      2           4           0   10.2735377983001     
      2      1      2      2           2           0   4.29373936643792     
      2      2      1      1           4           0  -9.13452582261525     
      2      2      1      1           2           0   5.81080487763745     
      2      2      1      2           4           0  -10.2735377983001     
      2      2      1      2           2           0  -4.29373936643792     
      2      2      2      1           4           0  -10.2735377983001     
      2      2      2      1           2           0  -4.29373936643792     
      2      2      2      2           6           0   5.92722374715178     
      2      2      2      2           4           0  -9.56334969024975     
      2      2      2      2           2           0   11.4010165947252     
      2      2      2      2           0           0  -29.0156000000000     
      1      1      1      1           2           0   6.50930674246498     
      1      1      1      1           0           0  -13.5794500000000     
      1      1      1      2           2           0  -2.12713689263291     
      1      1      2      1           2           0  -2.12713689263291     
      1      1      2      2           4           0  -9.13452582261525     
      1      1      2      2           2           0   5.81080487763745     
      1      2      1      1           2           0   2.12713689263291     
      1      2      1      2           2           0  0.747093568437048     
      1      2      1      2           0           0  -19.6534672976551     
      1      2      2      1           4           0   14.1439684831777     
      1      2      2      1           2           0  -6.14925668084159     
      1      2      2      2           4           0   10.2735377983001     
      1      2      2      2           2           0   4.29373936643792     
      2      1      1      1           2           0   2.12713689263291     
      2      1      1      2           4           0   14.1439684831777     
      2      1      1      2           2           0  -6.14925668084159     
      2      1      2      1           2           0  0.747093568437048     
      2      1      2      1           0           0  -19.6534672976551     
      2      1      2      2           4           0   10.2735377983001     
      2      1      2      2           2           0   4.29373936643792     
      2      2      1      1           4           0  -9.13452582261525     
      2      2      1      1           2           0   5.81080487763745     
      2      2      1      2           4           0  -10.2735377983001     
      2      2      1      2           2           0  -4.29373936643792     
      2      2      2      1           4           0  -10.2735377983001     
      2      2      2      1           2           0  -4.29373936643792     
      2      2      2      2           6           0   5.92722374715178     
      2      2      2      2           4           0  -9.56334969024975     
      2      2      2      2           2           0   11.4010165947252     
      2      2      2      2           0           0  -29.0156000000000     
          60           6
   1   1   3   3   0   0   0   0-13.5795   1   1
   1   1   3   3   2   0   0   0  6.5093   1   1
   1   1   3   4   2   0   0   0 -2.1271   1   1
   1   1   4   3   2   0   0   0  2.1271   1   1
   1   1   4   4   0   0   0   0-19.6535   1   1
   1   1   4   4   2   0   0   0  0.7471   1   1
   1   2   3   3   2   0   0   0 -2.1271   1   1
   1   2   3   4   2   0   0   0  5.8108   1   1
   1   2   3   4   4   0   0   0 -9.1345   1   1
   1   2   4   3   2   0   0   0 -6.1493   1   1
   1   2   4   3   4   0   0   0 14.1440   1   1
   1   2   4   4   2   0   0   0  4.2937   1   1
   1   2   4   4   4   0   0   0 10.2735   1   1
   2   1   3   3   2   0   0   0  2.1271   1   1
   2   1   3   4   2   0   0   0 -6.1493   1   1
   2   1   3   4   4   0   0   0 14.1440   1   1
   2   1   4   3   2   0   0   0  5.8108   1   1
   2   1   4   3   4   0   0   0 -9.1345   1   1
   2   1   4   4   2   0   0   0 -4.2937   1   1
   2   1   4   4   4   0   0   0-10.2735   1   1
   2   2   3   3   0   0   0   0-19.6535   1   1
   2   2   3   3   2   0   0   0  0.7471   1   1
   2   2   3   4   2   0   0   0  4.2937   1   1
   2   2   3   4   4   0   0   0 10.2735   1   1
   2   2   4   3   2   0   0   0 -4.2937   1   1
   2   2   4   3   4   0   0   0-10.2735   1   1
   2   2   4   4   0   0   0   0-29.0156   1   1
   2   2   4   4   2   0   0   0 11.4010   1   1
   2   2   4   4   4   0   0   0 -9.5633   1   1
   2   2   4   4   6   0   0   0  5.9272   1   1
   3   3   1   1   0   0   0   0-13.5795   1   1
   3   3   1   1   2   0   0   0  6.5093   1   1
   3   3   1   2   2   0   0   0 -2.1271   1   1
   3   3   2   1   2   0   0   0  2.1271   1   1
   3   3   2   2   0   0   0   0-19.6535   1   1
   3   3   2   2   2   0   0   0  0.7471   1   1
   3   4   1   1   2   0   0   0 -2.1271   1   1
   3   4   1   2   2   0   0   0  5.8108   1   1
   3   4   1   2   4   0   0   0 -9.1345   1   1
   3   4   2   1   2   0   0   0 -6.1493   1   1
   3   4   2   1   4   0   0   0 14.1440   1   1
   3   4   2   2   2   0   0   0  4.2937   1   1
   3   4   2   2   4   0   0   0 10.2735   1   1
   4   3   1   1   2   0   0   0  2.1271   1   1
   4   3   1   2   2   0   0   0 -6.1493   1   1
   4   3   1   2   4   0   0   0 14.1440   1   1
   4   3   2   1   2   0   0   0  5.8108   1   1
   4   3   2   1   4   0   0   0 -9.1345   1   1
   4   3   2   2   2   0   0   0 -4.2937   1   1
   4   3   2   2   4   0   0   0-10.2735   1   1
   4   4   1   1   0   0   0   0-19.6535   1   1
   4   4   1   1   2   0   0   0  0.7471   1   1
   4   4   1   2   2   0   0   0  4.2937   1   1
   4   4   1   2   4   0   0   0 10.2735   1   1
   4   4   2   1   2   0   0   0 -4.2937   1   1
   4   4   2   1   4   0   0   0-10.2735   1   1
   4   4   2   2   0   0   0   0-29.0156   1   1
   4   4   2   2   2   0   0   0 11.4010   1   1
   4   4   2   2   4   0   0   0 -9.5633   1   1
   4   4   2   2   6   0   0   0  5.9272   1   1
