 ! Total Interaction
  20
   1   1   1   1     1     0  -8.6688
   1   2   1   1     1     0  -1.7368
   2   2   1   1     1     0   5.8818
   1   1   1   2     1     0  -1.7368
   1   2   1   2     1     0 -13.6267
   2   2   1   2     1     0  -9.0174
   1   1   2   2     1     0   5.8818
   1   2   2   2     1     0  -9.0174
   2   2   2   2     1     0  -7.0551
   1   2   1   2     2     0 -11.3972
   2   2   2   2     3     0 -11.3972
   1   1   1   1     0     1  -1.1525
   2   2   1   1     0     1  -3.6631
   1   1   2   2     0     1  -3.6631
   2   2   2   2     0     1  -3.7427
   1   2   1   2     1     1   0.4116
   1   2   1   2     2     1  -2.9091
   2   2   1   2     2     1   0.8970
   1   2   2   2     2     1   0.8970
   2   2   2   2     2     1  -2.2748
