      1      2      1      2  -1.15250000000000     
      2      4      1      2  0.000000000000000E+000
      1      5      1      2  0.000000000000000E+000
      4      5      1      2   2.59020285016444     
      3      6      1      2  -2.59020285016444     
      1      3      1      3  -2.90910000000000     
      3      4      1      3 -0.897000000000000     
      2      3      2      3 -0.418575000000000     
      1      4      2      3  -1.43790527917349     
      3      5      2      3 -0.448500000000000     
      2      3      1      4  -1.43790527917349     
      1      4      1      4  -2.07892500000000     
      3      5      1      4 -0.776824787194642     
      1      2      2      4  0.000000000000000E+000
      2      4      2      4  -1.24875000000000     
      1      5      2      4  -1.66035000000000     
      4      5      2      4 -0.448500000000000     
      3      6      2      4 -0.448500000000000     
      1      3      3      4 -0.897000000000000     
      3      4      3      4  -2.27480000000000     
      1      2      1      5  0.000000000000000E+000
      2      4      1      5  -1.66035000000000     
      1      5      1      5  -1.24875000000000     
      4      5      1      5 -0.448500000000000     
      3      6      1      5 -0.448500000000000     
      2      5      2      5  -2.07892500000000     
      1      6      2      5  -1.43790527917349     
      4      6      2      5 -0.776824787194642     
      2      3      3      5 -0.448500000000000     
      1      4      3      5 -0.776824787194642     
      3      5      3      5  -2.27480000000000     
      1      2      4      5   2.59020285016444     
      2      4      4      5 -0.448500000000000     
      1      5      4      5 -0.448500000000000     
      4      5      4      5  -3.00875000000000     
      3      6      4      5  0.733950000000000     
      2      5      1      6  -1.43790527917349     
      1      6      1      6 -0.418575000000000     
      4      6      1      6 -0.448500000000000     
      2      6      2      6  -2.90910000000000     
      5      6      2      6 -0.897000000000000     
      1      2      3      6  -2.59020285016444     
      2      4      3      6 -0.448500000000000     
      1      5      3      6 -0.448500000000000     
      4      5      3      6  0.733950000000000     
      3      6      3      6  -3.00875000000000     
      2      5      4      6 -0.776824787194642     
      1      6      4      6 -0.448500000000000     
      4      6      4      6  -2.27480000000000     
      2      6      5      6 -0.897000000000000     
      5      6      5      6  -2.27480000000000     
      1      7      1      7  -8.66880000000000     
      4      7      1      7  0.614051528782398     
      3      8      1      7  -1.06356844631646     
      2      9      1      7  -1.06356844631646     
      5      9      1      7   3.22159453873389     
      1     10      1      7  0.614051528782398     
      4     10      1      7  -3.71997694831568     
      3     11      1      7   3.22159453873389     
      2      7      2      7  -4.91065000000000     
      5      7      2      7  0.614051528782398     
      1      8      2      7  -3.75815000000000     
      4      8      2      7 -0.614051528782398     
      6      9      2      7   1.49488128615454     
      2     10      2      7 -0.614051528782398     
      5     10      2      7  0.365107188003302     
      1     11      2      7  0.614051528782398     
      4     11      2      7  -2.22509566216114     
      3     12      2      7   4.08508413631898     
      3      7      3      7  -7.15315000000000     
      1      9      3      7  -4.24405000000000     
      4      9      3      7 -0.448500000000000     
      3     10      3      7  0.448500000000000     
      1      7      4      7  0.614051528782398     
      4      7      4      7  -7.01675000000000     
      3      8      4      7 -0.236251730152394     
      2      9      4      7   1.20165354902110     
      5      9      4      7   1.35779960770722     
      1     10      4      7  -4.93782500000000     
      4     10      4      7  -2.01635193803066     
      3     11      4      7   2.13462439490186     
      2      7      5      7  0.614051528782398     
      5      7      5      7  -6.88035000000000     
      1      8      5      7  0.614051528782398     
      4      8      5      7 -0.272799999999998     
      6      9      5      7   2.80027790704599     
      2     10      5      7   1.38755000000000     
      5     10      5      7  -1.23242596901533     
      1     11      5      7  -5.63160000000000     
      4     11      5      7 -0.783925969015331     
      3     12      5      7   3.24877790704599     
      6      7      6      7  -6.74395000000000     
      2      8      6      7   1.06356844631646     
      5      8      6      7 -0.236251730152393     
      6     10      6      7   2.80027790704599     
      2     11      6      7   1.20165354902110     
      5     11      6      7  -3.49242400260908     
      1     12      6      7  -6.32537500000000     
      4     12      6      7   3.24877790704599     
      2      7      1      8  -3.75815000000000     
      5      7      1      8  0.614051528782398     
      1      8      1      8  -4.91065000000000     
      4      8      1      8 -0.614051528782398     
      6      9      1      8   4.08508413631898     
      2     10      1      8 -0.614051528782398     
      5     10      1      8  -2.22509566216114     
      1     11      1      8  0.614051528782398     
      4     11      1      8  0.365107188003302     
      3     12      1      8   1.49488128615454     
      6      7      2      8   1.06356844631646     
      2      8      2      8  -8.66880000000000     
      5      8      2      8 -0.614051528782398     
      6     10      2      8   3.22159453873389     
      2     11      2      8 -0.614051528782398     
      5     11      2      8  -3.71997694831568     
      1     12      2      8   1.06356844631646     
      4     12      2      8   3.22159453873389     
      1      7      3      8  -1.06356844631646     
      4      7      3      8 -0.236251730152393     
      3      8      3      8  -6.74395000000000     
      2      9      3      8  -6.32537500000000     
      5      9      3      8  -3.24877790704599     
      1     10      3      8   1.20165354902110     
      4     10      3      8   3.49242400260908     
      3     11      3      8  -2.80027790704599     
      2      7      4      8 -0.614051528782398     
      5      7      4      8 -0.272799999999998     
      1      8      4      8 -0.614051528782398     
      4      8      4      8  -6.88035000000000     
      6      9      4      8  -3.24877790704599     
      2     10      4      8  -5.63160000000000     
      5     10      4      8  0.783925969015331     
      1     11      4      8   1.38755000000000     
      4     11      4      8   1.23242596901533     
      3     12      4      8  -2.80027790704599     
      6      7      5      8 -0.236251730152394     
      2      8      5      8 -0.614051528782398     
      5      8      5      8  -7.01675000000000     
      6     10      5      8  -2.13462439490186     
      2     11      5      8  -4.93782500000000     
      5     11      5      8   2.01635193803066     
      1     12      5      8   1.20165354902110     
      4     12      5      8  -1.35779960770722     
      6      8      6      8  -7.15315000000000     
      6     11      6      8 -0.448500000000000     
      2     12      6      8  -4.24405000000000     
      5     12      6      8  0.448500000000000     
      7      8      7      8  -1.15250000000000     
      8     10      7      8  0.000000000000000E+000
      7     11      7      8  0.000000000000000E+000
     10     11      7      8   2.59020285016444     
      9     12      7      8  -2.59020285016444     
      3      7      1      9  -4.24405000000000     
      1      9      1      9  -7.15315000000000     
      4      9      1      9  0.448500000000000     
      3     10      1      9 -0.448500000000000     
      1      7      2      9  -1.06356844631646     
      4      7      2      9   1.20165354902110     
      3      8      2      9  -6.32537500000000     
      2      9      2      9  -6.74395000000000     
      5      9      2      9  -2.80027790704599     
      1     10      2      9 -0.236251730152393     
      4     10      2      9   3.49242400260908     
      3     11      2      9  -3.24877790704599     
      3      9      3      9  -11.3972000000000     
      3      7      4      9 -0.448500000000000     
      1      9      4      9  0.448500000000000     
      4      9      4      9  -6.83600000000000     
      3     10      4      9  -4.56119999999999     
      1      7      5      9   3.22159453873389     
      4      7      5      9   1.35779960770722     
      3      8      5      9  -3.24877790704599     
      2      9      5      9  -2.80027790704599     
      5      9      5      9  -5.53337000000000     
      1     10      5      9   2.13462439490186     
      4     10      5      9  -1.50414756230896     
      3     11      5      9  -3.25857000000000     
      2      7      6      9   1.49488128615454     
      5      7      6      9   2.80027790704599     
      1      8      6      9   4.08508413631898     
      4      8      6      9  -3.24877790704599     
      6      9      6      9  -5.24903000000000     
      2     10      6      9  -2.80027790704599     
      5     10      6      9 -0.284339999999997     
      1     11      6      9   3.24877790704599     
      4     11      6      9  -1.01829000000000     
      3     12      6      9  -2.24028000000000     
      7      9      7      9  -2.90910000000000     
      9     10      7      9 -0.897000000000000     
      8      9      8      9 -0.418575000000000     
      7     10      8      9  -1.43790527917349     
      9     11      8      9 -0.448500000000000     
      1      7      1     10  0.614051528782398     
      4      7      1     10  -4.93782500000000     
      3      8      1     10   1.20165354902110     
      2      9      1     10 -0.236251730152394     
      5      9      1     10   2.13462439490186     
      1     10      1     10  -7.01675000000000     
      4     10      1     10  -2.01635193803066     
      3     11      1     10   1.35779960770722     
      2      7      2     10 -0.614051528782398     
      5      7      2     10   1.38755000000000     
      1      8      2     10 -0.614051528782398     
      4      8      2     10  -5.63160000000000     
      6      9      2     10  -2.80027790704599     
      2     10      2     10  -6.88035000000000     
      5     10      2     10   1.23242596901533     
      1     11      2     10 -0.272799999999998     
      4     11      2     10  0.783925969015331     
      3     12      2     10  -3.24877790704599     
      3      7      3     10  0.448500000000000     
      1      9      3     10 -0.448500000000000     
      4      9      3     10  -4.56119999999999     
      3     10      3     10  -6.83599999999999     
      1      7      4     10  -3.71997694831568     
      4      7      4     10  -2.01635193803066     
      3      8      4     10   3.49242400260908     
      2      9      4     10   3.49242400260908     
      5      9      4     10  -1.50414756230896     
      1     10      4     10  -2.01635193803066     
      4     10      4     10  -9.66036000000000     
      3     11      4     10  -1.50414756230896     
      2      7      5     10  0.365107188003302     
      5      7      5     10  -1.23242596901533     
      1      8      5     10  -2.22509566216114     
      4      8      5     10  0.783925969015331     
      6      9      5     10 -0.284339999999997     
      2     10      5     10   1.23242596901533     
      5     10      5     10  -6.98587000000000     
      1     11      5     10 -0.783925969015331     
      4     11      5     10  -3.97712000000000     
      3     12      5     10  -1.01829000000000     
      6      7      6     10   2.80027790704599     
      2      8      6     10   3.22159453873389     
      5      8      6     10  -2.13462439490186     
      6     10      6     10  -5.53337000000000     
      2     11      6     10  -1.35779960770722     
      5     11      6     10  -1.50414756230896     
      1     12      6     10   3.24877790704599     
      4     12      6     10  -3.25857000000000     
      8      9      7     10  -1.43790527917349     
      7     10      7     10  -2.07892500000000     
      9     11      7     10 -0.776824787194642     
      7      8      8     10  0.000000000000000E+000
      8     10      8     10  -1.24875000000000     
      7     11      8     10  -1.66035000000000     
     10     11      8     10 -0.448500000000000     
      9     12      8     10 -0.448500000000000     
      7      9      9     10 -0.897000000000000     
      9     10      9     10  -2.27480000000000     
      2      7      1     11  0.614051528782398     
      5      7      1     11  -5.63160000000000     
      1      8      1     11  0.614051528782398     
      4      8      1     11   1.38755000000000     
      6      9      1     11   3.24877790704599     
      2     10      1     11 -0.272799999999998     
      5     10      1     11 -0.783925969015331     
      1     11      1     11  -6.88035000000000     
      4     11      1     11  -1.23242596901533     
      3     12      1     11   2.80027790704599     
      6      7      2     11   1.20165354902110     
      2      8      2     11 -0.614051528782398     
      5      8      2     11  -4.93782500000000     
      6     10      2     11  -1.35779960770722     
      2     11      2     11  -7.01675000000000     
      5     11      2     11   2.01635193803066     
      1     12      2     11 -0.236251730152394     
      4     12      2     11  -2.13462439490186     
      1      7      3     11   3.22159453873389     
      4      7      3     11   2.13462439490186     
      3      8      3     11  -2.80027790704599     
      2      9      3     11  -3.24877790704599     
      5      9      3     11  -3.25857000000000     
      1     10      3     11   1.35779960770722     
      4     10      3     11  -1.50414756230896     
      3     11      3     11  -5.53337000000000     
      2      7      4     11  -2.22509566216114     
      5      7      4     11 -0.783925969015331     
      1      8      4     11  0.365107188003302     
      4      8      4     11   1.23242596901533     
      6      9      4     11  -1.01829000000000     
      2     10      4     11  0.783925969015331     
      5     10      4     11  -3.97712000000000     
      1     11      4     11  -1.23242596901533     
      4     11      4     11  -6.98587000000000     
      3     12      4     11 -0.284339999999997     
      6      7      5     11  -3.49242400260908     
      2      8      5     11  -3.71997694831568     
      5      8      5     11   2.01635193803066     
      6     10      5     11  -1.50414756230896     
      2     11      5     11   2.01635193803066     
      5     11      5     11  -9.66036000000000     
      1     12      5     11  -3.49242400260908     
      4     12      5     11  -1.50414756230896     
      6      8      6     11 -0.448500000000000     
      6     11      6     11  -6.83600000000000     
      2     12      6     11  0.448500000000000     
      5     12      6     11  -4.56119999999999     
      7      8      7     11  0.000000000000000E+000
      8     10      7     11  -1.66035000000000     
      7     11      7     11  -1.24875000000000     
     10     11      7     11 -0.448500000000000     
      9     12      7     11 -0.448500000000000     
      8     11      8     11  -2.07892500000000     
      7     12      8     11  -1.43790527917349     
     10     12      8     11 -0.776824787194642     
      8      9      9     11 -0.448500000000000     
      7     10      9     11 -0.776824787194642     
      9     11      9     11  -2.27480000000000     
      7      8     10     11   2.59020285016444     
      8     10     10     11 -0.448500000000000     
      7     11     10     11 -0.448500000000000     
     10     11     10     11  -3.00875000000000     
      9     12     10     11  0.733950000000000     
      6      7      1     12  -6.32537500000000     
      2      8      1     12   1.06356844631646     
      5      8      1     12   1.20165354902110     
      6     10      1     12   3.24877790704599     
      2     11      1     12 -0.236251730152393     
      5     11      1     12  -3.49242400260908     
      1     12      1     12  -6.74395000000000     
      4     12      1     12   2.80027790704599     
      6      8      2     12  -4.24405000000000     
      6     11      2     12  0.448500000000000     
      2     12      2     12  -7.15315000000000     
      5     12      2     12 -0.448500000000000     
      2      7      3     12   4.08508413631898     
      5      7      3     12   3.24877790704599     
      1      8      3     12   1.49488128615454     
      4      8      3     12  -2.80027790704599     
      6      9      3     12  -2.24028000000000     
      2     10      3     12  -3.24877790704599     
      5     10      3     12  -1.01829000000000     
      1     11      3     12   2.80027790704599     
      4     11      3     12 -0.284339999999997     
      3     12      3     12  -5.24903000000000     
      6      7      4     12   3.24877790704599     
      2      8      4     12   3.22159453873389     
      5      8      4     12  -1.35779960770722     
      6     10      4     12  -3.25857000000000     
      2     11      4     12  -2.13462439490186     
      5     11      4     12  -1.50414756230896     
      1     12      4     12   2.80027790704599     
      4     12      4     12  -5.53337000000000     
      6      8      5     12  0.448500000000000     
      6     11      5     12  -4.56119999999999     
      2     12      5     12 -0.448500000000000     
      5     12      5     12  -6.83599999999999     
      6     12      6     12  -11.3972000000000     
      8     11      7     12  -1.43790527917349     
      7     12      7     12 -0.418575000000000     
     10     12      7     12 -0.448500000000000     
      8     12      8     12  -2.90910000000000     
     11     12      8     12 -0.897000000000000     
      7      8      9     12  -2.59020285016444     
      8     10      9     12 -0.448500000000000     
      7     11      9     12 -0.448500000000000     
     10     11      9     12  0.733950000000000     
      9     12      9     12  -3.00875000000000     
      8     11     10     12 -0.776824787194642     
      7     12     10     12 -0.448500000000000     
     10     12     10     12  -2.27480000000000     
      8     12     11     12 -0.897000000000000     
     11     12     11     12  -2.27480000000000     
