      1      2      1      2  -1.21030000000000     
      2      4      1      2  0.000000000000000E+000
      1      5      1      2  0.000000000000000E+000
      4      5      1      2   2.41837590233611     
      3      6      1      2  -2.41837590233611     
      1      3      1      3  -2.72010000000000     
      3      4      1      3 -0.862600000000000     
      2      3      2      3 -0.451050000000000     
      1      4      2      3  -1.31003662830472     
      3      5      2      3 -0.431300000000000     
      2      3      1      4  -1.31003662830472     
      1      4      1      4  -1.96375000000000     
      3      5      1      4 -0.747033513304457     
      1      2      2      4  0.000000000000000E+000
      2      4      2      4  -1.20740000000000     
      1      5      2      4  -1.51270000000000     
      4      5      2      4 -0.431300000000000     
      3      6      2      4 -0.431300000000000     
      1      3      3      4 -0.862600000000000     
      3      4      3      4  -2.11020000000000     
      1      2      1      5  0.000000000000000E+000
      2      4      1      5  -1.51270000000000     
      1      5      1      5  -1.20740000000000     
      4      5      1      5 -0.431300000000000     
      3      6      1      5 -0.431300000000000     
      2      5      2      5  -1.96375000000000     
      1      6      2      5  -1.31003662830472     
      4      6      2      5 -0.747033513304457     
      2      3      3      5 -0.431300000000000     
      1      4      3      5 -0.747033513304457     
      3      5      3      5  -2.11020000000000     
      1      2      4      5   2.41837590233611     
      2      4      4      5 -0.431300000000000     
      1      5      4      5 -0.431300000000000     
      4      5      4      5  -2.86940000000000     
      3      6      4      5  0.759200000000000     
      2      5      1      6  -1.31003662830472     
      1      6      1      6 -0.451050000000000     
      4      6      1      6 -0.431300000000000     
      2      6      2      6  -2.72010000000000     
      5      6      2      6 -0.862600000000000     
      1      2      3      6  -2.41837590233611     
      2      4      3      6 -0.431300000000000     
      1      5      3      6 -0.431300000000000     
      4      5      3      6  0.759200000000000     
      3      6      3      6  -2.86940000000000     
      2      5      4      6 -0.747033513304457     
      1      6      4      6 -0.431300000000000     
      4      6      4      6  -2.11020000000000     
      2      6      5      6 -0.862600000000000     
      5      6      5      6  -2.11020000000000     
      1      7      1      7  -7.42110000000000     
      4      7      1      7  0.593651498145166     
      3      8      1      7  -1.02823455677681     
      2      9      1      7  -1.02823455677681     
      5      9      1      7   2.91371968916023     
      1     10      1      7  0.593651498145166     
      4     10      1      7  -3.36447369375955     
      3     11      1      7   2.91371968916023     
      2      7      2      7  -4.31570000000000     
      5      7      2      7  0.593651498145166     
      1      8      2      7  -3.10540000000000     
      4      8      2      7 -0.593651498145166     
      6      9      2      7   1.31416731915160     
      2     10      2      7 -0.593651498145166     
      5     10      2      7  0.368069527728169     
      1     11      2      7  0.593651498145166     
      4     11      2      7  -2.05030637460794     
      3     12      2      7   3.73254322148772     
      3      7      3      7  -6.33150000000000     
      1      9      3      7  -3.61140000000000     
      4      9      3      7 -0.431300000000000     
      3     10      3      7  0.431300000000000     
      1      7      4      7  0.593651498145166     
      4      7      4      7  -6.16478750000000     
      3      8      4      7 -0.288754520256825     
      2      9      4      7   1.02128210804790     
      5      9      4      7   1.17267501973743     
      1     10      4      7  -4.20103750000000     
      4     10      4      7  -1.78538847663471     
      3     11      4      7   1.91970853304189     
      2      7      5      7  0.593651498145166     
      5      7      5      7  -5.99807500000000     
      1      8      5      7  0.593651498145166     
      4      8      5      7 -0.333424999999998     
      6      9      5      7   2.46243271495206     
      2     10      5      7   1.17927500000000     
      5     10      5      7  -1.10834423831735     
      1     11      5      7  -4.79067500000000     
      4     11      5      7 -0.677044238317354     
      3     12      5      7   2.89373271495206     
      6      7      6      7  -5.83136250000000     
      2      8      6      7   1.02823455677681     
      5      8      6      7 -0.288754520256825     
      6     10      6      7   2.46243271495206     
      2     11      6      7   1.02128210804790     
      5     11      6      7  -3.09238355277931     
      1     12      6      7  -5.38031250000000     
      4     12      6      7   2.89373271495206     
      2      7      1      8  -3.10540000000000     
      5      7      1      8  0.593651498145166     
      1      8      1      8  -4.31570000000000     
      4      8      1      8 -0.593651498145166     
      6      9      1      8   3.73254322148772     
      2     10      1      8 -0.593651498145166     
      5     10      1      8  -2.05030637460794     
      1     11      1      8  0.593651498145166     
      4     11      1      8  0.368069527728169     
      3     12      1      8   1.31416731915160     
      6      7      2      8   1.02823455677681     
      2      8      2      8  -7.42110000000000     
      5      8      2      8 -0.593651498145166     
      6     10      2      8   2.91371968916023     
      2     11      2      8 -0.593651498145166     
      5     11      2      8  -3.36447369375955     
      1     12      2      8   1.02823455677681     
      4     12      2      8   2.91371968916023     
      1      7      3      8  -1.02823455677681     
      4      7      3      8 -0.288754520256825     
      3      8      3      8  -5.83136250000000     
      2      9      3      8  -5.38031250000000     
      5      9      3      8  -2.89373271495206     
      1     10      3      8   1.02128210804790     
      4     10      3      8   3.09238355277931     
      3     11      3      8  -2.46243271495206     
      2      7      4      8 -0.593651498145166     
      5      7      4      8 -0.333424999999998     
      1      8      4      8 -0.593651498145166     
      4      8      4      8  -5.99807500000000     
      6      9      4      8  -2.89373271495206     
      2     10      4      8  -4.79067500000000     
      5     10      4      8  0.677044238317354     
      1     11      4      8   1.17927500000000     
      4     11      4      8   1.10834423831735     
      3     12      4      8  -2.46243271495206     
      6      7      5      8 -0.288754520256825     
      2      8      5      8 -0.593651498145166     
      5      8      5      8  -6.16478750000000     
      6     10      5      8  -1.91970853304189     
      2     11      5      8  -4.20103750000000     
      5     11      5      8   1.78538847663471     
      1     12      5      8   1.02128210804790     
      4     12      5      8  -1.17267501973743     
      6      8      6      8  -6.33150000000000     
      6     11      6      8 -0.431300000000000     
      2     12      6      8  -3.61140000000000     
      5     12      6      8  0.431300000000000     
      7      8      7      8  -1.21030000000000     
      8     10      7      8  0.000000000000000E+000
      7     11      7      8  0.000000000000000E+000
     10     11      7      8   2.41837590233611     
      9     12      7      8  -2.41837590233611     
      3      7      1      9  -3.61140000000000     
      1      9      1      9  -6.33150000000000     
      4      9      1      9  0.431300000000000     
      3     10      1      9 -0.431300000000000     
      1      7      2      9  -1.02823455677681     
      4      7      2      9   1.02128210804790     
      3      8      2      9  -5.38031250000000     
      2      9      2      9  -5.83136250000000     
      5      9      2      9  -2.46243271495206     
      1     10      2      9 -0.288754520256825     
      4     10      2      9   3.09238355277931     
      3     11      2      9  -2.89373271495206     
      3      9      3      9  -9.94290000000000     
      3      7      4      9 -0.431300000000000     
      1      9      4      9  0.431300000000000     
      4      9      4      9  -6.02655000000000     
      3     10      4      9  -3.91634999999999     
      1      7      5      9   2.91371968916023     
      4      7      5      9   1.17267501973743     
      3      8      5      9  -2.89373271495206     
      2      9      5      9  -2.46243271495206     
      5      9      5      9  -4.76724000000000     
      1     10      5      9   1.91970853304189     
      4     10      5      9  -1.45412593498637     
      3     11      5      9  -2.65704000000000     
      2      7      6      9   1.31416731915160     
      5      7      6      9   2.46243271495206     
      1      8      6      9   3.73254322148772     
      4      8      6      9  -2.89373271495206     
      6      9      6      9  -4.51718500000000     
      2     10      6      9  -2.46243271495206     
      5     10      6      9 -0.250054999999998     
      1     11      6      9   2.89373271495206     
      4     11      6      9  -1.00925500000000     
      3     12      6      9  -1.64778500000000     
      7      9      7      9  -2.72010000000000     
      9     10      7      9 -0.862600000000000     
      8      9      8      9 -0.451050000000000     
      7     10      8      9  -1.31003662830472     
      9     11      8      9 -0.431300000000000     
      1      7      1     10  0.593651498145166     
      4      7      1     10  -4.20103750000000     
      3      8      1     10   1.02128210804790     
      2      9      1     10 -0.288754520256825     
      5      9      1     10   1.91970853304189     
      1     10      1     10  -6.16478750000000     
      4     10      1     10  -1.78538847663471     
      3     11      1     10   1.17267501973743     
      2      7      2     10 -0.593651498145166     
      5      7      2     10   1.17927500000000     
      1      8      2     10 -0.593651498145166     
      4      8      2     10  -4.79067500000000     
      6      9      2     10  -2.46243271495206     
      2     10      2     10  -5.99807500000000     
      5     10      2     10   1.10834423831735     
      1     11      2     10 -0.333424999999998     
      4     11      2     10  0.677044238317354     
      3     12      2     10  -2.89373271495206     
      3      7      3     10  0.431300000000000     
      1      9      3     10 -0.431300000000000     
      4      9      3     10  -3.91634999999999     
      3     10      3     10  -6.02654999999999     
      1      7      4     10  -3.36447369375955     
      4      7      4     10  -1.78538847663471     
      3      8      4     10   3.09238355277931     
      2      9      4     10   3.09238355277931     
      5      9      4     10  -1.45412593498637     
      1     10      4     10  -1.78538847663471     
      4     10      4     10  -8.26382000000000     
      3     11      4     10  -1.45412593498637     
      2      7      5     10  0.368069527728169     
      5      7      5     10  -1.10834423831735     
      1      8      5     10  -2.05030637460794     
      4      8      5     10  0.677044238317354     
      6      9      5     10 -0.250054999999998     
      2     10      5     10   1.10834423831735     
      5     10      5     10  -6.19626500000000     
      1     11      5     10 -0.677044238317354     
      4     11      5     10  -3.32686500000000     
      3     12      5     10  -1.00925500000000     
      6      7      6     10   2.46243271495206     
      2      8      6     10   2.91371968916023     
      5      8      6     10  -1.91970853304189     
      6     10      6     10  -4.76724000000000     
      2     11      6     10  -1.17267501973743     
      5     11      6     10  -1.45412593498637     
      1     12      6     10   2.89373271495206     
      4     12      6     10  -2.65704000000000     
      8      9      7     10  -1.31003662830472     
      7     10      7     10  -1.96375000000000     
      9     11      7     10 -0.747033513304457     
      7      8      8     10  0.000000000000000E+000
      8     10      8     10  -1.20740000000000     
      7     11      8     10  -1.51270000000000     
     10     11      8     10 -0.431300000000000     
      9     12      8     10 -0.431300000000000     
      7      9      9     10 -0.862600000000000     
      9     10      9     10  -2.11020000000000     
      2      7      1     11  0.593651498145166     
      5      7      1     11  -4.79067500000000     
      1      8      1     11  0.593651498145166     
      4      8      1     11   1.17927500000000     
      6      9      1     11   2.89373271495206     
      2     10      1     11 -0.333424999999998     
      5     10      1     11 -0.677044238317354     
      1     11      1     11  -5.99807500000000     
      4     11      1     11  -1.10834423831735     
      3     12      1     11   2.46243271495206     
      6      7      2     11   1.02128210804790     
      2      8      2     11 -0.593651498145166     
      5      8      2     11  -4.20103750000000     
      6     10      2     11  -1.17267501973743     
      2     11      2     11  -6.16478750000000     
      5     11      2     11   1.78538847663471     
      1     12      2     11 -0.288754520256825     
      4     12      2     11  -1.91970853304189     
      1      7      3     11   2.91371968916023     
      4      7      3     11   1.91970853304189     
      3      8      3     11  -2.46243271495206     
      2      9      3     11  -2.89373271495206     
      5      9      3     11  -2.65704000000000     
      1     10      3     11   1.17267501973743     
      4     10      3     11  -1.45412593498637     
      3     11      3     11  -4.76724000000000     
      2      7      4     11  -2.05030637460794     
      5      7      4     11 -0.677044238317354     
      1      8      4     11  0.368069527728169     
      4      8      4     11   1.10834423831735     
      6      9      4     11  -1.00925500000000     
      2     10      4     11  0.677044238317354     
      5     10      4     11  -3.32686500000000     
      1     11      4     11  -1.10834423831735     
      4     11      4     11  -6.19626500000000     
      3     12      4     11 -0.250054999999998     
      6      7      5     11  -3.09238355277931     
      2      8      5     11  -3.36447369375955     
      5      8      5     11   1.78538847663471     
      6     10      5     11  -1.45412593498637     
      2     11      5     11   1.78538847663471     
      5     11      5     11  -8.26382000000000     
      1     12      5     11  -3.09238355277931     
      4     12      5     11  -1.45412593498637     
      6      8      6     11 -0.431300000000000     
      6     11      6     11  -6.02655000000000     
      2     12      6     11  0.431300000000000     
      5     12      6     11  -3.91634999999999     
      7      8      7     11  0.000000000000000E+000
      8     10      7     11  -1.51270000000000     
      7     11      7     11  -1.20740000000000     
     10     11      7     11 -0.431300000000000     
      9     12      7     11 -0.431300000000000     
      8     11      8     11  -1.96375000000000     
      7     12      8     11  -1.31003662830472     
     10     12      8     11 -0.747033513304457     
      8      9      9     11 -0.431300000000000     
      7     10      9     11 -0.747033513304457     
      9     11      9     11  -2.11020000000000     
      7      8     10     11   2.41837590233611     
      8     10     10     11 -0.431300000000000     
      7     11     10     11 -0.431300000000000     
     10     11     10     11  -2.86940000000000     
      9     12     10     11  0.759200000000000     
      6      7      1     12  -5.38031250000000     
      2      8      1     12   1.02823455677681     
      5      8      1     12   1.02128210804790     
      6     10      1     12   2.89373271495206     
      2     11      1     12 -0.288754520256825     
      5     11      1     12  -3.09238355277931     
      1     12      1     12  -5.83136250000000     
      4     12      1     12   2.46243271495206     
      6      8      2     12  -3.61140000000000     
      6     11      2     12  0.431300000000000     
      2     12      2     12  -6.33150000000000     
      5     12      2     12 -0.431300000000000     
      2      7      3     12   3.73254322148772     
      5      7      3     12   2.89373271495206     
      1      8      3     12   1.31416731915160     
      4      8      3     12  -2.46243271495206     
      6      9      3     12  -1.64778500000000     
      2     10      3     12  -2.89373271495206     
      5     10      3     12  -1.00925500000000     
      1     11      3     12   2.46243271495206     
      4     11      3     12 -0.250054999999998     
      3     12      3     12  -4.51718500000000     
      6      7      4     12   2.89373271495206     
      2      8      4     12   2.91371968916023     
      5      8      4     12  -1.17267501973743     
      6     10      4     12  -2.65704000000000     
      2     11      4     12  -1.91970853304189     
      5     11      4     12  -1.45412593498637     
      1     12      4     12   2.46243271495206     
      4     12      4     12  -4.76724000000000     
      6      8      5     12  0.431300000000000     
      6     11      5     12  -3.91634999999999     
      2     12      5     12 -0.431300000000000     
      5     12      5     12  -6.02654999999999     
      6     12      6     12  -9.94290000000000     
      8     11      7     12  -1.31003662830472     
      7     12      7     12 -0.451050000000000     
     10     12      7     12 -0.431300000000000     
      8     12      8     12  -2.72010000000000     
     11     12      8     12 -0.862600000000000     
      7      8      9     12  -2.41837590233611     
      8     10      9     12 -0.431300000000000     
      7     11      9     12 -0.431300000000000     
     10     11      9     12  0.759200000000000     
      9     12      9     12  -2.86940000000000     
      8     11     10     12 -0.747033513304457     
      7     12     10     12 -0.431300000000000     
     10     12     10     12  -2.11020000000000     
      8     12     11     12 -0.862600000000000     
     11     12     11     12  -2.11020000000000     
