      1      1      1      1           2           0   5.37871057782439     
      1      1      1      1           0           0  -11.7368000000000     
      1      1      1      2           2           0  -2.05646911355362     
      1      1      2      1           2           0  -2.05646911355362     
      1      1      2      2           4           0  -8.34622037220258     
      1      1      2      2           2           0   5.18992425557739     
      1      2      1      1           2           0   2.05646911355362     
      1      2      1      2           2           0  0.913121968680801     
      1      2      1      2           0           0  -17.2008851047791     
      1      2      2      1           4           0   12.0307444901918     
      1      2      2      1           2           0  -5.23384617840635     
      1      2      2      2           4           0   9.15078631899129     
      1      2      2      2           2           0   3.70832401755318     
      2      1      1      1           2           0   2.05646911355362     
      2      1      1      2           4           0   12.0307444901918     
      2      1      1      2           2           0  -5.23384617840635     
      2      1      2      1           2           0  0.913121968680801     
      2      1      2      1           0           0  -17.2008851047791     
      2      1      2      2           4           0   9.15078631899129     
      2      1      2      2           2           0   3.70832401755318     
      2      2      1      1           4           0  -8.34622037220259     
      2      2      1      1           2           0   5.18992425557739     
      2      2      1      2           4           0  -9.15078631899130     
      2      2      1      2           2           0  -3.70832401755318     
      2      2      2      1           4           0  -9.15078631899130     
      2      2      2      1           2           0  -3.70832401755318     
      2      2      2      2           6           0   4.35962932410257     
      2      2      2      2           4           0  -8.19808484556759     
      2      2      2      2           2           0   10.1246770148818     
      2      2      2      2           0           0  -25.2538750000000     
      1      1      1      1           2           0   5.37871057782439     
      1      1      1      1           0           0  -11.7368000000000     
      1      1      1      2           2           0  -2.05646911355362     
      1      1      2      1           2           0  -2.05646911355362     
      1      1      2      2           4           0  -8.34622037220258     
      1      1      2      2           2           0   5.18992425557739     
      1      2      1      1           2           0   2.05646911355362     
      1      2      1      2           2           0  0.913121968680801     
      1      2      1      2           0           0  -17.2008851047791     
      1      2      2      1           4           0   12.0307444901918     
      1      2      2      1           2           0  -5.23384617840635     
      1      2      2      2           4           0   9.15078631899129     
      1      2      2      2           2           0   3.70832401755318     
      2      1      1      1           2           0   2.05646911355362     
      2      1      1      2           4           0   12.0307444901918     
      2      1      1      2           2           0  -5.23384617840635     
      2      1      2      1           2           0  0.913121968680801     
      2      1      2      1           0           0  -17.2008851047791     
      2      1      2      2           4           0   9.15078631899129     
      2      1      2      2           2           0   3.70832401755318     
      2      2      1      1           4           0  -8.34622037220259     
      2      2      1      1           2           0   5.18992425557739     
      2      2      1      2           4           0  -9.15078631899130     
      2      2      1      2           2           0  -3.70832401755318     
      2      2      2      1           4           0  -9.15078631899130     
      2      2      2      1           2           0  -3.70832401755318     
      2      2      2      2           6           0   4.35962932410257     
      2      2      2      2           4           0  -8.19808484556759     
      2      2      2      2           2           0   10.1246770148818     
      2      2      2      2           0           0  -25.2538750000000     
          60           6
   1   1   3   3   0   0   0   0-11.7368   1   1
   1   1   3   3   2   0   0   0  5.3787   1   1
   1   1   3   4   2   0   0   0 -2.0565   1   1
   1   1   4   3   2   0   0   0  2.0565   1   1
   1   1   4   4   0   0   0   0-17.2009   1   1
   1   1   4   4   2   0   0   0  0.9131   1   1
   1   2   3   3   2   0   0   0 -2.0565   1   1
   1   2   3   4   2   0   0   0  5.1899   1   1
   1   2   3   4   4   0   0   0 -8.3462   1   1
   1   2   4   3   2   0   0   0 -5.2338   1   1
   1   2   4   3   4   0   0   0 12.0307   1   1
   1   2   4   4   2   0   0   0  3.7083   1   1
   1   2   4   4   4   0   0   0  9.1508   1   1
   2   1   3   3   2   0   0   0  2.0565   1   1
   2   1   3   4   2   0   0   0 -5.2338   1   1
   2   1   3   4   4   0   0   0 12.0307   1   1
   2   1   4   3   2   0   0   0  5.1899   1   1
   2   1   4   3   4   0   0   0 -8.3462   1   1
   2   1   4   4   2   0   0   0 -3.7083   1   1
   2   1   4   4   4   0   0   0 -9.1508   1   1
   2   2   3   3   0   0   0   0-17.2009   1   1
   2   2   3   3   2   0   0   0  0.9131   1   1
   2   2   3   4   2   0   0   0  3.7083   1   1
   2   2   3   4   4   0   0   0  9.1508   1   1
   2   2   4   3   2   0   0   0 -3.7083   1   1
   2   2   4   3   4   0   0   0 -9.1508   1   1
   2   2   4   4   0   0   0   0-25.2539   1   1
   2   2   4   4   2   0   0   0 10.1247   1   1
   2   2   4   4   4   0   0   0 -8.1981   1   1
   2   2   4   4   6   0   0   0  4.3596   1   1
   3   3   1   1   0   0   0   0-11.7368   1   1
   3   3   1   1   2   0   0   0  5.3787   1   1
   3   3   1   2   2   0   0   0 -2.0565   1   1
   3   3   2   1   2   0   0   0  2.0565   1   1
   3   3   2   2   0   0   0   0-17.2009   1   1
   3   3   2   2   2   0   0   0  0.9131   1   1
   3   4   1   1   2   0   0   0 -2.0565   1   1
   3   4   1   2   2   0   0   0  5.1899   1   1
   3   4   1   2   4   0   0   0 -8.3462   1   1
   3   4   2   1   2   0   0   0 -5.2338   1   1
   3   4   2   1   4   0   0   0 12.0307   1   1
   3   4   2   2   2   0   0   0  3.7083   1   1
   3   4   2   2   4   0   0   0  9.1508   1   1
   4   3   1   1   2   0   0   0  2.0565   1   1
   4   3   1   2   2   0   0   0 -5.2338   1   1
   4   3   1   2   4   0   0   0 12.0307   1   1
   4   3   2   1   2   0   0   0  5.1899   1   1
   4   3   2   1   4   0   0   0 -8.3462   1   1
   4   3   2   2   2   0   0   0 -3.7083   1   1
   4   3   2   2   4   0   0   0 -9.1508   1   1
   4   4   1   1   0   0   0   0-17.2009   1   1
   4   4   1   1   2   0   0   0  0.9131   1   1
   4   4   1   2   2   0   0   0  3.7083   1   1
   4   4   1   2   4   0   0   0  9.1508   1   1
   4   4   2   1   2   0   0   0 -3.7083   1   1
   4   4   2   1   4   0   0   0 -9.1508   1   1
   4   4   2   2   0   0   0   0-25.2539   1   1
   4   4   2   2   2   0   0   0 10.1247   1   1
   4   4   2   2   4   0   0   0 -8.1981   1   1
   4   4   2   2   6   0   0   0  4.3596   1   1
