 ! Total Interaction
  20
   1   1   1   1     1     0  -7.3923
   1   2   1   1     1     0  -0.3558
   2   2   1   1     1     0   3.7645
   1   1   1   2     1     0  -0.3558
   1   2   1   2     1     0 -12.4551
   2   2   1   2     1     0  -6.9665
   1   1   2   2     1     0   3.7645
   1   2   2   2     1     0  -6.9665
   2   2   2   2     1     0  -7.8712
   1   2   1   2     2     0  -8.7606
   2   2   2   2     3     0  -8.7606
   1   1   1   1     0     1  -1.2990
   2   2   1   1     0     1  -3.3390
   1   1   2   2     0     1  -3.3390
   2   2   2   2     0     1  -3.6600
   1   2   1   2     1     1   0.4590
   1   2   1   2     2     1  -2.6943
   2   2   1   2     2     1   1.3770
   1   2   2   2     2     1   1.3770
   2   2   2   2     2     1  -1.7207
