      1      2      1      2  -1.29900000000000     
      2      4      1      2  0.000000000000000E+000
      1      5      1      2  0.000000000000000E+000
      4      5      1      2   2.36102954238188     
      3      6      1      2  -2.36102954238188     
      1      3      1      3  -2.69430000000000     
      3      4      1      3  -1.37700000000000     
      2      3      2      3 -0.329325000000000     
      1      4      2      3  -1.36541895287674     
      3      5      2      3 -0.688500000000000     
      2      3      1      4  -1.36541895287674     
      1      4      1      4  -1.90597500000000     
      3      5      1      4  -1.19251698101117     
      1      2      2      4  0.000000000000000E+000
      2      4      2      4  -1.11765000000000     
      1      5      2      4  -1.57665000000000     
      4      5      2      4 -0.688500000000000     
      3      6      2      4 -0.688500000000000     
      1      3      3      4  -1.37700000000000     
      3      4      3      4  -1.72070000000000     
      1      2      1      5  0.000000000000000E+000
      2      4      1      5  -1.57665000000000     
      1      5      1      5  -1.11765000000000     
      4      5      1      5 -0.688500000000000     
      3      6      1      5 -0.688500000000000     
      2      5      2      5  -1.90597500000000     
      1      6      2      5  -1.36541895287674     
      4      6      2      5  -1.19251698101117     
      2      3      3      5 -0.688500000000000     
      1      4      3      5  -1.19251698101117     
      3      5      3      5  -1.72070000000000     
      1      2      4      5   2.36102954238188     
      2      4      4      5 -0.688500000000000     
      1      5      4      5 -0.688500000000000     
      4      5      4      5  -2.69035000000000     
      3      6      4      5  0.969650000000001     
      2      5      1      6  -1.36541895287674     
      1      6      1      6 -0.329325000000000     
      4      6      1      6 -0.688500000000000     
      2      6      2      6  -2.69430000000000     
      5      6      2      6  -1.37700000000000     
      1      2      3      6  -2.36102954238188     
      2      4      3      6 -0.688500000000000     
      1      5      3      6 -0.688500000000000     
      4      5      3      6  0.969650000000001     
      3      6      3      6  -2.69035000000000     
      2      5      4      6  -1.19251698101117     
      1      6      4      6 -0.688500000000000     
      4      6      4      6  -1.72070000000000     
      2      6      5      6  -1.37700000000000     
      5      6      5      6  -1.72070000000000     
      1      7      1      7  -7.39230000000000     
      4      7      1      7  0.125794296373087     
      3      8      1      7 -0.217882112620564     
      2      9      1      7 -0.217882112620564     
      5      9      1      7   2.06190156772820     
      1     10      1      7  0.125794296373087     
      4     10      1      7  -2.38087885034077     
      3     11      1      7   2.06190156772820     
      2      7      2      7  -4.34565000000000     
      5      7      2      7  0.125794296373087     
      1      8      2      7  -3.04665000000000     
      4      8      2      7 -0.125794296373087     
      6      9      2      7  0.605144366564639     
      2     10      2      7 -0.125794296373087     
      5     10      2      7  0.585295058605748     
      1     11      2      7  0.125794296373087     
      4     11      2      7  -1.77573448377613     
      3     12      2      7   2.96617390894652     
      3      7      3      7  -5.72745000000000     
      1      9      3      7  -3.03315000000000     
      4      9      3      7 -0.688500000000000     
      3     10      3      7  0.688500000000000     
      1      7      4      7  0.125794296373087     
      4      7      4      7  -5.79510000000000     
      3      8      4      7  0.117173237132035     
      2      9      4      7   1.48259219000877     
      5      9      4      7  0.752798433562113     
      1     10      4      7  -3.88912500000000     
      4     10      4      7  -1.55775675652523     
      3     11      4      7   1.94531541457329     
      2      7      5      7  0.125794296373087     
      5      7      5      7  -5.86275000000000     
      1      8      5      7  0.125794296373087     
      4      8      5      7  0.135300000000001     
      6      9      5      7   1.99238513478784     
      2     10      5      7   1.71195000000000     
      5     10      5      7  -1.12312837826261     
      1     11      5      7  -4.74510000000000     
      4     11      5      7 -0.434628378262615     
      3     12      5      7   2.68088513478784     
      6      7      6      7  -5.93040000000000     
      2      8      6      7  0.217882112620564     
      5      8      6      7  0.117173237132036     
      6     10      6      7   1.99238513478784     
      2     11      6      7   1.48259219000877     
      5     11      6      7  -2.69811384813540     
      1     12      6      7  -5.60107500000000     
      4     12      6      7   2.68088513478784     
      2      7      1      8  -3.04665000000000     
      5      7      1      8  0.125794296373087     
      1      8      1      8  -4.34565000000000     
      4      8      1      8 -0.125794296373087     
      6      9      1      8   2.96617390894652     
      2     10      1      8 -0.125794296373087     
      5     10      1      8  -1.77573448377613     
      1     11      1      8  0.125794296373087     
      4     11      1      8  0.585295058605748     
      3     12      1      8  0.605144366564639     
      6      7      2      8  0.217882112620564     
      2      8      2      8  -7.39230000000000     
      5      8      2      8 -0.125794296373087     
      6     10      2      8   2.06190156772820     
      2     11      2      8 -0.125794296373087     
      5     11      2      8  -2.38087885034077     
      1     12      2      8  0.217882112620564     
      4     12      2      8   2.06190156772820     
      1      7      3      8 -0.217882112620564     
      4      7      3      8  0.117173237132036     
      3      8      3      8  -5.93040000000000     
      2      9      3      8  -5.60107500000000     
      5      9      3      8  -2.68088513478784     
      1     10      3      8   1.48259219000877     
      4     10      3      8   2.69811384813540     
      3     11      3      8  -1.99238513478784     
      2      7      4      8 -0.125794296373087     
      5      7      4      8  0.135300000000001     
      1      8      4      8 -0.125794296373087     
      4      8      4      8  -5.86275000000000     
      6      9      4      8  -2.68088513478784     
      2     10      4      8  -4.74510000000000     
      5     10      4      8  0.434628378262615     
      1     11      4      8   1.71195000000000     
      4     11      4      8   1.12312837826261     
      3     12      4      8  -1.99238513478784     
      6      7      5      8  0.117173237132035     
      2      8      5      8 -0.125794296373087     
      5      8      5      8  -5.79510000000000     
      6     10      5      8  -1.94531541457329     
      2     11      5      8  -3.88912500000000     
      5     11      5      8   1.55775675652523     
      1     12      5      8   1.48259219000877     
      4     12      5      8 -0.752798433562113     
      6      8      6      8  -5.72745000000000     
      6     11      6      8 -0.688500000000000     
      2     12      6      8  -3.03315000000000     
      5     12      6      8  0.688500000000000     
      7      8      7      8  -1.29900000000000     
      8     10      7      8  0.000000000000000E+000
      7     11      7      8  0.000000000000000E+000
     10     11      7      8   2.36102954238188     
      9     12      7      8  -2.36102954238188     
      3      7      1      9  -3.03315000000000     
      1      9      1      9  -5.72745000000000     
      4      9      1      9  0.688500000000000     
      3     10      1      9 -0.688500000000000     
      1      7      2      9 -0.217882112620564     
      4      7      2      9   1.48259219000877     
      3      8      2      9  -5.60107500000000     
      2      9      2      9  -5.93040000000000     
      5      9      2      9  -1.99238513478784     
      1     10      2      9  0.117173237132036     
      4     10      2      9   2.69811384813540     
      3     11      2      9  -2.68088513478784     
      3      9      3      9  -8.76060000000000     
      3      7      4      9 -0.688500000000000     
      1      9      4      9  0.688500000000000     
      4      9      4      9  -5.24065000000000     
      3     10      4      9  -3.51995000000000     
      1      7      5      9   2.06190156772820     
      4      7      5      9  0.752798433562113     
      3      8      5      9  -2.68088513478784     
      2      9      5      9  -1.99238513478784     
      5      9      5      9  -4.97383000000000     
      1     10      5      9   1.94531541457329     
      4     10      5      9 -0.308097197650348     
      3     11      5      9  -3.25313000000000     
      2      7      6      9  0.605144366564639     
      5      7      6      9   1.99238513478784     
      1      8      6      9   2.96617390894652     
      4      8      6      9  -2.68088513478784     
      6      9      6      9  -5.32524500000000     
      2     10      6      9  -1.99238513478784     
      5     10      6      9  0.351415000000002     
      1     11      6      9   2.68088513478784     
      4     11      6      9 -0.618234999999998     
      3     12      6      9  -2.63489500000000     
      7      9      7      9  -2.69430000000000     
      9     10      7      9  -1.37700000000000     
      8      9      8      9 -0.329325000000000     
      7     10      8      9  -1.36541895287674     
      9     11      8      9 -0.688500000000000     
      1      7      1     10  0.125794296373087     
      4      7      1     10  -3.88912500000000     
      3      8      1     10   1.48259219000877     
      2      9      1     10  0.117173237132035     
      5      9      1     10   1.94531541457329     
      1     10      1     10  -5.79510000000000     
      4     10      1     10  -1.55775675652523     
      3     11      1     10  0.752798433562113     
      2      7      2     10 -0.125794296373087     
      5      7      2     10   1.71195000000000     
      1      8      2     10 -0.125794296373087     
      4      8      2     10  -4.74510000000000     
      6      9      2     10  -1.99238513478784     
      2     10      2     10  -5.86275000000000     
      5     10      2     10   1.12312837826261     
      1     11      2     10  0.135300000000001     
      4     11      2     10  0.434628378262615     
      3     12      2     10  -2.68088513478784     
      3      7      3     10  0.688500000000000     
      1      9      3     10 -0.688500000000000     
      4      9      3     10  -3.51995000000000     
      3     10      3     10  -5.24065000000000     
      1      7      4     10  -2.38087885034077     
      4      7      4     10  -1.55775675652523     
      3      8      4     10   2.69811384813540     
      2      9      4     10   2.69811384813540     
      5      9      4     10 -0.308097197650348     
      1     10      4     10  -1.55775675652523     
      4     10      4     10  -8.40484000000000     
      3     11      4     10 -0.308097197650348     
      2      7      5     10  0.585295058605748     
      5      7      5     10  -1.12312837826261     
      1      8      5     10  -1.77573448377613     
      4      8      5     10  0.434628378262615     
      6      9      5     10  0.351415000000002     
      2     10      5     10   1.12312837826261     
      5     10      5     10  -5.68100500000000     
      1     11      5     10 -0.434628378262615     
      4     11      5     10  -2.99065500000000     
      3     12      5     10 -0.618234999999999     
      6      7      6     10   1.99238513478784     
      2      8      6     10   2.06190156772820     
      5      8      6     10  -1.94531541457329     
      6     10      6     10  -4.97383000000000     
      2     11      6     10 -0.752798433562113     
      5     11      6     10 -0.308097197650348     
      1     12      6     10   2.68088513478784     
      4     12      6     10  -3.25313000000000     
      8      9      7     10  -1.36541895287674     
      7     10      7     10  -1.90597500000000     
      9     11      7     10  -1.19251698101117     
      7      8      8     10  0.000000000000000E+000
      8     10      8     10  -1.11765000000000     
      7     11      8     10  -1.57665000000000     
     10     11      8     10 -0.688500000000000     
      9     12      8     10 -0.688500000000000     
      7      9      9     10  -1.37700000000000     
      9     10      9     10  -1.72070000000000     
      2      7      1     11  0.125794296373087     
      5      7      1     11  -4.74510000000000     
      1      8      1     11  0.125794296373087     
      4      8      1     11   1.71195000000000     
      6      9      1     11   2.68088513478784     
      2     10      1     11  0.135300000000001     
      5     10      1     11 -0.434628378262615     
      1     11      1     11  -5.86275000000000     
      4     11      1     11  -1.12312837826261     
      3     12      1     11   1.99238513478784     
      6      7      2     11   1.48259219000877     
      2      8      2     11 -0.125794296373087     
      5      8      2     11  -3.88912500000000     
      6     10      2     11 -0.752798433562113     
      2     11      2     11  -5.79510000000000     
      5     11      2     11   1.55775675652523     
      1     12      2     11  0.117173237132035     
      4     12      2     11  -1.94531541457329     
      1      7      3     11   2.06190156772820     
      4      7      3     11   1.94531541457329     
      3      8      3     11  -1.99238513478784     
      2      9      3     11  -2.68088513478784     
      5      9      3     11  -3.25313000000000     
      1     10      3     11  0.752798433562113     
      4     10      3     11 -0.308097197650348     
      3     11      3     11  -4.97383000000000     
      2      7      4     11  -1.77573448377613     
      5      7      4     11 -0.434628378262615     
      1      8      4     11  0.585295058605748     
      4      8      4     11   1.12312837826261     
      6      9      4     11 -0.618234999999999     
      2     10      4     11  0.434628378262615     
      5     10      4     11  -2.99065500000000     
      1     11      4     11  -1.12312837826261     
      4     11      4     11  -5.68100500000000     
      3     12      4     11  0.351415000000002     
      6      7      5     11  -2.69811384813540     
      2      8      5     11  -2.38087885034077     
      5      8      5     11   1.55775675652523     
      6     10      5     11 -0.308097197650348     
      2     11      5     11   1.55775675652523     
      5     11      5     11  -8.40484000000000     
      1     12      5     11  -2.69811384813540     
      4     12      5     11 -0.308097197650348     
      6      8      6     11 -0.688500000000000     
      6     11      6     11  -5.24065000000000     
      2     12      6     11  0.688500000000000     
      5     12      6     11  -3.51995000000000     
      7      8      7     11  0.000000000000000E+000
      8     10      7     11  -1.57665000000000     
      7     11      7     11  -1.11765000000000     
     10     11      7     11 -0.688500000000000     
      9     12      7     11 -0.688500000000000     
      8     11      8     11  -1.90597500000000     
      7     12      8     11  -1.36541895287674     
     10     12      8     11  -1.19251698101117     
      8      9      9     11 -0.688500000000000     
      7     10      9     11  -1.19251698101117     
      9     11      9     11  -1.72070000000000     
      7      8     10     11   2.36102954238188     
      8     10     10     11 -0.688500000000000     
      7     11     10     11 -0.688500000000000     
     10     11     10     11  -2.69035000000000     
      9     12     10     11  0.969650000000001     
      6      7      1     12  -5.60107500000000     
      2      8      1     12  0.217882112620564     
      5      8      1     12   1.48259219000877     
      6     10      1     12   2.68088513478784     
      2     11      1     12  0.117173237132036     
      5     11      1     12  -2.69811384813540     
      1     12      1     12  -5.93040000000000     
      4     12      1     12   1.99238513478784     
      6      8      2     12  -3.03315000000000     
      6     11      2     12  0.688500000000000     
      2     12      2     12  -5.72745000000000     
      5     12      2     12 -0.688500000000000     
      2      7      3     12   2.96617390894652     
      5      7      3     12   2.68088513478784     
      1      8      3     12  0.605144366564639     
      4      8      3     12  -1.99238513478784     
      6      9      3     12  -2.63489500000000     
      2     10      3     12  -2.68088513478784     
      5     10      3     12 -0.618234999999998     
      1     11      3     12   1.99238513478784     
      4     11      3     12  0.351415000000002     
      3     12      3     12  -5.32524500000000     
      6      7      4     12   2.68088513478784     
      2      8      4     12   2.06190156772820     
      5      8      4     12 -0.752798433562113     
      6     10      4     12  -3.25313000000000     
      2     11      4     12  -1.94531541457329     
      5     11      4     12 -0.308097197650348     
      1     12      4     12   1.99238513478784     
      4     12      4     12  -4.97383000000000     
      6      8      5     12  0.688500000000000     
      6     11      5     12  -3.51995000000000     
      2     12      5     12 -0.688500000000000     
      5     12      5     12  -5.24065000000000     
      6     12      6     12  -8.76060000000000     
      8     11      7     12  -1.36541895287674     
      7     12      7     12 -0.329325000000000     
     10     12      7     12 -0.688500000000000     
      8     12      8     12  -2.69430000000000     
     11     12      8     12  -1.37700000000000     
      7      8      9     12  -2.36102954238188     
      8     10      9     12 -0.688500000000000     
      7     11      9     12 -0.688500000000000     
     10     11      9     12  0.969650000000001     
      9     12      9     12  -2.69035000000000     
      8     11     10     12  -1.19251698101117     
      7     12     10     12 -0.688500000000000     
     10     12     10     12  -1.72070000000000     
      8     12     11     12  -1.37700000000000     
     11     12     11     12  -1.72070000000000     
