      1      1      1      1           2           0   5.27695259287972     
      1      1      1      1           0           0  -11.7379500000000     
      1      1      1      2           2           0 -0.435764225241127     
      1      1      2      1           2           0 -0.435764225241127     
      1      1      2      2           4           0  -6.63256649349069     
      1      1      2      2           2           0   3.11004235653224     
      1      2      1      1           2           0  0.435764225241127     
      1      2      1      2           2           0 -0.370534310152242     
      1      2      1      2           0           0  -16.4866895781112     
      1      2      2      1           4           0   12.5243844470746     
      1      2      2      1           2           0  -3.77097771696877     
      1      2      2      2           4           0   8.47770317121709     
      1      2      2      2           2           0   2.38055766906322     
      2      1      1      1           2           0  0.435764225241127     
      2      1      1      2           4           0   12.5243844470746     
      2      1      1      2           2           0  -3.77097771696877     
      2      1      2      1           2           0 -0.370534310152242     
      2      1      2      1           0           0  -16.4866895781112     
      2      1      2      2           4           0   8.47770317121709     
      2      1      2      2           2           0   2.38055766906322     
      2      2      1      1           4           0  -6.63256649349069     
      2      2      1      1           2           0   3.11004235653224     
      2      2      1      2           4           0  -8.47770317121709     
      2      2      1      2           2           0  -2.38055766906322     
      2      2      2      1           4           0  -8.47770317121709     
      2      2      2      1           2           0  -2.38055766906322     
      2      2      2      2           6           0   6.97127690076754     
      2      2      2      2           4           0  -8.65663530571348     
      2      2      2      2           2           0   6.10425800086096     
      2      2      2      2           0           0  -24.3003250000000     
      1      1      1      1           2           0   5.27695259287972     
      1      1      1      1           0           0  -11.7379500000000     
      1      1      1      2           2           0 -0.435764225241127     
      1      1      2      1           2           0 -0.435764225241127     
      1      1      2      2           4           0  -6.63256649349069     
      1      1      2      2           2           0   3.11004235653224     
      1      2      1      1           2           0  0.435764225241127     
      1      2      1      2           2           0 -0.370534310152242     
      1      2      1      2           0           0  -16.4866895781112     
      1      2      2      1           4           0   12.5243844470746     
      1      2      2      1           2           0  -3.77097771696877     
      1      2      2      2           4           0   8.47770317121709     
      1      2      2      2           2           0   2.38055766906322     
      2      1      1      1           2           0  0.435764225241127     
      2      1      1      2           4           0   12.5243844470746     
      2      1      1      2           2           0  -3.77097771696877     
      2      1      2      1           2           0 -0.370534310152242     
      2      1      2      1           0           0  -16.4866895781112     
      2      1      2      2           4           0   8.47770317121709     
      2      1      2      2           2           0   2.38055766906322     
      2      2      1      1           4           0  -6.63256649349069     
      2      2      1      1           2           0   3.11004235653224     
      2      2      1      2           4           0  -8.47770317121709     
      2      2      1      2           2           0  -2.38055766906322     
      2      2      2      1           4           0  -8.47770317121709     
      2      2      2      1           2           0  -2.38055766906322     
      2      2      2      2           6           0   6.97127690076754     
      2      2      2      2           4           0  -8.65663530571348     
      2      2      2      2           2           0   6.10425800086096     
      2      2      2      2           0           0  -24.3003250000000     
          60           6
   1   1   3   3   0   0   0   0-11.7380   1   1
   1   1   3   3   2   0   0   0  5.2770   1   1
   1   1   3   4   2   0   0   0 -0.4358   1   1
   1   1   4   3   2   0   0   0  0.4358   1   1
   1   1   4   4   0   0   0   0-16.4867   1   1
   1   1   4   4   2   0   0   0 -0.3705   1   1
   1   2   3   3   2   0   0   0 -0.4358   1   1
   1   2   3   4   2   0   0   0  3.1100   1   1
   1   2   3   4   4   0   0   0 -6.6326   1   1
   1   2   4   3   2   0   0   0 -3.7710   1   1
   1   2   4   3   4   0   0   0 12.5244   1   1
   1   2   4   4   2   0   0   0  2.3806   1   1
   1   2   4   4   4   0   0   0  8.4777   1   1
   2   1   3   3   2   0   0   0  0.4358   1   1
   2   1   3   4   2   0   0   0 -3.7710   1   1
   2   1   3   4   4   0   0   0 12.5244   1   1
   2   1   4   3   2   0   0   0  3.1100   1   1
   2   1   4   3   4   0   0   0 -6.6326   1   1
   2   1   4   4   2   0   0   0 -2.3806   1   1
   2   1   4   4   4   0   0   0 -8.4777   1   1
   2   2   3   3   0   0   0   0-16.4867   1   1
   2   2   3   3   2   0   0   0 -0.3705   1   1
   2   2   3   4   2   0   0   0  2.3806   1   1
   2   2   3   4   4   0   0   0  8.4777   1   1
   2   2   4   3   2   0   0   0 -2.3806   1   1
   2   2   4   3   4   0   0   0 -8.4777   1   1
   2   2   4   4   0   0   0   0-24.3003   1   1
   2   2   4   4   2   0   0   0  6.1043   1   1
   2   2   4   4   4   0   0   0 -8.6566   1   1
   2   2   4   4   6   0   0   0  6.9713   1   1
   3   3   1   1   0   0   0   0-11.7380   1   1
   3   3   1   1   2   0   0   0  5.2770   1   1
   3   3   1   2   2   0   0   0 -0.4358   1   1
   3   3   2   1   2   0   0   0  0.4358   1   1
   3   3   2   2   0   0   0   0-16.4867   1   1
   3   3   2   2   2   0   0   0 -0.3705   1   1
   3   4   1   1   2   0   0   0 -0.4358   1   1
   3   4   1   2   2   0   0   0  3.1100   1   1
   3   4   1   2   4   0   0   0 -6.6326   1   1
   3   4   2   1   2   0   0   0 -3.7710   1   1
   3   4   2   1   4   0   0   0 12.5244   1   1
   3   4   2   2   2   0   0   0  2.3806   1   1
   3   4   2   2   4   0   0   0  8.4777   1   1
   4   3   1   1   2   0   0   0  0.4358   1   1
   4   3   1   2   2   0   0   0 -3.7710   1   1
   4   3   1   2   4   0   0   0 12.5244   1   1
   4   3   2   1   2   0   0   0  3.1100   1   1
   4   3   2   1   4   0   0   0 -6.6326   1   1
   4   3   2   2   2   0   0   0 -2.3806   1   1
   4   3   2   2   4   0   0   0 -8.4777   1   1
   4   4   1   1   0   0   0   0-16.4867   1   1
   4   4   1   1   2   0   0   0 -0.3705   1   1
   4   4   1   2   2   0   0   0  2.3806   1   1
   4   4   1   2   4   0   0   0  8.4777   1   1
   4   4   2   1   2   0   0   0 -2.3806   1   1
   4   4   2   1   4   0   0   0 -8.4777   1   1
   4   4   2   2   0   0   0   0-24.3003   1   1
   4   4   2   2   2   0   0   0  6.1043   1   1
   4   4   2   2   4   0   0   0 -8.6566   1   1
   4   4   2   2   6   0   0   0  6.9713   1   1
