 ! Total Interaction
  20
   1   1   1   1     1     0  -8.1878
   1   2   1   1     1     0  -0.2611
   2   2   1   1     1     0   3.5995
   1   1   1   2     1     0  -0.2611
   1   2   1   2     1     0 -13.2265
   2   2   1   2     1     0  -6.7862
   1   1   2   2     1     0   3.5995
   1   2   2   2     1     0  -6.7862
   2   2   2   2     1     0  -8.8039
   1   2   1   2     2     0  -9.4567
   2   2   2   2     3     0  -9.4567
   1   1   1   1     0     1  -1.2032
   2   2   1   1     0     1  -3.7340
   1   1   2   2     0     1  -3.7340
   2   2   2   2     0     1  -3.8435
   1   2   1   2     1     1   0.6639
   1   2   1   2     2     1  -3.0343
   2   2   1   2     2     1   1.5214
   1   2   2   2     2     1   1.5214
   2   2   2   2     2     1  -1.9585
