      1      2      1      2  -1.20320000000000     
      2      4      1      2  0.000000000000000E+000
      1      5      1      2  0.000000000000000E+000
      4      5      1      2   2.64033672095057     
      3      6      1      2  -2.64033672095057     
      1      3      1      3  -3.03430000000000     
      3      4      1      3  -1.52140000000000     
      2      3      2      3 -0.260650000000000     
      1      4      2      3  -1.60136757413781     
      3      5      2      3 -0.760700000000000     
      2      3      1      4  -1.60136757413781     
      1      4      1      4  -2.10975000000000     
      3      5      1      4  -1.31757104931765     
      1      2      2      4  0.000000000000000E+000
      2      4      2      4  -1.18520000000000     
      1      5      2      4  -1.84910000000000     
      4      5      2      4 -0.760700000000000     
      3      6      2      4 -0.760700000000000     
      1      3      3      4  -1.52140000000000     
      3      4      3      4  -1.95850000000000     
      1      2      1      5  0.000000000000000E+000
      2      4      1      5  -1.84910000000000     
      1      5      1      5  -1.18520000000000     
      4      5      1      5 -0.760700000000000     
      3      6      1      5 -0.760700000000000     
      2      5      2      5  -2.10975000000000     
      1      6      2      5  -1.60136757413781     
      4      6      2      5  -1.31757104931765     
      2      3      3      5 -0.760700000000000     
      1      4      3      5  -1.31757104931765     
      3      5      3      5  -1.95850000000000     
      1      2      4      5   2.64033672095057     
      2      4      4      5 -0.760700000000000     
      1      5      4      5 -0.760700000000000     
      4      5      4      5  -2.90100000000000     
      3      6      4      5  0.942500000000000     
      2      5      1      6  -1.60136757413781     
      1      6      1      6 -0.260650000000000     
      4      6      1      6 -0.760700000000000     
      2      6      2      6  -3.03430000000000     
      5      6      2      6  -1.52140000000000     
      1      2      3      6  -2.64033672095057     
      2      4      3      6 -0.760700000000000     
      1      5      3      6 -0.760700000000000     
      4      5      3      6  0.942500000000000     
      3      6      3      6  -2.90100000000000     
      2      5      4      6  -1.31757104931765     
      1      6      4      6 -0.760700000000000     
      4      6      4      6  -1.95850000000000     
      2      6      5      6  -1.52140000000000     
      5      6      5      6  -1.95850000000000     
      1      7      1      7  -8.18780000000000     
      4      7      1      7  9.231279028390381E-002
      3      8      1      7 -0.159890442960172     
      2      9      1      7 -0.159890442960172     
      5      9      1      7   1.97152734573985     
      1     10      1      7  9.231279028390381E-002
      4     10      1      7  -2.27652368755522     
      3     11      1      7   1.97152734573985     
      2      7      2      7  -4.69550000000000     
      5      7      2      7  9.231279028390380E-002
      1      8      2      7  -3.49230000000000     
      4      8      2      7 -9.231279028390380E-002
      6      9      2      7  0.387224405191128     
      2     10      2      7 -9.231279028390380E-002
      5     10      2      7  0.751037438586480     
      1     11      2      7  9.231279028390380E-002
      4     11      2      7  -1.88929928236409     
      3     12      2      7   3.02756112614170     
      3      7      3      7  -6.24550000000000     
      1      9      3      7  -3.21120000000000     
      4      9      3      7 -0.760700000000000     
      3     10      3      7  0.760700000000000     
      1      7      4      7  9.231279028390381E-002
      4      7      4      7  -6.25445000000000     
      3      8      4      7  1.550185472774257E-002
      2      9      4      7   1.61686942886555     
      5      9      4      7  0.655356454542816     
      1     10      4      7  -4.14470000000000     
      4     10      4      7  -1.51744045089091     
      3     11      4      7   1.97292750386046     
      2      7      5      7  9.231279028390381E-002
      5      7      5      7  -6.26340000000000     
      1      8      5      7  9.231279028390381E-002
      4      8      5      7  1.790000000000247E-002
      6      9      5      7   1.89581067633636     
      2     10      5      7   1.86700000000000     
      5     10      5      7  -1.13907022544545     
      1     11      5      7  -5.07820000000000     
      4     11      5      7 -0.378370225445454     
      3     12      5      7   2.65651067633636     
      6      7      6      7  -6.27235000000000     
      2      8      6      7  0.159890442960172     
      5      8      6      7  1.550185472774246E-002
      6     10      6      7   1.89581067633636     
      2     11      6      7   1.61686942886555     
      5     11      6      7  -2.62828395840328     
      1     12      6      7  -6.01170000000000     
      4     12      6      7   2.65651067633636     
      2      7      1      8  -3.49230000000000     
      5      7      1      8  9.231279028390380E-002
      1      8      1      8  -4.69550000000000     
      4      8      1      8 -9.231279028390380E-002
      6      9      1      8   3.02756112614170     
      2     10      1      8 -9.231279028390380E-002
      5     10      1      8  -1.88929928236409     
      1     11      1      8  9.231279028390380E-002
      4     11      1      8  0.751037438586480     
      3     12      1      8  0.387224405191128     
      6      7      2      8  0.159890442960172     
      2      8      2      8  -8.18780000000000     
      5      8      2      8 -9.231279028390381E-002
      6     10      2      8   1.97152734573985     
      2     11      2      8 -9.231279028390381E-002
      5     11      2      8  -2.27652368755522     
      1     12      2      8  0.159890442960172     
      4     12      2      8   1.97152734573985     
      1      7      3      8 -0.159890442960172     
      4      7      3      8  1.550185472774246E-002
      3      8      3      8  -6.27235000000000     
      2      9      3      8  -6.01170000000000     
      5      9      3      8  -2.65651067633636     
      1     10      3      8   1.61686942886555     
      4     10      3      8   2.62828395840328     
      3     11      3      8  -1.89581067633636     
      2      7      4      8 -9.231279028390381E-002
      5      7      4      8  1.790000000000247E-002
      1      8      4      8 -9.231279028390381E-002
      4      8      4      8  -6.26340000000000     
      6      9      4      8  -2.65651067633636     
      2     10      4      8  -5.07820000000000     
      5     10      4      8  0.378370225445454     
      1     11      4      8   1.86700000000000     
      4     11      4      8   1.13907022544545     
      3     12      4      8  -1.89581067633636     
      6      7      5      8  1.550185472774257E-002
      2      8      5      8 -9.231279028390381E-002
      5      8      5      8  -6.25445000000000     
      6     10      5      8  -1.97292750386046     
      2     11      5      8  -4.14470000000000     
      5     11      5      8   1.51744045089091     
      1     12      5      8   1.61686942886555     
      4     12      5      8 -0.655356454542816     
      6      8      6      8  -6.24550000000000     
      6     11      6      8 -0.760700000000000     
      2     12      6      8  -3.21120000000000     
      5     12      6      8  0.760700000000000     
      7      8      7      8  -1.20320000000000     
      8     10      7      8  0.000000000000000E+000
      7     11      7      8  0.000000000000000E+000
     10     11      7      8   2.64033672095057     
      9     12      7      8  -2.64033672095057     
      3      7      1      9  -3.21120000000000     
      1      9      1      9  -6.24550000000000     
      4      9      1      9  0.760700000000000     
      3     10      1      9 -0.760700000000000     
      1      7      2      9 -0.159890442960172     
      4      7      2      9   1.61686942886555     
      3      8      2      9  -6.01170000000000     
      2      9      2      9  -6.27235000000000     
      5      9      2      9  -1.89581067633636     
      1     10      2      9  1.550185472774246E-002
      4     10      2      9   2.62828395840328     
      3     11      2      9  -2.65651067633636     
      3      9      3      9  -9.45670000000000     
      3      7      4      9 -0.760700000000000     
      1      9      4      9  0.760700000000000     
      4      9      4      9  -5.70760000000000     
      3     10      4      9  -3.74909999999999     
      1      7      5      9   1.97152734573985     
      4      7      5      9  0.655356454542817     
      3      8      5      9  -2.65651067633636     
      2      9      5      9  -1.89581067633636     
      5      9      5      9  -5.51176000000000     
      1     10      5      9   1.97292750386046     
      4     10      5      9 -0.226136553436187     
      3     11      5      9  -3.55326000000000     
      2      7      6      9  0.387224405191128     
      5      7      6      9   1.89581067633636     
      1      8      6      9   3.02756112614170     
      4      8      6      9  -2.65651067633636     
      6      9      6      9  -5.88509000000000     
      2     10      6      9  -1.89581067633636     
      5     10      6      9  0.373330000000003     
      1     11      6      9   2.65651067633636     
      4     11      6      9 -0.569169999999998     
      3     12      6      9  -2.98409000000000     
      7      9      7      9  -3.03430000000000     
      9     10      7      9  -1.52140000000000     
      8      9      8      9 -0.260650000000000     
      7     10      8      9  -1.60136757413781     
      9     11      8      9 -0.760700000000000     
      1      7      1     10  9.231279028390381E-002
      4      7      1     10  -4.14470000000000     
      3      8      1     10   1.61686942886555     
      2      9      1     10  1.550185472774257E-002
      5      9      1     10   1.97292750386046     
      1     10      1     10  -6.25445000000000     
      4     10      1     10  -1.51744045089091     
      3     11      1     10  0.655356454542816     
      2      7      2     10 -9.231279028390381E-002
      5      7      2     10   1.86700000000000     
      1      8      2     10 -9.231279028390381E-002
      4      8      2     10  -5.07820000000000     
      6      9      2     10  -1.89581067633636     
      2     10      2     10  -6.26340000000000     
      5     10      2     10   1.13907022544545     
      1     11      2     10  1.790000000000247E-002
      4     11      2     10  0.378370225445454     
      3     12      2     10  -2.65651067633636     
      3      7      3     10  0.760700000000000     
      1      9      3     10 -0.760700000000000     
      4      9      3     10  -3.74909999999999     
      3     10      3     10  -5.70759999999999     
      1      7      4     10  -2.27652368755522     
      4      7      4     10  -1.51744045089091     
      3      8      4     10   2.62828395840328     
      2      9      4     10   2.62828395840328     
      5      9      4     10 -0.226136553436187     
      1     10      4     10  -1.51744045089091     
      4     10      4     10  -9.19558000000000     
      3     11      4     10 -0.226136553436187     
      2      7      5     10  0.751037438586480     
      5      7      5     10  -1.13907022544545     
      1      8      5     10  -1.88929928236409     
      4      8      5     10  0.378370225445454     
      6      9      5     10  0.373330000000003     
      2     10      5     10   1.13907022544545     
      5     10      5     10  -6.14621000000000     
      1     11      5     10 -0.378370225445454     
      4     11      5     10  -3.24521000000000     
      3     12      5     10 -0.569169999999998     
      6      7      6     10   1.89581067633636     
      2      8      6     10   1.97152734573985     
      5      8      6     10  -1.97292750386046     
      6     10      6     10  -5.51176000000000     
      2     11      6     10 -0.655356454542817     
      5     11      6     10 -0.226136553436187     
      1     12      6     10   2.65651067633636     
      4     12      6     10  -3.55326000000000     
      8      9      7     10  -1.60136757413781     
      7     10      7     10  -2.10975000000000     
      9     11      7     10  -1.31757104931765     
      7      8      8     10  0.000000000000000E+000
      8     10      8     10  -1.18520000000000     
      7     11      8     10  -1.84910000000000     
     10     11      8     10 -0.760700000000000     
      9     12      8     10 -0.760700000000000     
      7      9      9     10  -1.52140000000000     
      9     10      9     10  -1.95850000000000     
      2      7      1     11  9.231279028390381E-002
      5      7      1     11  -5.07820000000000     
      1      8      1     11  9.231279028390381E-002
      4      8      1     11   1.86700000000000     
      6      9      1     11   2.65651067633636     
      2     10      1     11  1.790000000000247E-002
      5     10      1     11 -0.378370225445454     
      1     11      1     11  -6.26340000000000     
      4     11      1     11  -1.13907022544545     
      3     12      1     11   1.89581067633636     
      6      7      2     11   1.61686942886555     
      2      8      2     11 -9.231279028390381E-002
      5      8      2     11  -4.14470000000000     
      6     10      2     11 -0.655356454542816     
      2     11      2     11  -6.25445000000000     
      5     11      2     11   1.51744045089091     
      1     12      2     11  1.550185472774257E-002
      4     12      2     11  -1.97292750386046     
      1      7      3     11   1.97152734573985     
      4      7      3     11   1.97292750386046     
      3      8      3     11  -1.89581067633636     
      2      9      3     11  -2.65651067633636     
      5      9      3     11  -3.55326000000000     
      1     10      3     11  0.655356454542817     
      4     10      3     11 -0.226136553436187     
      3     11      3     11  -5.51176000000000     
      2      7      4     11  -1.88929928236409     
      5      7      4     11 -0.378370225445454     
      1      8      4     11  0.751037438586480     
      4      8      4     11   1.13907022544545     
      6      9      4     11 -0.569169999999998     
      2     10      4     11  0.378370225445454     
      5     10      4     11  -3.24521000000000     
      1     11      4     11  -1.13907022544545     
      4     11      4     11  -6.14621000000000     
      3     12      4     11  0.373330000000003     
      6      7      5     11  -2.62828395840328     
      2      8      5     11  -2.27652368755522     
      5      8      5     11   1.51744045089091     
      6     10      5     11 -0.226136553436187     
      2     11      5     11   1.51744045089091     
      5     11      5     11  -9.19558000000000     
      1     12      5     11  -2.62828395840328     
      4     12      5     11 -0.226136553436187     
      6      8      6     11 -0.760700000000000     
      6     11      6     11  -5.70760000000000     
      2     12      6     11  0.760700000000000     
      5     12      6     11  -3.74909999999999     
      7      8      7     11  0.000000000000000E+000
      8     10      7     11  -1.84910000000000     
      7     11      7     11  -1.18520000000000     
     10     11      7     11 -0.760700000000000     
      9     12      7     11 -0.760700000000000     
      8     11      8     11  -2.10975000000000     
      7     12      8     11  -1.60136757413781     
     10     12      8     11  -1.31757104931765     
      8      9      9     11 -0.760700000000000     
      7     10      9     11  -1.31757104931765     
      9     11      9     11  -1.95850000000000     
      7      8     10     11   2.64033672095057     
      8     10     10     11 -0.760700000000000     
      7     11     10     11 -0.760700000000000     
     10     11     10     11  -2.90100000000000     
      9     12     10     11  0.942500000000000     
      6      7      1     12  -6.01170000000000     
      2      8      1     12  0.159890442960172     
      5      8      1     12   1.61686942886555     
      6     10      1     12   2.65651067633636     
      2     11      1     12  1.550185472774246E-002
      5     11      1     12  -2.62828395840328     
      1     12      1     12  -6.27235000000000     
      4     12      1     12   1.89581067633636     
      6      8      2     12  -3.21120000000000     
      6     11      2     12  0.760700000000000     
      2     12      2     12  -6.24550000000000     
      5     12      2     12 -0.760700000000000     
      2      7      3     12   3.02756112614170     
      5      7      3     12   2.65651067633636     
      1      8      3     12  0.387224405191128     
      4      8      3     12  -1.89581067633636     
      6      9      3     12  -2.98409000000000     
      2     10      3     12  -2.65651067633636     
      5     10      3     12 -0.569169999999998     
      1     11      3     12   1.89581067633636     
      4     11      3     12  0.373330000000003     
      3     12      3     12  -5.88509000000000     
      6      7      4     12   2.65651067633636     
      2      8      4     12   1.97152734573985     
      5      8      4     12 -0.655356454542817     
      6     10      4     12  -3.55326000000000     
      2     11      4     12  -1.97292750386046     
      5     11      4     12 -0.226136553436187     
      1     12      4     12   1.89581067633636     
      4     12      4     12  -5.51176000000000     
      6      8      5     12  0.760700000000000     
      6     11      5     12  -3.74909999999999     
      2     12      5     12 -0.760700000000000     
      5     12      5     12  -5.70759999999999     
      6     12      6     12  -9.45670000000000     
      8     11      7     12  -1.60136757413781     
      7     12      7     12 -0.260650000000000     
     10     12      7     12 -0.760700000000000     
      8     12      8     12  -3.03430000000000     
     11     12      8     12  -1.52140000000000     
      7      8      9     12  -2.64033672095057     
      8     10      9     12 -0.760700000000000     
      7     11      9     12 -0.760700000000000     
     10     11      9     12  0.942500000000000     
      9     12      9     12  -2.90100000000000     
      8     11     10     12  -1.31757104931765     
      7     12     10     12 -0.760700000000000     
     10     12     10     12  -1.95850000000000     
      8     12     11     12  -1.52140000000000     
     11     12     11     12  -1.95850000000000     
