      1      1      1      1           2           0   6.04884103527279     
      1      1      1      1           0           0  -12.8833000000000     
      1      1      1      2           2           0 -0.319780885920344     
      1      1      2      1           2           0 -0.319780885920344     
      1      1      2      2           4           0  -6.76983248408865     
      1      1      2      2           2           0   2.64221968946152     
      1      2      1      1           2           0  0.319780885920344     
      1      2      1      2           2           0 -4.902116889671060E-002
      1      2      1      2           0           0  -17.7029132417520     
      1      2      2      1           4           0   13.4425698603355     
      1      2      2      1           2           0  -3.94509212439963     
      1      2      2      2           4           0   8.40062436577727     
      1      2      2      2           2           0   2.07241907564790     
      2      1      1      1           2           0  0.319780885920344     
      2      1      1      2           4           0   13.4425698603355     
      2      1      1      2           2           0  -3.94509212439963     
      2      1      2      1           2           0 -4.902116889671060E-002
      2      1      2      1           0           0  -17.7029132417520     
      2      1      2      2           4           0   8.40062436577727     
      2      1      2      2           2           0   2.07241907564790     
      2      2      1      1           4           0  -6.76983248408865     
      2      2      1      1           2           0   2.64221968946152     
      2      2      1      2           4           0  -8.40062436577727     
      2      2      1      2           2           0  -2.07241907564790     
      2      2      2      1           4           0  -8.40062436577727     
      2      2      2      1           2           0  -2.07241907564790     
      2      2      2      2           6           0   7.89516002983474     
      2      2      2      2           4           0  -9.21803371248446     
      2      2      2      2           2           0   6.29927826153917     
      2      2      2      2           0           0  -26.5611500000000     
      1      1      1      1           2           0   6.04884103527279     
      1      1      1      1           0           0  -12.8833000000000     
      1      1      1      2           2           0 -0.319780885920344     
      1      1      2      1           2           0 -0.319780885920344     
      1      1      2      2           4           0  -6.76983248408865     
      1      1      2      2           2           0   2.64221968946152     
      1      2      1      1           2           0  0.319780885920344     
      1      2      1      2           2           0 -4.902116889671060E-002
      1      2      1      2           0           0  -17.7029132417520     
      1      2      2      1           4           0   13.4425698603355     
      1      2      2      1           2           0  -3.94509212439963     
      1      2      2      2           4           0   8.40062436577727     
      1      2      2      2           2           0   2.07241907564790     
      2      1      1      1           2           0  0.319780885920344     
      2      1      1      2           4           0   13.4425698603355     
      2      1      1      2           2           0  -3.94509212439963     
      2      1      2      1           2           0 -4.902116889671060E-002
      2      1      2      1           0           0  -17.7029132417520     
      2      1      2      2           4           0   8.40062436577727     
      2      1      2      2           2           0   2.07241907564790     
      2      2      1      1           4           0  -6.76983248408865     
      2      2      1      1           2           0   2.64221968946152     
      2      2      1      2           4           0  -8.40062436577727     
      2      2      1      2           2           0  -2.07241907564790     
      2      2      2      1           4           0  -8.40062436577727     
      2      2      2      1           2           0  -2.07241907564790     
      2      2      2      2           6           0   7.89516002983474     
      2      2      2      2           4           0  -9.21803371248446     
      2      2      2      2           2           0   6.29927826153917     
      2      2      2      2           0           0  -26.5611500000000     
          60           6
   1   1   3   3   0   0   0   0-12.8833   1   1
   1   1   3   3   2   0   0   0  6.0488   1   1
   1   1   3   4   2   0   0   0 -0.3198   1   1
   1   1   4   3   2   0   0   0  0.3198   1   1
   1   1   4   4   0   0   0   0-17.7029   1   1
   1   1   4   4   2   0   0   0 -0.0490   1   1
   1   2   3   3   2   0   0   0 -0.3198   1   1
   1   2   3   4   2   0   0   0  2.6422   1   1
   1   2   3   4   4   0   0   0 -6.7698   1   1
   1   2   4   3   2   0   0   0 -3.9451   1   1
   1   2   4   3   4   0   0   0 13.4426   1   1
   1   2   4   4   2   0   0   0  2.0724   1   1
   1   2   4   4   4   0   0   0  8.4006   1   1
   2   1   3   3   2   0   0   0  0.3198   1   1
   2   1   3   4   2   0   0   0 -3.9451   1   1
   2   1   3   4   4   0   0   0 13.4426   1   1
   2   1   4   3   2   0   0   0  2.6422   1   1
   2   1   4   3   4   0   0   0 -6.7698   1   1
   2   1   4   4   2   0   0   0 -2.0724   1   1
   2   1   4   4   4   0   0   0 -8.4006   1   1
   2   2   3   3   0   0   0   0-17.7029   1   1
   2   2   3   3   2   0   0   0 -0.0490   1   1
   2   2   3   4   2   0   0   0  2.0724   1   1
   2   2   3   4   4   0   0   0  8.4006   1   1
   2   2   4   3   2   0   0   0 -2.0724   1   1
   2   2   4   3   4   0   0   0 -8.4006   1   1
   2   2   4   4   0   0   0   0-26.5612   1   1
   2   2   4   4   2   0   0   0  6.2993   1   1
   2   2   4   4   4   0   0   0 -9.2180   1   1
   2   2   4   4   6   0   0   0  7.8952   1   1
   3   3   1   1   0   0   0   0-12.8833   1   1
   3   3   1   1   2   0   0   0  6.0488   1   1
   3   3   1   2   2   0   0   0 -0.3198   1   1
   3   3   2   1   2   0   0   0  0.3198   1   1
   3   3   2   2   0   0   0   0-17.7029   1   1
   3   3   2   2   2   0   0   0 -0.0490   1   1
   3   4   1   1   2   0   0   0 -0.3198   1   1
   3   4   1   2   2   0   0   0  2.6422   1   1
   3   4   1   2   4   0   0   0 -6.7698   1   1
   3   4   2   1   2   0   0   0 -3.9451   1   1
   3   4   2   1   4   0   0   0 13.4426   1   1
   3   4   2   2   2   0   0   0  2.0724   1   1
   3   4   2   2   4   0   0   0  8.4006   1   1
   4   3   1   1   2   0   0   0  0.3198   1   1
   4   3   1   2   2   0   0   0 -3.9451   1   1
   4   3   1   2   4   0   0   0 13.4426   1   1
   4   3   2   1   2   0   0   0  2.6422   1   1
   4   3   2   1   4   0   0   0 -6.7698   1   1
   4   3   2   2   2   0   0   0 -2.0724   1   1
   4   3   2   2   4   0   0   0 -8.4006   1   1
   4   4   1   1   0   0   0   0-17.7029   1   1
   4   4   1   1   2   0   0   0 -0.0490   1   1
   4   4   1   2   2   0   0   0  2.0724   1   1
   4   4   1   2   4   0   0   0  8.4006   1   1
   4   4   2   1   2   0   0   0 -2.0724   1   1
   4   4   2   1   4   0   0   0 -8.4006   1   1
   4   4   2   2   0   0   0   0-26.5612   1   1
   4   4   2   2   2   0   0   0  6.2993   1   1
   4   4   2   2   4   0   0   0 -9.2180   1   1
   4   4   2   2   6   0   0   0  7.8952   1   1
