      1      2      1      2  -1.26940000000000     
      2      4      1      2  0.000000000000000E+000
      1      5      1      2  0.000000000000000E+000
      4      5      1      2   2.00485985669822     
      3      6      1      2  -2.00485985669822     
      1      3      1      3  -2.24590000000000     
      3      4      1      3 -0.770400000000000     
      2      3      2      3 -0.482875000000000     
      1      4      2      3  -1.01788295833804     
      3      5      2      3 -0.385200000000000     
      2      3      1      4  -1.01788295833804     
      1      4      1      4  -1.65822500000000     
      3      5      1      4 -0.667185971075532     
      1      2      2      4  0.000000000000000E+000
      2      4      2      4  -1.07055000000000     
      1      5      2      4  -1.17535000000000     
      4      5      2      4 -0.385200000000000     
      3      6      2      4 -0.385200000000000     
      1      3      3      4 -0.770400000000000     
      3      4      3      4  -1.70110000000000     
      1      2      1      5  0.000000000000000E+000
      2      4      1      5  -1.17535000000000     
      1      5      1      5  -1.07055000000000     
      4      5      1      5 -0.385200000000000     
      3      6      1      5 -0.385200000000000     
      2      5      2      5  -1.65822500000000     
      1      6      2      5  -1.01788295833804     
      4      6      2      5 -0.667185971075532     
      2      3      3      5 -0.385200000000000     
      1      4      3      5 -0.667185971075532     
      3      5      3      5  -1.70110000000000     
      1      2      4      5   2.00485985669822     
      2      4      4      5 -0.385200000000000     
      1      5      4      5 -0.385200000000000     
      4      5      4      5  -2.48770000000000     
      3      6      4      5  0.786600000000000     
      2      5      1      6  -1.01788295833804     
      1      6      1      6 -0.482875000000000     
      4      6      1      6 -0.385200000000000     
      2      6      2      6  -2.24590000000000     
      5      6      2      6 -0.770400000000000     
      1      2      3      6  -2.00485985669822     
      2      4      3      6 -0.385200000000000     
      1      5      3      6 -0.385200000000000     
      4      5      3      6  0.786600000000000     
      3      6      3      6  -2.48770000000000     
      2      5      4      6 -0.667185971075532     
      1      6      4      6 -0.385200000000000     
      4      6      4      6  -1.70110000000000     
      2      6      5      6 -0.770400000000000     
      5      6      5      6  -1.70110000000000     
      1      7      1      7  -6.67480000000000     
      4      7      1      7  0.516506148317714     
      3      8      1      7 -0.894614891307986     
      2      9      1      7 -0.894614891307986     
      5      9      1      7   2.84010577743154     
      1     10      1      7  0.516506148317714     
      4     10      1      7  -3.27947167025422     
      3     11      1      7   2.84010577743154     
      2      7      2      7  -3.97210000000000     
      5      7      2      7  0.516506148317714     
      1      8      2      7  -2.70270000000000     
      4      8      2      7 -0.516506148317714     
      6      9      2      7   1.45717382434156     
      2     10      2      7 -0.516506148317714     
      5     10      2      7  0.182562010785554     
      1     11      2      7  0.516506148317714     
      4     11      2      7  -1.82229784591266     
      3     12      2      7   3.46203368103977     
      3      7      3      7  -5.64545000000000     
      1      9      3      7  -3.39955000000000     
      4      9      3      7 -0.385200000000000     
      3     10      3      7  0.385200000000000     
      1      7      4      7  0.516506148317714     
      4      7      4      7  -5.62365000000000     
      3      8      4      7 -3.775870760500066E-002
      2      9      4      7  0.980124250733040     
      5      9      4      7   1.22737422231767     
      1     10      4      7  -3.96542500000000     
      4     10      4      7  -1.80244967530303     
      3     11      4      7   1.89456019339320     
      2      7      5      7  0.516506148317714     
      5      7      5      7  -5.60185000000000     
      1      8      5      7  0.516506148317714     
      4      8      5      7 -4.359999999999875E-002
      6      9      5      7   2.51107451295455     
      2     10      5      7   1.13175000000000     
      5     10      5      7  -1.09382483765152     
      1     11      5      7  -4.53130000000000     
      4     11      5      7 -0.708624837651516     
      3     12      5      7   2.89627451295455     
      6      7      6      7  -5.58005000000000     
      2      8      6      7  0.894614891307986     
      5      8      6      7 -3.775870760500111E-002
      6     10      6      7   2.51107451295455     
      2     11      6      7  0.980124250733040     
      5     11      6      7  -3.12193441571088     
      1     12      6      7  -5.09717500000000     
      4     12      6      7   2.89627451295455     
      2      7      1      8  -2.70270000000000     
      5      7      1      8  0.516506148317714     
      1      8      1      8  -3.97210000000000     
      4      8      1      8 -0.516506148317714     
      6      9      1      8   3.46203368103977     
      2     10      1      8 -0.516506148317714     
      5     10      1      8  -1.82229784591266     
      1     11      1      8  0.516506148317714     
      4     11      1      8  0.182562010785554     
      3     12      1      8   1.45717382434156     
      6      7      2      8  0.894614891307986     
      2      8      2      8  -6.67480000000000     
      5      8      2      8 -0.516506148317714     
      6     10      2      8   2.84010577743154     
      2     11      2      8 -0.516506148317714     
      5     11      2      8  -3.27947167025422     
      1     12      2      8  0.894614891307986     
      4     12      2      8   2.84010577743154     
      1      7      3      8 -0.894614891307986     
      4      7      3      8 -3.775870760500111E-002
      3      8      3      8  -5.58005000000000     
      2      9      3      8  -5.09717500000000     
      5      9      3      8  -2.89627451295455     
      1     10      3      8  0.980124250733040     
      4     10      3      8   3.12193441571088     
      3     11      3      8  -2.51107451295455     
      2      7      4      8 -0.516506148317714     
      5      7      4      8 -4.359999999999875E-002
      1      8      4      8 -0.516506148317714     
      4      8      4      8  -5.60185000000000     
      6      9      4      8  -2.89627451295455     
      2     10      4      8  -4.53130000000000     
      5     10      4      8  0.708624837651516     
      1     11      4      8   1.13175000000000     
      4     11      4      8   1.09382483765152     
      3     12      4      8  -2.51107451295455     
      6      7      5      8 -3.775870760500066E-002
      2      8      5      8 -0.516506148317714     
      5      8      5      8  -5.62365000000000     
      6     10      5      8  -1.89456019339320     
      2     11      5      8  -3.96542500000000     
      5     11      5      8   1.80244967530303     
      1     12      5      8  0.980124250733040     
      4     12      5      8  -1.22737422231767     
      6      8      6      8  -5.64545000000000     
      6     11      6      8 -0.385200000000000     
      2     12      6      8  -3.39955000000000     
      5     12      6      8  0.385200000000000     
      7      8      7      8  -1.26940000000000     
      8     10      7      8  0.000000000000000E+000
      7     11      7      8  0.000000000000000E+000
     10     11      7      8   2.00485985669822     
      9     12      7      8  -2.00485985669822     
      3      7      1      9  -3.39955000000000     
      1      9      1      9  -5.64545000000000     
      4      9      1      9  0.385200000000000     
      3     10      1      9 -0.385200000000000     
      1      7      2      9 -0.894614891307986     
      4      7      2      9  0.980124250733040     
      3      8      2      9  -5.09717500000000     
      2      9      2      9  -5.58005000000000     
      5      9      2      9  -2.51107451295455     
      1     10      2      9 -3.775870760500111E-002
      4     10      2      9   3.12193441571088     
      3     11      2      9  -2.89627451295455     
      3      9      3      9  -9.04500000000000     
      3      7      4      9 -0.385200000000000     
      1      9      4      9  0.385200000000000     
      4      9      4      9  -5.37305000000000     
      3     10      4      9  -3.67195000000000     
      1      7      5      9   2.84010577743154     
      4      7      5      9   1.22737422231767     
      3      8      5      9  -2.89627451295455     
      2      9      5      9  -2.51107451295455     
      5      9      5      9  -4.27739000000000     
      1     10      5      9   1.89456019339320     
      4     10      5      9  -1.26515919188061     
      3     11      5      9  -2.57629000000000     
      2      7      6      9   1.45717382434156     
      5      7      6      9   2.51107451295455     
      1      8      6      9   3.46203368103977     
      4      8      6      9  -2.89627451295455     
      6      9      6      9  -4.12286000000000     
      2     10      6      9  -2.51107451295455     
      5     10      6      9 -0.154529999999998     
      1     11      6      9   2.89627451295455     
      4     11      6      9 -0.941129999999998     
      3     12      6      9  -1.63516000000000     
      7      9      7      9  -2.24590000000000     
      9     10      7      9 -0.770400000000000     
      8      9      8      9 -0.482875000000000     
      7     10      8      9  -1.01788295833804     
      9     11      8      9 -0.385200000000000     
      1      7      1     10  0.516506148317714     
      4      7      1     10  -3.96542500000000     
      3      8      1     10  0.980124250733040     
      2      9      1     10 -3.775870760500066E-002
      5      9      1     10   1.89456019339320     
      1     10      1     10  -5.62365000000000     
      4     10      1     10  -1.80244967530303     
      3     11      1     10   1.22737422231767     
      2      7      2     10 -0.516506148317714     
      5      7      2     10   1.13175000000000     
      1      8      2     10 -0.516506148317714     
      4      8      2     10  -4.53130000000000     
      6      9      2     10  -2.51107451295455     
      2     10      2     10  -5.60185000000000     
      5     10      2     10   1.09382483765152     
      1     11      2     10 -4.359999999999875E-002
      4     11      2     10  0.708624837651516     
      3     12      2     10  -2.89627451295455     
      3      7      3     10  0.385200000000000     
      1      9      3     10 -0.385200000000000     
      4      9      3     10  -3.67195000000000     
      3     10      3     10  -5.37304999999999     
      1      7      4     10  -3.27947167025422     
      4      7      4     10  -1.80244967530303     
      3      8      4     10   3.12193441571088     
      2      9      4     10   3.12193441571088     
      5      9      4     10  -1.26515919188061     
      1     10      4     10  -1.80244967530303     
      4     10      4     10  -7.58412000000000     
      3     11      4     10  -1.26515919188061     
      2      7      5     10  0.182562010785554     
      5      7      5     10  -1.09382483765152     
      1      8      5     10  -1.82229784591266     
      4      8      5     10  0.708624837651516     
      6      9      5     10 -0.154529999999998     
      2     10      5     10   1.09382483765152     
      5     10      5     10  -5.58374000000000     
      1     11      5     10 -0.708624837651516     
      4     11      5     10  -3.09604000000000     
      3     12      5     10 -0.941129999999998     
      6      7      6     10   2.51107451295455     
      2      8      6     10   2.84010577743154     
      5      8      6     10  -1.89456019339320     
      6     10      6     10  -4.27739000000000     
      2     11      6     10  -1.22737422231767     
      5     11      6     10  -1.26515919188061     
      1     12      6     10   2.89627451295455     
      4     12      6     10  -2.57629000000000     
      8      9      7     10  -1.01788295833804     
      7     10      7     10  -1.65822500000000     
      9     11      7     10 -0.667185971075532     
      7      8      8     10  0.000000000000000E+000
      8     10      8     10  -1.07055000000000     
      7     11      8     10  -1.17535000000000     
     10     11      8     10 -0.385200000000000     
      9     12      8     10 -0.385200000000000     
      7      9      9     10 -0.770400000000000     
      9     10      9     10  -1.70110000000000     
      2      7      1     11  0.516506148317714     
      5      7      1     11  -4.53130000000000     
      1      8      1     11  0.516506148317714     
      4      8      1     11   1.13175000000000     
      6      9      1     11   2.89627451295455     
      2     10      1     11 -4.359999999999875E-002
      5     10      1     11 -0.708624837651516     
      1     11      1     11  -5.60185000000000     
      4     11      1     11  -1.09382483765152     
      3     12      1     11   2.51107451295455     
      6      7      2     11  0.980124250733040     
      2      8      2     11 -0.516506148317714     
      5      8      2     11  -3.96542500000000     
      6     10      2     11  -1.22737422231767     
      2     11      2     11  -5.62365000000000     
      5     11      2     11   1.80244967530303     
      1     12      2     11 -3.775870760500066E-002
      4     12      2     11  -1.89456019339320     
      1      7      3     11   2.84010577743154     
      4      7      3     11   1.89456019339320     
      3      8      3     11  -2.51107451295455     
      2      9      3     11  -2.89627451295455     
      5      9      3     11  -2.57629000000000     
      1     10      3     11   1.22737422231767     
      4     10      3     11  -1.26515919188061     
      3     11      3     11  -4.27739000000000     
      2      7      4     11  -1.82229784591266     
      5      7      4     11 -0.708624837651516     
      1      8      4     11  0.182562010785554     
      4      8      4     11   1.09382483765152     
      6      9      4     11 -0.941129999999998     
      2     10      4     11  0.708624837651516     
      5     10      4     11  -3.09604000000000     
      1     11      4     11  -1.09382483765152     
      4     11      4     11  -5.58374000000000     
      3     12      4     11 -0.154529999999998     
      6      7      5     11  -3.12193441571088     
      2      8      5     11  -3.27947167025422     
      5      8      5     11   1.80244967530303     
      6     10      5     11  -1.26515919188061     
      2     11      5     11   1.80244967530303     
      5     11      5     11  -7.58412000000000     
      1     12      5     11  -3.12193441571088     
      4     12      5     11  -1.26515919188061     
      6      8      6     11 -0.385200000000000     
      6     11      6     11  -5.37305000000000     
      2     12      6     11  0.385200000000000     
      5     12      6     11  -3.67195000000000     
      7      8      7     11  0.000000000000000E+000
      8     10      7     11  -1.17535000000000     
      7     11      7     11  -1.07055000000000     
     10     11      7     11 -0.385200000000000     
      9     12      7     11 -0.385200000000000     
      8     11      8     11  -1.65822500000000     
      7     12      8     11  -1.01788295833804     
     10     12      8     11 -0.667185971075532     
      8      9      9     11 -0.385200000000000     
      7     10      9     11 -0.667185971075532     
      9     11      9     11  -1.70110000000000     
      7      8     10     11   2.00485985669822     
      8     10     10     11 -0.385200000000000     
      7     11     10     11 -0.385200000000000     
     10     11     10     11  -2.48770000000000     
      9     12     10     11  0.786600000000000     
      6      7      1     12  -5.09717500000000     
      2      8      1     12  0.894614891307986     
      5      8      1     12  0.980124250733040     
      6     10      1     12   2.89627451295455     
      2     11      1     12 -3.775870760500111E-002
      5     11      1     12  -3.12193441571088     
      1     12      1     12  -5.58005000000000     
      4     12      1     12   2.51107451295455     
      6      8      2     12  -3.39955000000000     
      6     11      2     12  0.385200000000000     
      2     12      2     12  -5.64545000000000     
      5     12      2     12 -0.385200000000000     
      2      7      3     12   3.46203368103977     
      5      7      3     12   2.89627451295455     
      1      8      3     12   1.45717382434156     
      4      8      3     12  -2.51107451295455     
      6      9      3     12  -1.63516000000000     
      2     10      3     12  -2.89627451295455     
      5     10      3     12 -0.941129999999998     
      1     11      3     12   2.51107451295455     
      4     11      3     12 -0.154529999999998     
      3     12      3     12  -4.12286000000000     
      6      7      4     12   2.89627451295455     
      2      8      4     12   2.84010577743154     
      5      8      4     12  -1.22737422231767     
      6     10      4     12  -2.57629000000000     
      2     11      4     12  -1.89456019339320     
      5     11      4     12  -1.26515919188061     
      1     12      4     12   2.51107451295455     
      4     12      4     12  -4.27739000000000     
      6      8      5     12  0.385200000000000     
      6     11      5     12  -3.67195000000000     
      2     12      5     12 -0.385200000000000     
      5     12      5     12  -5.37304999999999     
      6     12      6     12  -9.04500000000000     
      8     11      7     12  -1.01788295833804     
      7     12      7     12 -0.482875000000000     
     10     12      7     12 -0.385200000000000     
      8     12      8     12  -2.24590000000000     
     11     12      8     12 -0.770400000000000     
      7      8      9     12  -2.00485985669822     
      8     10      9     12 -0.385200000000000     
      7     11      9     12 -0.385200000000000     
     10     11      9     12  0.786600000000000     
      9     12      9     12  -2.48770000000000     
      8     11     10     12 -0.667185971075532     
      7     12     10     12 -0.385200000000000     
     10     12     10     12  -1.70110000000000     
      8     12     11     12 -0.770400000000000     
     11     12     11     12  -1.70110000000000     
