 ! Total Interaction
  20
   1   1   1   1     1     0  -6.6748
   1   2   1   1     1     0  -1.4609
   2   2   1   1     1     0   5.1853
   1   1   1   2     1     0  -1.4609
   1   2   1   2     1     0 -11.2213
   2   2   1   2     1     0  -8.0608
   1   1   2   2     1     0   5.1853
   1   2   2   2     1     0  -8.0608
   2   2   2   2     1     0  -5.3928
   1   2   1   2     2     0  -9.0450
   2   2   2   2     3     0  -9.0450
   1   1   1   1     0     1  -1.2694
   2   2   1   1     0     1  -2.8353
   1   1   2   2     0     1  -2.8353
   2   2   2   2     0     1  -3.2743
   1   2   1   2     1     1   0.1048
   1   2   1   2     2     1  -2.2459
   2   2   1   2     2     1   0.7704
   1   2   2   2     2     1   0.7704
   2   2   2   2     2     1  -1.7011
