      1      2      1      2  -1.26780000000000     
      2      4      1      2  0.000000000000000E+000
      1      5      1      2  0.000000000000000E+000
      4      5      1      2   1.93888679401351     
      3      6      1      2  -1.93888679401351     
      1      3      1      3  -2.16800000000000     
      3      4      1      3 -0.754200000000000     
      2      3      2      3 -0.481775000000000     
      1      4      2      3 -0.973542457664277     
      3      5      2      3 -0.377100000000000     
      2      3      1      4 -0.973542457664277     
      1      4      1      4  -1.60592500000000     
      3      5      1      4 -0.653156359534224     
      1      2      2      4  0.000000000000000E+000
      2      4      2      4  -1.04385000000000     
      1      5      2      4  -1.12415000000000     
      4      5      2      4 -0.377100000000000     
      3      6      2      4 -0.377100000000000     
      1      3      3      4 -0.754200000000000     
      3      4      3      4  -1.63470000000000     
      1      2      1      5  0.000000000000000E+000
      2      4      1      5  -1.12415000000000     
      1      5      1      5  -1.04385000000000     
      4      5      1      5 -0.377100000000000     
      3      6      1      5 -0.377100000000000     
      2      5      2      5  -1.60592500000000     
      1      6      2      5 -0.973542457664277     
      4      6      2      5 -0.653156359534224     
      2      3      3      5 -0.377100000000000     
      1      4      3      5 -0.653156359534224     
      3      5      3      5  -1.63470000000000     
      1      2      4      5   1.93888679401351     
      2      4      4      5 -0.377100000000000     
      1      5      4      5 -0.377100000000000     
      4      5      4      5  -2.42070000000000     
      3      6      4      5  0.786000000000000     
      2      5      1      6 -0.973542457664277     
      1      6      1      6 -0.481775000000000     
      4      6      1      6 -0.377100000000000     
      2      6      2      6  -2.16800000000000     
      5      6      2      6 -0.754200000000000     
      1      2      3      6  -1.93888679401351     
      2      4      3      6 -0.377100000000000     
      1      5      3      6 -0.377100000000000     
      4      5      3      6  0.786000000000000     
      3      6      3      6  -2.42070000000000     
      2      5      4      6 -0.653156359534224     
      1      6      4      6 -0.377100000000000     
      4      6      4      6  -1.63470000000000     
      2      6      5      6 -0.754200000000000     
      5      6      5      6  -1.63470000000000     
      1      7      1      7  -6.54010000000000     
      4      7      1      7  0.500808377775372     
      3      8      1      7 -0.867425555163093     
      2      9      1      7 -0.867425555163093     
      5      9      1      7   2.80806400781749     
      1     10      1      7  0.500808377775372     
      4     10      1      7  -3.24247302163025     
      3     11      1      7   2.80806400781749     
      2      7      2      7  -3.90395000000000     
      5      7      2      7  0.500808377775372     
      1      8      2      7  -2.63615000000000     
      4      8      2      7 -0.500808377775372     
      6      9      2      7   1.46241136921593     
      2     10      2      7 -0.500808377775372     
      5     10      2      7  0.158825141599194     
      1     11      2      7  0.500808377775372     
      4     11      2      7  -1.78006165241432     
      3     12      2      7   3.40129816322945     
      3      7      3      7  -5.51880000000000     
      1      9      3      7  -3.35080000000000     
      4      9      3      7 -0.377100000000000     
      3     10      3      7  0.377100000000000     
      1      7      4      7  0.500808377775372     
      4      7      4      7  -5.51720000000000     
      3      8      4      7 -2.771281292109018E-003
      2      9      4      7  0.970771176372168     
      5      9      4      7   1.22532624705820     
      1     10      4      7  -3.91127500000000     
      4     10      4      7  -1.79198487716833     
      3     11      4      7   1.87848260659243     
      2      7      5      7  0.500808377775372     
      5      7      5      7  -5.51560000000000     
      1      8      5      7  0.500808377775372     
      4      8      5      7 -3.199999999998093E-003
      6      9      5      7   2.49942731575250     
      2     10      5      7   1.12095000000000     
      5     10      5      7  -1.08454243858417     
      1     11      5      7  -4.47175000000000     
      4     11      5      7 -0.707442438584166     
      3     12      5      7   2.87652731575250     
      6      7      6      7  -5.51400000000000     
      2      8      6      7  0.867425555163093     
      5      8      6      7 -2.771281292109018E-003
      6     10      6      7   2.49942731575250     
      2     11      6      7  0.970771176372168     
      5     11      6      7  -3.10380885365063     
      1     12      6      7  -5.03222500000000     
      4     12      6      7   2.87652731575250     
      2      7      1      8  -2.63615000000000     
      5      7      1      8  0.500808377775372     
      1      8      1      8  -3.90395000000000     
      4      8      1      8 -0.500808377775372     
      6      9      1      8   3.40129816322945     
      2     10      1      8 -0.500808377775372     
      5     10      1      8  -1.78006165241432     
      1     11      1      8  0.500808377775372     
      4     11      1      8  0.158825141599194     
      3     12      1      8   1.46241136921593     
      6      7      2      8  0.867425555163093     
      2      8      2      8  -6.54010000000000     
      5      8      2      8 -0.500808377775372     
      6     10      2      8   2.80806400781749     
      2     11      2      8 -0.500808377775372     
      5     11      2      8  -3.24247302163025     
      1     12      2      8  0.867425555163093     
      4     12      2      8   2.80806400781749     
      1      7      3      8 -0.867425555163093     
      4      7      3      8 -2.771281292109018E-003
      3      8      3      8  -5.51400000000000     
      2      9      3      8  -5.03222500000000     
      5      9      3      8  -2.87652731575250     
      1     10      3      8  0.970771176372168     
      4     10      3      8   3.10380885365063     
      3     11      3      8  -2.49942731575250     
      2      7      4      8 -0.500808377775372     
      5      7      4      8 -3.199999999998093E-003
      1      8      4      8 -0.500808377775372     
      4      8      4      8  -5.51560000000000     
      6      9      4      8  -2.87652731575250     
      2     10      4      8  -4.47175000000000     
      5     10      4      8  0.707442438584166     
      1     11      4      8   1.12095000000000     
      4     11      4      8   1.08454243858417     
      3     12      4      8  -2.49942731575250     
      6      7      5      8 -2.771281292109018E-003
      2      8      5      8 -0.500808377775372     
      5      8      5      8  -5.51720000000000     
      6     10      5      8  -1.87848260659243     
      2     11      5      8  -3.91127500000000     
      5     11      5      8   1.79198487716833     
      1     12      5      8  0.970771176372168     
      4     12      5      8  -1.22532624705820     
      6      8      6      8  -5.51880000000000     
      6     11      6      8 -0.377100000000000     
      2     12      6      8  -3.35080000000000     
      5     12      6      8  0.377100000000000     
      7      8      7      8  -1.26780000000000     
      8     10      7      8  0.000000000000000E+000
      7     11      7      8  0.000000000000000E+000
     10     11      7      8   1.93888679401351     
      9     12      7      8  -1.93888679401351     
      3      7      1      9  -3.35080000000000     
      1      9      1      9  -5.51880000000000     
      4      9      1      9  0.377100000000000     
      3     10      1      9 -0.377100000000000     
      1      7      2      9 -0.867425555163093     
      4      7      2      9  0.970771176372168     
      3      8      2      9  -5.03222500000000     
      2      9      2      9  -5.51400000000000     
      5      9      2      9  -2.49942731575250     
      1     10      2      9 -2.771281292109018E-003
      4     10      2      9   3.10380885365063     
      3     11      2      9  -2.87652731575250     
      3      9      3      9  -8.86960000000000     
      3      7      4      9 -0.377100000000000     
      1      9      4      9  0.377100000000000     
      4      9      4      9  -5.25215000000000     
      3     10      4      9  -3.61745000000000     
      1      7      5      9   2.80806400781749     
      4      7      5      9   1.22532624705820     
      3      8      5      9  -2.87652731575250     
      2      9      5      9  -2.49942731575250     
      5      9      5      9  -4.18979000000000     
      1     10      5      9   1.87848260659242     
      4     10      5      9  -1.22670766395258     
      3     11      5      9  -2.55509000000000     
      2      7      6      9   1.46241136921593     
      5      7      6      9   2.49942731575250     
      1      8      6      9   3.40129816322945     
      4      8      6      9  -2.87652731575250     
      6      9      6      9  -4.05161000000000     
      2     10      6      9  -2.49942731575250     
      5     10      6      9 -0.138179999999998     
      1     11      6      9   2.87652731575250     
      4     11      6      9 -0.924179999999998     
      3     12      6      9  -1.63091000000000     
      7      9      7      9  -2.16800000000000     
      9     10      7      9 -0.754200000000000     
      8      9      8      9 -0.481775000000000     
      7     10      8      9 -0.973542457664277     
      9     11      8      9 -0.377100000000000     
      1      7      1     10  0.500808377775372     
      4      7      1     10  -3.91127500000000     
      3      8      1     10  0.970771176372168     
      2      9      1     10 -2.771281292109018E-003
      5      9      1     10   1.87848260659243     
      1     10      1     10  -5.51720000000000     
      4     10      1     10  -1.79198487716833     
      3     11      1     10   1.22532624705820     
      2      7      2     10 -0.500808377775372     
      5      7      2     10   1.12095000000000     
      1      8      2     10 -0.500808377775372     
      4      8      2     10  -4.47175000000000     
      6      9      2     10  -2.49942731575250     
      2     10      2     10  -5.51560000000000     
      5     10      2     10   1.08454243858417     
      1     11      2     10 -3.199999999998093E-003
      4     11      2     10  0.707442438584166     
      3     12      2     10  -2.87652731575250     
      3      7      3     10  0.377100000000000     
      1      9      3     10 -0.377100000000000     
      4      9      3     10  -3.61745000000000     
      3     10      3     10  -5.25215000000000     
      1      7      4     10  -3.24247302163025     
      4      7      4     10  -1.79198487716833     
      3      8      4     10   3.10380885365063     
      2      9      4     10   3.10380885365063     
      5      9      4     10  -1.22670766395258     
      1     10      4     10  -1.79198487716833     
      4     10      4     10  -7.45312000000000     
      3     11      4     10  -1.22670766395258     
      2      7      5     10  0.158825141599194     
      5      7      5     10  -1.08454243858417     
      1      8      5     10  -1.78006165241432     
      4      8      5     10  0.707442438584166     
      6      9      5     10 -0.138179999999998     
      2     10      5     10   1.08454243858417     
      5     10      5     10  -5.46809000000000     
      1     11      5     10 -0.707442438584166     
      4     11      5     10  -3.04739000000000     
      3     12      5     10 -0.924179999999999     
      6      7      6     10   2.49942731575250     
      2      8      6     10   2.80806400781749     
      5      8      6     10  -1.87848260659242     
      6     10      6     10  -4.18979000000000     
      2     11      6     10  -1.22532624705820     
      5     11      6     10  -1.22670766395258     
      1     12      6     10   2.87652731575250     
      4     12      6     10  -2.55509000000000     
      8      9      7     10 -0.973542457664277     
      7     10      7     10  -1.60592500000000     
      9     11      7     10 -0.653156359534224     
      7      8      8     10  0.000000000000000E+000
      8     10      8     10  -1.04385000000000     
      7     11      8     10  -1.12415000000000     
     10     11      8     10 -0.377100000000000     
      9     12      8     10 -0.377100000000000     
      7      9      9     10 -0.754200000000000     
      9     10      9     10  -1.63470000000000     
      2      7      1     11  0.500808377775372     
      5      7      1     11  -4.47175000000000     
      1      8      1     11  0.500808377775372     
      4      8      1     11   1.12095000000000     
      6      9      1     11   2.87652731575250     
      2     10      1     11 -3.199999999998093E-003
      5     10      1     11 -0.707442438584166     
      1     11      1     11  -5.51560000000000     
      4     11      1     11  -1.08454243858417     
      3     12      1     11   2.49942731575250     
      6      7      2     11  0.970771176372168     
      2      8      2     11 -0.500808377775372     
      5      8      2     11  -3.91127500000000     
      6     10      2     11  -1.22532624705820     
      2     11      2     11  -5.51720000000000     
      5     11      2     11   1.79198487716833     
      1     12      2     11 -2.771281292109018E-003
      4     12      2     11  -1.87848260659243     
      1      7      3     11   2.80806400781749     
      4      7      3     11   1.87848260659242     
      3      8      3     11  -2.49942731575250     
      2      9      3     11  -2.87652731575250     
      5      9      3     11  -2.55509000000000     
      1     10      3     11   1.22532624705820     
      4     10      3     11  -1.22670766395258     
      3     11      3     11  -4.18979000000000     
      2      7      4     11  -1.78006165241432     
      5      7      4     11 -0.707442438584166     
      1      8      4     11  0.158825141599194     
      4      8      4     11   1.08454243858417     
      6      9      4     11 -0.924179999999999     
      2     10      4     11  0.707442438584166     
      5     10      4     11  -3.04739000000000     
      1     11      4     11  -1.08454243858417     
      4     11      4     11  -5.46809000000000     
      3     12      4     11 -0.138179999999998     
      6      7      5     11  -3.10380885365063     
      2      8      5     11  -3.24247302163025     
      5      8      5     11   1.79198487716833     
      6     10      5     11  -1.22670766395258     
      2     11      5     11   1.79198487716833     
      5     11      5     11  -7.45312000000000     
      1     12      5     11  -3.10380885365063     
      4     12      5     11  -1.22670766395258     
      6      8      6     11 -0.377100000000000     
      6     11      6     11  -5.25215000000000     
      2     12      6     11  0.377100000000000     
      5     12      6     11  -3.61745000000000     
      7      8      7     11  0.000000000000000E+000
      8     10      7     11  -1.12415000000000     
      7     11      7     11  -1.04385000000000     
     10     11      7     11 -0.377100000000000     
      9     12      7     11 -0.377100000000000     
      8     11      8     11  -1.60592500000000     
      7     12      8     11 -0.973542457664277     
     10     12      8     11 -0.653156359534224     
      8      9      9     11 -0.377100000000000     
      7     10      9     11 -0.653156359534224     
      9     11      9     11  -1.63470000000000     
      7      8     10     11   1.93888679401351     
      8     10     10     11 -0.377100000000000     
      7     11     10     11 -0.377100000000000     
     10     11     10     11  -2.42070000000000     
      9     12     10     11  0.786000000000000     
      6      7      1     12  -5.03222500000000     
      2      8      1     12  0.867425555163093     
      5      8      1     12  0.970771176372168     
      6     10      1     12   2.87652731575250     
      2     11      1     12 -2.771281292109018E-003
      5     11      1     12  -3.10380885365063     
      1     12      1     12  -5.51400000000000     
      4     12      1     12   2.49942731575250     
      6      8      2     12  -3.35080000000000     
      6     11      2     12  0.377100000000000     
      2     12      2     12  -5.51880000000000     
      5     12      2     12 -0.377100000000000     
      2      7      3     12   3.40129816322945     
      5      7      3     12   2.87652731575250     
      1      8      3     12   1.46241136921593     
      4      8      3     12  -2.49942731575250     
      6      9      3     12  -1.63091000000000     
      2     10      3     12  -2.87652731575250     
      5     10      3     12 -0.924179999999998     
      1     11      3     12   2.49942731575250     
      4     11      3     12 -0.138179999999998     
      3     12      3     12  -4.05161000000000     
      6      7      4     12   2.87652731575250     
      2      8      4     12   2.80806400781749     
      5      8      4     12  -1.22532624705820     
      6     10      4     12  -2.55509000000000     
      2     11      4     12  -1.87848260659242     
      5     11      4     12  -1.22670766395258     
      1     12      4     12   2.49942731575250     
      4     12      4     12  -4.18979000000000     
      6      8      5     12  0.377100000000000     
      6     11      5     12  -3.61745000000000     
      2     12      5     12 -0.377100000000000     
      5     12      5     12  -5.25215000000000     
      6     12      6     12  -8.86960000000000     
      8     11      7     12 -0.973542457664277     
      7     12      7     12 -0.481775000000000     
     10     12      7     12 -0.377100000000000     
      8     12      8     12  -2.16800000000000     
     11     12      8     12 -0.754200000000000     
      7      8      9     12  -1.93888679401351     
      8     10      9     12 -0.377100000000000     
      7     11      9     12 -0.377100000000000     
     10     11      9     12  0.786000000000000     
      9     12      9     12  -2.42070000000000     
      8     11     10     12 -0.653156359534224     
      7     12     10     12 -0.377100000000000     
     10     12     10     12  -1.63470000000000     
      8     12     11     12 -0.754200000000000     
     11     12     11     12  -1.63470000000000     
