      1      1      1      1           2           0   4.56594573637270     
      1      1      1      1           0           0  -10.4440500000000     
      1      1      1      2           2           0  -1.73485111032619     
      1      1      2      1           2           0  -1.73485111032619     
      1      1      2      2           4           0  -7.60553390472621     
      1      1      2      2           2           0   5.34103480086584     
      1      2      1      1           2           0   1.73485111032619     
      1      2      1      2           2           0  8.763560920085123E-003
      1      2      1      2           0           0  -15.6027353909499     
      1      2      2      1           4           0   11.2523971780739     
      1      2      2      1           2           0  -4.83298466962963     
      1      2      2      2           4           0   9.09637806946824     
      1      2      2      2           2           0   3.87482181749011     
      2      1      1      1           2           0   1.73485111032619     
      2      1      1      2           4           0   11.2523971780739     
      2      1      1      2           2           0  -4.83298466962963     
      2      1      2      1           2           0  8.763560920085123E-003
      2      1      2      1           0           0  -15.6027353909499     
      2      1      2      2           4           0   9.09637806946824     
      2      1      2      2           2           0   3.87482181749011     
      2      2      1      1           4           0  -7.60553390472621     
      2      2      1      1           2           0   5.34103480086585     
      2      2      1      2           4           0  -9.09637806946824     
      2      2      1      2           2           0  -3.87482181749011     
      2      2      2      1           4           0  -9.09637806946824     
      2      2      2      1           2           0  -3.87482181749011     
      2      2      2      2           6           0   4.31498227072836     
      2      2      2      2           4           0  -7.77988423207570     
      2      2      2      2           2           0   8.95835730233507     
      2      2      2      2           0           0  -22.3631500000000     
      1      1      1      1           2           0   4.56594573637270     
      1      1      1      1           0           0  -10.4440500000000     
      1      1      1      2           2           0  -1.73485111032619     
      1      1      2      1           2           0  -1.73485111032619     
      1      1      2      2           4           0  -7.60553390472621     
      1      1      2      2           2           0   5.34103480086584     
      1      2      1      1           2           0   1.73485111032619     
      1      2      1      2           2           0  8.763560920085123E-003
      1      2      1      2           0           0  -15.6027353909499     
      1      2      2      1           4           0   11.2523971780739     
      1      2      2      1           2           0  -4.83298466962963     
      1      2      2      2           4           0   9.09637806946824     
      1      2      2      2           2           0   3.87482181749011     
      2      1      1      1           2           0   1.73485111032619     
      2      1      1      2           4           0   11.2523971780739     
      2      1      1      2           2           0  -4.83298466962963     
      2      1      2      1           2           0  8.763560920085123E-003
      2      1      2      1           0           0  -15.6027353909499     
      2      1      2      2           4           0   9.09637806946824     
      2      1      2      2           2           0   3.87482181749011     
      2      2      1      1           4           0  -7.60553390472621     
      2      2      1      1           2           0   5.34103480086585     
      2      2      1      2           4           0  -9.09637806946824     
      2      2      1      2           2           0  -3.87482181749011     
      2      2      2      1           4           0  -9.09637806946824     
      2      2      2      1           2           0  -3.87482181749011     
      2      2      2      2           6           0   4.31498227072836     
      2      2      2      2           4           0  -7.77988423207570     
      2      2      2      2           2           0   8.95835730233507     
      2      2      2      2           0           0  -22.3631500000000     
          60           6
   1   1   3   3   0   0   0   0-10.4441   1   1
   1   1   3   3   2   0   0   0  4.5659   1   1
   1   1   3   4   2   0   0   0 -1.7349   1   1
   1   1   4   3   2   0   0   0  1.7349   1   1
   1   1   4   4   0   0   0   0-15.6027   1   1
   1   1   4   4   2   0   0   0  0.0088   1   1
   1   2   3   3   2   0   0   0 -1.7349   1   1
   1   2   3   4   2   0   0   0  5.3410   1   1
   1   2   3   4   4   0   0   0 -7.6055   1   1
   1   2   4   3   2   0   0   0 -4.8330   1   1
   1   2   4   3   4   0   0   0 11.2524   1   1
   1   2   4   4   2   0   0   0  3.8748   1   1
   1   2   4   4   4   0   0   0  9.0964   1   1
   2   1   3   3   2   0   0   0  1.7349   1   1
   2   1   3   4   2   0   0   0 -4.8330   1   1
   2   1   3   4   4   0   0   0 11.2524   1   1
   2   1   4   3   2   0   0   0  5.3410   1   1
   2   1   4   3   4   0   0   0 -7.6055   1   1
   2   1   4   4   2   0   0   0 -3.8748   1   1
   2   1   4   4   4   0   0   0 -9.0964   1   1
   2   2   3   3   0   0   0   0-15.6027   1   1
   2   2   3   3   2   0   0   0  0.0088   1   1
   2   2   3   4   2   0   0   0  3.8748   1   1
   2   2   3   4   4   0   0   0  9.0964   1   1
   2   2   4   3   2   0   0   0 -3.8748   1   1
   2   2   4   3   4   0   0   0 -9.0964   1   1
   2   2   4   4   0   0   0   0-22.3632   1   1
   2   2   4   4   2   0   0   0  8.9584   1   1
   2   2   4   4   4   0   0   0 -7.7799   1   1
   2   2   4   4   6   0   0   0  4.3150   1   1
   3   3   1   1   0   0   0   0-10.4441   1   1
   3   3   1   1   2   0   0   0  4.5659   1   1
   3   3   1   2   2   0   0   0 -1.7349   1   1
   3   3   2   1   2   0   0   0  1.7349   1   1
   3   3   2   2   0   0   0   0-15.6027   1   1
   3   3   2   2   2   0   0   0  0.0088   1   1
   3   4   1   1   2   0   0   0 -1.7349   1   1
   3   4   1   2   2   0   0   0  5.3410   1   1
   3   4   1   2   4   0   0   0 -7.6055   1   1
   3   4   2   1   2   0   0   0 -4.8330   1   1
   3   4   2   1   4   0   0   0 11.2524   1   1
   3   4   2   2   2   0   0   0  3.8748   1   1
   3   4   2   2   4   0   0   0  9.0964   1   1
   4   3   1   1   2   0   0   0  1.7349   1   1
   4   3   1   2   2   0   0   0 -4.8330   1   1
   4   3   1   2   4   0   0   0 11.2524   1   1
   4   3   2   1   2   0   0   0  5.3410   1   1
   4   3   2   1   4   0   0   0 -7.6055   1   1
   4   3   2   2   2   0   0   0 -3.8748   1   1
   4   3   2   2   4   0   0   0 -9.0964   1   1
   4   4   1   1   0   0   0   0-15.6027   1   1
   4   4   1   1   2   0   0   0  0.0088   1   1
   4   4   1   2   2   0   0   0  3.8748   1   1
   4   4   1   2   4   0   0   0  9.0964   1   1
   4   4   2   1   2   0   0   0 -3.8748   1   1
   4   4   2   1   4   0   0   0 -9.0964   1   1
   4   4   2   2   0   0   0   0-22.3632   1   1
   4   4   2   2   2   0   0   0  8.9584   1   1
   4   4   2   2   4   0   0   0 -7.7799   1   1
   4   4   2   2   6   0   0   0  4.3150   1   1
