 ! Total Interaction
  20
   1   1   1   1     1     0  -6.5401
   1   2   1   1     1     0  -1.4165
   2   2   1   1     1     0   5.1268
   1   1   1   2     1     0  -1.4165
   1   2   1   2     1     0 -11.1051
   2   2   1   2     1     0  -8.0140
   1   1   2   2     1     0   5.1268
   1   2   2   2     1     0  -8.0140
   2   2   2   2     1     0  -5.3284
   1   2   1   2     2     0  -8.8696
   2   2   2   2     3     0  -8.8696
   1   1   1   1     0     1  -1.2678
   2   2   1   1     0     1  -2.7420
   1   1   2   2     0     1  -2.7420
   2   2   2   2     0     1  -3.2067
   1   2   1   2     1     1   0.0803
   1   2   1   2     2     1  -2.1680
   2   2   1   2     2     1   0.7542
   1   2   2   2     2     1   0.7542
   2   2   2   2     2     1  -1.6347
