      1      1      1      1           2           0   5.74746419475581     
      1      1      1      1           0           0  -12.1861000000000     
      1      1      1      2           2           0 -0.216902316723450     
      1      1      2      1           2           0 -0.216902316723450     
      1      1      2      2           4           0  -6.15114520755971     
      1      1      2      2           2           0   1.44651721231212     
      1      2      1      1           2           0  0.216902316723450     
      1      2      1      2           2           0  0.678970575347344     
      1      2      1      2           0           0  -16.4087133778158     
      1      2      2      1           4           0   12.1038080113566     
      1      2      2      1           2           0  -3.22566317084080     
      1      2      2      2           4           0   6.98687698635103     
      1      2      2      2           2           0   1.10136873598191     
      2      1      1      1           2           0  0.216902316723450     
      2      1      1      2           4           0   12.1038080113566     
      2      1      1      2           2           0  -3.22566317084080     
      2      1      2      1           2           0  0.678970575347344     
      2      1      2      1           0           0  -16.4087133778158     
      2      1      2      2           4           0   6.98687698635103     
      2      1      2      2           2           0   1.10136873598191     
      2      2      1      1           4           0  -6.15114520755971     
      2      2      1      1           2           0   1.44651721231212     
      2      2      1      2           4           0  -6.98687698635103     
      2      2      1      2           2           0  -1.10136873598191     
      2      2      2      1           4           0  -6.98687698635103     
      2      2      2      1           2           0  -1.10136873598191     
      2      2      2      2           6           0   7.04328102269816     
      2      2      2      2           4           0  -8.29149658532765     
      2      2      2      2           2           0   5.37768866784793     
      2      2      2      2           0           0  -25.1200500000000     
      1      1      1      1           2           0   5.74746419475581     
      1      1      1      1           0           0  -12.1861000000000     
      1      1      1      2           2           0 -0.216902316723450     
      1      1      2      1           2           0 -0.216902316723450     
      1      1      2      2           4           0  -6.15114520755971     
      1      1      2      2           2           0   1.44651721231212     
      1      2      1      1           2           0  0.216902316723450     
      1      2      1      2           2           0  0.678970575347344     
      1      2      1      2           0           0  -16.4087133778158     
      1      2      2      1           4           0   12.1038080113566     
      1      2      2      1           2           0  -3.22566317084080     
      1      2      2      2           4           0   6.98687698635103     
      1      2      2      2           2           0   1.10136873598191     
      2      1      1      1           2           0  0.216902316723450     
      2      1      1      2           4           0   12.1038080113566     
      2      1      1      2           2           0  -3.22566317084080     
      2      1      2      1           2           0  0.678970575347344     
      2      1      2      1           0           0  -16.4087133778158     
      2      1      2      2           4           0   6.98687698635103     
      2      1      2      2           2           0   1.10136873598191     
      2      2      1      1           4           0  -6.15114520755971     
      2      2      1      1           2           0   1.44651721231212     
      2      2      1      2           4           0  -6.98687698635103     
      2      2      1      2           2           0  -1.10136873598191     
      2      2      2      1           4           0  -6.98687698635103     
      2      2      2      1           2           0  -1.10136873598191     
      2      2      2      2           6           0   7.04328102269816     
      2      2      2      2           4           0  -8.29149658532765     
      2      2      2      2           2           0   5.37768866784793     
      2      2      2      2           0           0  -25.1200500000000     
          60           6
   1   1   3   3   0   0   0   0-12.1861   1   1
   1   1   3   3   2   0   0   0  5.7475   1   1
   1   1   3   4   2   0   0   0 -0.2169   1   1
   1   1   4   3   2   0   0   0  0.2169   1   1
   1   1   4   4   0   0   0   0-16.4087   1   1
   1   1   4   4   2   0   0   0  0.6790   1   1
   1   2   3   3   2   0   0   0 -0.2169   1   1
   1   2   3   4   2   0   0   0  1.4465   1   1
   1   2   3   4   4   0   0   0 -6.1511   1   1
   1   2   4   3   2   0   0   0 -3.2257   1   1
   1   2   4   3   4   0   0   0 12.1038   1   1
   1   2   4   4   2   0   0   0  1.1014   1   1
   1   2   4   4   4   0   0   0  6.9869   1   1
   2   1   3   3   2   0   0   0  0.2169   1   1
   2   1   3   4   2   0   0   0 -3.2257   1   1
   2   1   3   4   4   0   0   0 12.1038   1   1
   2   1   4   3   2   0   0   0  1.4465   1   1
   2   1   4   3   4   0   0   0 -6.1511   1   1
   2   1   4   4   2   0   0   0 -1.1014   1   1
   2   1   4   4   4   0   0   0 -6.9869   1   1
   2   2   3   3   0   0   0   0-16.4087   1   1
   2   2   3   3   2   0   0   0  0.6790   1   1
   2   2   3   4   2   0   0   0  1.1014   1   1
   2   2   3   4   4   0   0   0  6.9869   1   1
   2   2   4   3   2   0   0   0 -1.1014   1   1
   2   2   4   3   4   0   0   0 -6.9869   1   1
   2   2   4   4   0   0   0   0-25.1201   1   1
   2   2   4   4   2   0   0   0  5.3777   1   1
   2   2   4   4   4   0   0   0 -8.2915   1   1
   2   2   4   4   6   0   0   0  7.0433   1   1
   3   3   1   1   0   0   0   0-12.1861   1   1
   3   3   1   1   2   0   0   0  5.7475   1   1
   3   3   1   2   2   0   0   0 -0.2169   1   1
   3   3   2   1   2   0   0   0  0.2169   1   1
   3   3   2   2   0   0   0   0-16.4087   1   1
   3   3   2   2   2   0   0   0  0.6790   1   1
   3   4   1   1   2   0   0   0 -0.2169   1   1
   3   4   1   2   2   0   0   0  1.4465   1   1
   3   4   1   2   4   0   0   0 -6.1511   1   1
   3   4   2   1   2   0   0   0 -3.2257   1   1
   3   4   2   1   4   0   0   0 12.1038   1   1
   3   4   2   2   2   0   0   0  1.1014   1   1
   3   4   2   2   4   0   0   0  6.9869   1   1
   4   3   1   1   2   0   0   0  0.2169   1   1
   4   3   1   2   2   0   0   0 -3.2257   1   1
   4   3   1   2   4   0   0   0 12.1038   1   1
   4   3   2   1   2   0   0   0  1.4465   1   1
   4   3   2   1   4   0   0   0 -6.1511   1   1
   4   3   2   2   2   0   0   0 -1.1014   1   1
   4   3   2   2   4   0   0   0 -6.9869   1   1
   4   4   1   1   0   0   0   0-16.4087   1   1
   4   4   1   1   2   0   0   0  0.6790   1   1
   4   4   1   2   2   0   0   0  1.1014   1   1
   4   4   1   2   4   0   0   0  6.9869   1   1
   4   4   2   1   2   0   0   0 -1.1014   1   1
   4   4   2   1   4   0   0   0 -6.9869   1   1
   4   4   2   2   0   0   0   0-25.1201   1   1
   4   4   2   2   2   0   0   0  5.3777   1   1
   4   4   2   2   4   0   0   0 -8.2915   1   1
   4   4   2   2   6   0   0   0  7.0433   1   1
