 ! Total Interaction
  20
   1   1   1   1     1     0  -7.7522
   1   2   1   1     1     0  -0.1771
   2   2   1   1     1     0   2.8350
   1   1   1   2     1     0  -0.1771
   1   2   1   2     1     0 -11.7921
   2   2   1   2     1     0  -5.3901
   1   1   2   2     1     0   2.8350
   1   2   2   2     1     0  -5.3901
   2   2   2   2     1     0  -8.2946
   1   2   1   2     2     0  -8.7373
   2   2   2   2     3     0  -8.7373
   1   1   1   1     0     1  -1.1156
   2   2   1   1     0     1  -3.9771
   1   1   2   2     0     1  -3.9771
   2   2   2   2     0     1  -3.9278
   1   2   1   2     1     1   0.8092
   1   2   1   2     2     1  -3.2373
   2   2   1   2     2     1   1.6062
   1   2   2   2     2     1   1.6062
   2   2   2   2     2     1  -2.1015
