      1      2      1      2  -1.11560000000000     
      2      4      1      2  0.000000000000000E+000
      1      5      1      2  0.000000000000000E+000
      4      5      1      2   2.81223437945702     
      3      6      1      2  -2.81223437945702     
      1      3      1      3  -3.23730000000000     
      3      4      1      3  -1.60620000000000     
      2      3      2      3 -0.202425000000000     
      1      4      2      3  -1.75218589820687     
      3      5      2      3 -0.803100000000000     
      2      3      1      4  -1.75218589820687     
      1      4      1      4  -2.22567500000000     
      3      5      1      4  -1.39101000355857     
      1      2      2      4  0.000000000000000E+000
      2      4      2      4  -1.21405000000000     
      1      5      2      4  -2.02325000000000     
      4      5      2      4 -0.803100000000000     
      3      6      2      4 -0.803100000000000     
      1      3      3      4  -1.60620000000000     
      3      4      3      4  -2.10150000000000     
      1      2      1      5  0.000000000000000E+000
      2      4      1      5  -2.02325000000000     
      1      5      1      5  -1.21405000000000     
      4      5      1      5 -0.803100000000000     
      3      6      1      5 -0.803100000000000     
      2      5      2      5  -2.22567500000000     
      1      6      2      5  -1.75218589820687     
      4      6      2      5  -1.39101000355857     
      2      3      3      5 -0.803100000000000     
      1      4      3      5  -1.39101000355857     
      3      5      3      5  -2.10150000000000     
      1      2      4      5   2.81223437945702     
      2      4      4      5 -0.803100000000000     
      1      5      4      5 -0.803100000000000     
      4      5      4      5  -3.01465000000000     
      3      6      4      5  0.913150000000000     
      2      5      1      6  -1.75218589820687     
      1      6      1      6 -0.202425000000000     
      4      6      1      6 -0.803100000000000     
      2      6      2      6  -3.23730000000000     
      5      6      2      6  -1.60620000000000     
      1      2      3      6  -2.81223437945702     
      2      4      3      6 -0.803100000000000     
      1      5      3      6 -0.803100000000000     
      4      5      3      6  0.913150000000000     
      3      6      3      6  -3.01465000000000     
      2      5      4      6  -1.39101000355857     
      1      6      4      6 -0.803100000000000     
      4      6      4      6  -2.10150000000000     
      2      6      5      6  -1.60620000000000     
      5      6      5      6  -2.10150000000000     
      1      7      1      7  -7.75220000000000     
      4      7      1      7  6.261430547406881E-002
      3      8      1      7 -0.108451158361725     
      2      9      1      7 -0.108451158361725     
      5      9      1      7   1.55279345052715     
      1     10      1      7  6.261430547406881E-002
      4     10      1      7  -1.79301143331547     
      3     11      1      7   1.55279345052715     
      2      7      2      7  -4.43390000000000     
      5      7      2      7  6.261430547406881E-002
      1      8      2      7  -3.31830000000000     
      4      8      2      7 -6.261430547406881E-002
      6      9      2      7 -6.135861474190563E-002
      2     10      2      7 -6.261430547406881E-002
      5     10      2      7  0.957864331399641     
      1     11      2      7  6.261430547406881E-002
      4     11      2      7  -1.85437004805738     
      3     12      2      7   2.75087576471511     
      3      7      3      7  -5.98730000000000     
      1      9      3      7  -2.75000000000000     
      4      9      3      7 -0.803100000000000     
      3     10      3      7  0.803100000000000     
      1      7      4      7  6.261430547406881E-002
      4      7      4      7  -5.86333750000000     
      3      8      4      7 -0.214709348233256     
      2      9      4      7   1.53747654997361     
      5      9      4      7  0.348283374940348     
      1     10      4      7  -3.63766250000000     
      4     10      4      7  -1.20526300055216     
      3     11      4      7   1.73929337849891     
      2      7      5      7  6.261430547406881E-002
      5      7      5      7  -5.73937500000000     
      1      8      5      7  6.261430547406881E-002
      4      8      5      7 -0.247924999999999     
      6      9      5      7   1.40634450082824     
      2     10      5      7   1.77532500000000     
      5     10      5      7  -1.00418150027608     
      1     11      5      7  -4.52532500000000     
      4     11      5      7 -0.201081500276081     
      3     12      5      7   2.20944450082824     
      6      7      6      7  -5.61541250000000     
      2      8      6      7  0.108451158361725     
      5      8      6      7 -0.214709348233256     
      6     10      6      7   1.40634450082824     
      2     11      6      7   1.53747654997361     
      5     11      6      7  -2.08757675343926     
      1     12      6      7  -5.41298750000000     
      4     12      6      7   2.20944450082824     
      2      7      1      8  -3.31830000000000     
      5      7      1      8  6.261430547406881E-002
      1      8      1      8  -4.43390000000000     
      4      8      1      8 -6.261430547406881E-002
      6      9      1      8   2.75087576471511     
      2     10      1      8 -6.261430547406881E-002
      5     10      1      8  -1.85437004805738     
      1     11      1      8  6.261430547406881E-002
      4     11      1      8  0.957864331399641     
      3     12      1      8 -6.135861474190563E-002
      6      7      2      8  0.108451158361725     
      2      8      2      8  -7.75220000000000     
      5      8      2      8 -6.261430547406881E-002
      6     10      2      8   1.55279345052715     
      2     11      2      8 -6.261430547406881E-002
      5     11      2      8  -1.79301143331547     
      1     12      2      8  0.108451158361725     
      4     12      2      8   1.55279345052715     
      1      7      3      8 -0.108451158361725     
      4      7      3      8 -0.214709348233256     
      3      8      3      8  -5.61541250000000     
      2      9      3      8  -5.41298750000000     
      5      9      3      8  -2.20944450082824     
      1     10      3      8   1.53747654997361     
      4     10      3      8   2.08757675343926     
      3     11      3      8  -1.40634450082824     
      2      7      4      8 -6.261430547406881E-002
      5      7      4      8 -0.247924999999999     
      1      8      4      8 -6.261430547406881E-002
      4      8      4      8  -5.73937500000000     
      6      9      4      8  -2.20944450082824     
      2     10      4      8  -4.52532500000000     
      5     10      4      8  0.201081500276081     
      1     11      4      8   1.77532500000000     
      4     11      4      8   1.00418150027608     
      3     12      4      8  -1.40634450082824     
      6      7      5      8 -0.214709348233256     
      2      8      5      8 -6.261430547406881E-002
      5      8      5      8  -5.86333750000000     
      6     10      5      8  -1.73929337849891     
      2     11      5      8  -3.63766250000000     
      5     11      5      8   1.20526300055216     
      1     12      5      8   1.53747654997361     
      4     12      5      8 -0.348283374940348     
      6      8      6      8  -5.98730000000000     
      6     11      6      8 -0.803100000000000     
      2     12      6      8  -2.75000000000000     
      5     12      6      8  0.803100000000000     
      7      8      7      8  -1.11560000000000     
      8     10      7      8  0.000000000000000E+000
      7     11      7      8  0.000000000000000E+000
     10     11      7      8   2.81223437945702     
      9     12      7      8  -2.81223437945702     
      3      7      1      9  -2.75000000000000     
      1      9      1      9  -5.98730000000000     
      4      9      1      9  0.803100000000000     
      3     10      1      9 -0.803100000000000     
      1      7      2      9 -0.108451158361725     
      4      7      2      9   1.53747654997361     
      3      8      2      9  -5.41298750000000     
      2      9      2      9  -5.61541250000000     
      5      9      2      9  -1.40634450082824     
      1     10      2      9 -0.214709348233256     
      4     10      2      9   2.08757675343926     
      3     11      2      9  -2.20944450082824     
      3      9      3      9  -8.73730000000000     
      3      7      4      9 -0.803100000000000     
      1      9      4      9  0.803100000000000     
      4      9      4      9  -5.41940000000000     
      3     10      4      9  -3.31790000000000     
      1      7      5      9   1.55279345052715     
      4      7      5      9  0.348283374940347     
      3      8      5      9  -2.20944450082824     
      2      9      5      9  -1.40634450082824     
      5      9      5      9  -5.28659000000000     
      1     10      5      9   1.73929337849891     
      4     10      5      9 -0.153355778502144     
      3     11      5      9  -3.18509000000000     
      2      7      6      9 -6.135861474190540E-002
      5      7      6      9   1.40634450082824     
      1      8      6      9   2.75087576471511     
      4      8      6      9  -2.20944450082824     
      6      9      6      9  -5.67676000000000     
      2     10      6      9  -1.40634450082824     
      5     10      6      9  0.390170000000002     
      1     11      6      9   2.20944450082824     
      4     11      6      9 -0.522979999999998     
      3     12      6      9  -2.66211000000000     
      7      9      7      9  -3.23730000000000     
      9     10      7      9  -1.60620000000000     
      8      9      8      9 -0.202425000000000     
      7     10      8      9  -1.75218589820687     
      9     11      8      9 -0.803100000000000     
      1      7      1     10  6.261430547406881E-002
      4      7      1     10  -3.63766250000000     
      3      8      1     10   1.53747654997361     
      2      9      1     10 -0.214709348233256     
      5      9      1     10   1.73929337849891     
      1     10      1     10  -5.86333750000000     
      4     10      1     10  -1.20526300055216     
      3     11      1     10  0.348283374940348     
      2      7      2     10 -6.261430547406881E-002
      5      7      2     10   1.77532500000000     
      1      8      2     10 -6.261430547406881E-002
      4      8      2     10  -4.52532500000000     
      6      9      2     10  -1.40634450082824     
      2     10      2     10  -5.73937500000000     
      5     10      2     10   1.00418150027608     
      1     11      2     10 -0.247924999999999     
      4     11      2     10  0.201081500276081     
      3     12      2     10  -2.20944450082824     
      3      7      3     10  0.803100000000000     
      1      9      3     10 -0.803100000000000     
      4      9      3     10  -3.31790000000000     
      3     10      3     10  -5.41939999999999     
      1      7      4     10  -1.79301143331547     
      4      7      4     10  -1.20526300055216     
      3      8      4     10   2.08757675343926     
      2      9      4     10   2.08757675343926     
      5      9      4     10 -0.153355778502144     
      1     10      4     10  -1.20526300055216     
      4     10      4     10  -8.56022000000000     
      3     11      4     10 -0.153355778502144     
      2      7      5     10  0.957864331399641     
      5      7      5     10  -1.00418150027608     
      1      8      5     10  -1.85437004805738     
      4      8      5     10  0.201081500276081     
      6      9      5     10  0.390170000000002     
      2     10      5     10   1.00418150027608     
      5     10      5     10  -5.85384000000000     
      1     11      5     10 -0.201081500276081     
      4     11      5     10  -2.83919000000000     
      3     12      5     10 -0.522979999999998     
      6      7      6     10   1.40634450082824     
      2      8      6     10   1.55279345052715     
      5      8      6     10  -1.73929337849891     
      6     10      6     10  -5.28659000000000     
      2     11      6     10 -0.348283374940347     
      5     11      6     10 -0.153355778502144     
      1     12      6     10   2.20944450082824     
      4     12      6     10  -3.18509000000000     
      8      9      7     10  -1.75218589820687     
      7     10      7     10  -2.22567500000000     
      9     11      7     10  -1.39101000355857     
      7      8      8     10  0.000000000000000E+000
      8     10      8     10  -1.21405000000000     
      7     11      8     10  -2.02325000000000     
     10     11      8     10 -0.803100000000000     
      9     12      8     10 -0.803100000000000     
      7      9      9     10  -1.60620000000000     
      9     10      9     10  -2.10150000000000     
      2      7      1     11  6.261430547406881E-002
      5      7      1     11  -4.52532500000000     
      1      8      1     11  6.261430547406881E-002
      4      8      1     11   1.77532500000000     
      6      9      1     11   2.20944450082824     
      2     10      1     11 -0.247924999999999     
      5     10      1     11 -0.201081500276081     
      1     11      1     11  -5.73937500000000     
      4     11      1     11  -1.00418150027608     
      3     12      1     11   1.40634450082824     
      6      7      2     11   1.53747654997361     
      2      8      2     11 -6.261430547406881E-002
      5      8      2     11  -3.63766250000000     
      6     10      2     11 -0.348283374940348     
      2     11      2     11  -5.86333750000000     
      5     11      2     11   1.20526300055216     
      1     12      2     11 -0.214709348233256     
      4     12      2     11  -1.73929337849891     
      1      7      3     11   1.55279345052715     
      4      7      3     11   1.73929337849891     
      3      8      3     11  -1.40634450082824     
      2      9      3     11  -2.20944450082824     
      5      9      3     11  -3.18509000000000     
      1     10      3     11  0.348283374940347     
      4     10      3     11 -0.153355778502144     
      3     11      3     11  -5.28659000000000     
      2      7      4     11  -1.85437004805738     
      5      7      4     11 -0.201081500276081     
      1      8      4     11  0.957864331399641     
      4      8      4     11   1.00418150027608     
      6      9      4     11 -0.522979999999998     
      2     10      4     11  0.201081500276081     
      5     10      4     11  -2.83919000000000     
      1     11      4     11  -1.00418150027608     
      4     11      4     11  -5.85384000000000     
      3     12      4     11  0.390170000000002     
      6      7      5     11  -2.08757675343926     
      2      8      5     11  -1.79301143331547     
      5      8      5     11   1.20526300055216     
      6     10      5     11 -0.153355778502144     
      2     11      5     11   1.20526300055216     
      5     11      5     11  -8.56022000000000     
      1     12      5     11  -2.08757675343926     
      4     12      5     11 -0.153355778502144     
      6      8      6     11 -0.803100000000000     
      6     11      6     11  -5.41940000000000     
      2     12      6     11  0.803100000000000     
      5     12      6     11  -3.31790000000000     
      7      8      7     11  0.000000000000000E+000
      8     10      7     11  -2.02325000000000     
      7     11      7     11  -1.21405000000000     
     10     11      7     11 -0.803100000000000     
      9     12      7     11 -0.803100000000000     
      8     11      8     11  -2.22567500000000     
      7     12      8     11  -1.75218589820687     
     10     12      8     11  -1.39101000355857     
      8      9      9     11 -0.803100000000000     
      7     10      9     11  -1.39101000355857     
      9     11      9     11  -2.10150000000000     
      7      8     10     11   2.81223437945702     
      8     10     10     11 -0.803100000000000     
      7     11     10     11 -0.803100000000000     
     10     11     10     11  -3.01465000000000     
      9     12     10     11  0.913150000000000     
      6      7      1     12  -5.41298750000000     
      2      8      1     12  0.108451158361725     
      5      8      1     12   1.53747654997361     
      6     10      1     12   2.20944450082824     
      2     11      1     12 -0.214709348233256     
      5     11      1     12  -2.08757675343926     
      1     12      1     12  -5.61541250000000     
      4     12      1     12   1.40634450082824     
      6      8      2     12  -2.75000000000000     
      6     11      2     12  0.803100000000000     
      2     12      2     12  -5.98730000000000     
      5     12      2     12 -0.803100000000000     
      2      7      3     12   2.75087576471511     
      5      7      3     12   2.20944450082824     
      1      8      3     12 -6.135861474190540E-002
      4      8      3     12  -1.40634450082824     
      6      9      3     12  -2.66211000000000     
      2     10      3     12  -2.20944450082824     
      5     10      3     12 -0.522979999999998     
      1     11      3     12   1.40634450082824     
      4     11      3     12  0.390170000000002     
      3     12      3     12  -5.67676000000000     
      6      7      4     12   2.20944450082824     
      2      8      4     12   1.55279345052715     
      5      8      4     12 -0.348283374940347     
      6     10      4     12  -3.18509000000000     
      2     11      4     12  -1.73929337849891     
      5     11      4     12 -0.153355778502144     
      1     12      4     12   1.40634450082824     
      4     12      4     12  -5.28659000000000     
      6      8      5     12  0.803100000000000     
      6     11      5     12  -3.31790000000000     
      2     12      5     12 -0.803100000000000     
      5     12      5     12  -5.41939999999999     
      6     12      6     12  -8.73730000000000     
      8     11      7     12  -1.75218589820687     
      7     12      7     12 -0.202425000000000     
     10     12      7     12 -0.803100000000000     
      8     12      8     12  -3.23730000000000     
     11     12      8     12  -1.60620000000000     
      7      8      9     12  -2.81223437945702     
      8     10      9     12 -0.803100000000000     
      7     11      9     12 -0.803100000000000     
     10     11      9     12  0.913150000000000     
      9     12      9     12  -3.01465000000000     
      8     11     10     12  -1.39101000355857     
      7     12     10     12 -0.803100000000000     
     10     12     10     12  -2.10150000000000     
      8     12     11     12  -1.60620000000000     
     11     12     11     12  -2.10150000000000     
