 ! Total Interaction
  20
   1   1   1   1     1     0  -9.1100
   1   2   1   1     1     0  -0.0727
   2   2   1   1     1     0   3.1431
   1   1   1   2     1     0  -0.0727
   1   2   1   2     1     0 -13.8978
   2   2   1   2     1     0  -6.1712
   1   1   2   2     1     0   3.1431
   1   2   2   2     1     0  -6.1712
   2   2   2   2     1     0  -9.9585
   1   2   1   2     2     0 -10.1403
   2   2   2   2     3     0 -10.1403
   1   1   1   1     0     1  -1.0065
   2   2   1   1     0     1  -4.2227
   1   1   2   2     0     1  -4.2227
   2   2   2   2     0     1  -3.9924
   1   2   1   2     1     1   0.9700
   1   2   1   2     2     1  -3.4368
   2   2   1   2     2     1   1.6886
   1   2   2   2     2     1   1.6886
   2   2   2   2     2     1  -2.2428
