      1      1      1      1           2           0   7.01783685956720     
      1      1      1      1           0           0  -14.1682500000000     
      1      1      1      2           2           0 -8.903895215016852E-002
      1      1      2      1           2           0 -8.903895215016852E-002
      1      1      2      2           4           0  -6.67209845481941     
      1      1      2      2           2           0   1.71800184202359     
      1      2      1      1           2           0  8.903895215016852E-002
      1      2      1      2           2           0  0.444545320735132     
      1      2      1      2           0           0  -18.8565756329274     
      1      2      2      1           4           0   14.3407145143480     
      1      2      2      1           2           0  -4.03777849323966     
      1      2      2      2           4           0   7.88050156632772     
      1      2      2      2           2           0   1.46686199865783     
      2      1      1      1           2           0  8.903895215016852E-002
      2      1      1      2           4           0   14.3407145143480     
      2      1      1      2           2           0  -4.03777849323966     
      2      1      2      1           2           0  0.444545320735132     
      2      1      2      1           0           0  -18.8565756329274     
      2      1      2      2           4           0   7.88050156632772     
      2      1      2      2           2           0   1.46686199865783     
      2      2      1      1           4           0  -6.67209845481941     
      2      2      1      1           2           0   1.71800184202359     
      2      2      1      2           4           0  -7.88050156632772     
      2      2      1      2           2           0  -1.46686199865783     
      2      2      2      1           4           0  -7.88050156632772     
      2      2      2      1           2           0  -1.46686199865783     
      2      2      2      2           6           0   9.07370995134846     
      2      2      2      2           4           0  -9.74675198576429     
      2      2      2      2           2           0   6.25502436340579     
      2      2      2      2           0           0  -29.0160000000000     
      1      1      1      1           2           0   7.01783685956720     
      1      1      1      1           0           0  -14.1682500000000     
      1      1      1      2           2           0 -8.903895215016852E-002
      1      1      2      1           2           0 -8.903895215016852E-002
      1      1      2      2           4           0  -6.67209845481941     
      1      1      2      2           2           0   1.71800184202359     
      1      2      1      1           2           0  8.903895215016852E-002
      1      2      1      2           2           0  0.444545320735132     
      1      2      1      2           0           0  -18.8565756329274     
      1      2      2      1           4           0   14.3407145143480     
      1      2      2      1           2           0  -4.03777849323966     
      1      2      2      2           4           0   7.88050156632772     
      1      2      2      2           2           0   1.46686199865783     
      2      1      1      1           2           0  8.903895215016852E-002
      2      1      1      2           4           0   14.3407145143480     
      2      1      1      2           2           0  -4.03777849323966     
      2      1      2      1           2           0  0.444545320735132     
      2      1      2      1           0           0  -18.8565756329274     
      2      1      2      2           4           0   7.88050156632772     
      2      1      2      2           2           0   1.46686199865783     
      2      2      1      1           4           0  -6.67209845481941     
      2      2      1      1           2           0   1.71800184202359     
      2      2      1      2           4           0  -7.88050156632772     
      2      2      1      2           2           0  -1.46686199865783     
      2      2      2      1           4           0  -7.88050156632772     
      2      2      2      1           2           0  -1.46686199865783     
      2      2      2      2           6           0   9.07370995134846     
      2      2      2      2           4           0  -9.74675198576429     
      2      2      2      2           2           0   6.25502436340579     
      2      2      2      2           0           0  -29.0160000000000     
          60           6
   1   1   3   3   0   0   0   0-14.1683   1   1
   1   1   3   3   2   0   0   0  7.0178   1   1
   1   1   3   4   2   0   0   0 -0.0890   1   1
   1   1   4   3   2   0   0   0  0.0890   1   1
   1   1   4   4   0   0   0   0-18.8566   1   1
   1   1   4   4   2   0   0   0  0.4445   1   1
   1   2   3   3   2   0   0   0 -0.0890   1   1
   1   2   3   4   2   0   0   0  1.7180   1   1
   1   2   3   4   4   0   0   0 -6.6721   1   1
   1   2   4   3   2   0   0   0 -4.0378   1   1
   1   2   4   3   4   0   0   0 14.3407   1   1
   1   2   4   4   2   0   0   0  1.4669   1   1
   1   2   4   4   4   0   0   0  7.8805   1   1
   2   1   3   3   2   0   0   0  0.0890   1   1
   2   1   3   4   2   0   0   0 -4.0378   1   1
   2   1   3   4   4   0   0   0 14.3407   1   1
   2   1   4   3   2   0   0   0  1.7180   1   1
   2   1   4   3   4   0   0   0 -6.6721   1   1
   2   1   4   4   2   0   0   0 -1.4669   1   1
   2   1   4   4   4   0   0   0 -7.8805   1   1
   2   2   3   3   0   0   0   0-18.8566   1   1
   2   2   3   3   2   0   0   0  0.4445   1   1
   2   2   3   4   2   0   0   0  1.4669   1   1
   2   2   3   4   4   0   0   0  7.8805   1   1
   2   2   4   3   2   0   0   0 -1.4669   1   1
   2   2   4   3   4   0   0   0 -7.8805   1   1
   2   2   4   4   0   0   0   0-29.0160   1   1
   2   2   4   4   2   0   0   0  6.2550   1   1
   2   2   4   4   4   0   0   0 -9.7468   1   1
   2   2   4   4   6   0   0   0  9.0737   1   1
   3   3   1   1   0   0   0   0-14.1683   1   1
   3   3   1   1   2   0   0   0  7.0178   1   1
   3   3   1   2   2   0   0   0 -0.0890   1   1
   3   3   2   1   2   0   0   0  0.0890   1   1
   3   3   2   2   0   0   0   0-18.8566   1   1
   3   3   2   2   2   0   0   0  0.4445   1   1
   3   4   1   1   2   0   0   0 -0.0890   1   1
   3   4   1   2   2   0   0   0  1.7180   1   1
   3   4   1   2   4   0   0   0 -6.6721   1   1
   3   4   2   1   2   0   0   0 -4.0378   1   1
   3   4   2   1   4   0   0   0 14.3407   1   1
   3   4   2   2   2   0   0   0  1.4669   1   1
   3   4   2   2   4   0   0   0  7.8805   1   1
   4   3   1   1   2   0   0   0  0.0890   1   1
   4   3   1   2   2   0   0   0 -4.0378   1   1
   4   3   1   2   4   0   0   0 14.3407   1   1
   4   3   2   1   2   0   0   0  1.7180   1   1
   4   3   2   1   4   0   0   0 -6.6721   1   1
   4   3   2   2   2   0   0   0 -1.4669   1   1
   4   3   2   2   4   0   0   0 -7.8805   1   1
   4   4   1   1   0   0   0   0-18.8566   1   1
   4   4   1   1   2   0   0   0  0.4445   1   1
   4   4   1   2   2   0   0   0  1.4669   1   1
   4   4   1   2   4   0   0   0  7.8805   1   1
   4   4   2   1   2   0   0   0 -1.4669   1   1
   4   4   2   1   4   0   0   0 -7.8805   1   1
   4   4   2   2   0   0   0   0-29.0160   1   1
   4   4   2   2   2   0   0   0  6.2550   1   1
   4   4   2   2   4   0   0   0 -9.7468   1   1
   4   4   2   2   6   0   0   0  9.0737   1   1
