      1      2      1      2  -1.00650000000000     
      2      4      1      2  0.000000000000000E+000
      1      5      1      2  0.000000000000000E+000
      4      5      1      2   2.98589980491643     
      3      6      1      2  -2.98589980491643     
      1      3      1      3  -3.43680000000000     
      3      4      1      3  -1.68860000000000     
      2      3      2      3 -0.131700000000000     
      1      4      2      3  -1.90820037469863     
      3      5      2      3 -0.844300000000000     
      2      3      1      4  -1.90820037469863     
      1      4      1      4  -2.33510000000000     
      3      5      1      4  -1.46237049683040     
      1      2      2      4  0.000000000000000E+000
      2      4      2      4  -1.23340000000000     
      1      5      2      4  -2.20340000000000     
      4      5      2      4 -0.844300000000000     
      3      6      2      4 -0.844300000000000     
      1      3      3      4  -1.68860000000000     
      3      4      3      4  -2.24280000000000     
      1      2      1      5  0.000000000000000E+000
      2      4      1      5  -2.20340000000000     
      1      5      1      5  -1.23340000000000     
      4      5      1      5 -0.844300000000000     
      3      6      1      5 -0.844300000000000     
      2      5      2      5  -2.33510000000000     
      1      6      2      5  -1.90820037469863     
      4      6      2      5  -1.46237049683040     
      2      3      3      5 -0.844300000000000     
      1      4      3      5  -1.46237049683040     
      3      5      3      5  -2.24280000000000     
      1      2      4      5   2.98589980491643     
      2      4      4      5 -0.844300000000000     
      1      5      4      5 -0.844300000000000     
      4      5      4      5  -3.11760000000000     
      3      6      4      5  0.874800000000000     
      2      5      1      6  -1.90820037469863     
      1      6      1      6 -0.131700000000000     
      4      6      1      6 -0.844300000000000     
      2      6      2      6  -3.43680000000000     
      5      6      2      6  -1.68860000000000     
      1      2      3      6  -2.98589980491643     
      2      4      3      6 -0.844300000000000     
      1      5      3      6 -0.844300000000000     
      4      5      3      6  0.874800000000000     
      3      6      3      6  -3.11760000000000     
      2      5      4      6  -1.46237049683040     
      1      6      4      6 -0.844300000000000     
      4      6      4      6  -2.24280000000000     
      2      6      5      6  -1.68860000000000     
      5      6      5      6  -2.24280000000000     
      1      7      1      7  -9.11000000000000     
      4      7      1      7  2.570333149613101E-002
      3      8      1      7 -4.451947607508427E-002
      2      9      1      7 -4.451947607508427E-002
      5      9      1      7   1.72154677049449     
      1     10      1      7  2.570333149613101E-002
      4     10      1      7  -1.98787098273505     
      3     11      1      7   1.72154677049449     
      2      7      2      7  -5.05825000000000     
      5      7      2      7  2.570333149613101E-002
      1      8      2      7  -4.05175000000000     
      4      8      2      7 -2.570333149613101E-002
      6      9      2      7 -2.046665406931769E-003
      2     10      2      7 -2.570333149613101E-002
      5     10      2      7  0.995982156774456     
      1     11      2      7  2.570333149613101E-002
      4     11      2      7  -1.98991764814198     
      3     12      2      7   2.98385313950950     
      3      7      3      7  -6.78855000000000     
      1      9      3      7  -3.35175000000000     
      4      9      3      7 -0.844300000000000     
      3     10      3      7  0.844300000000000     
      1      7      4      7  2.570333149613101E-002
      4      7      4      7  -6.70738750000000     
      3      8      4      7 -0.140577573669308     
      2      9      4      7   1.76762280102933     
      5      9      4      7  0.463862492890559     
      1     10      4      7  -4.37228750000000     
      4     10      4      7  -1.37992227027467     
      3     11      4      7   1.92623298972096     
      2      7      5      7  2.570333149613101E-002
      5      7      5      7  -6.62622500000000     
      1      8      5      7  2.570333149613101E-002
      4      8      5      7 -0.162324999999999     
      6      9      5      7   1.64773340541201     
      2     10      5      7   2.04107500000000     
      5     10      5      7  -1.11211113513734     
      1     11      5      7  -5.39282500000000     
      4     11      5      7 -0.267811135137335     
      3     12      5      7   2.49203340541201     
      6      7      6      7  -6.54506250000000     
      2      8      6      7  4.451947607508427E-002
      5      8      6      7 -0.140577573669308     
      6     10      6      7   1.64773340541201     
      2     11      6      7   1.76762280102933     
      5     11      6      7  -2.39009548261152     
      1     12      6      7  -6.41336250000000     
      4     12      6      7   2.49203340541201     
      2      7      1      8  -4.05175000000000     
      5      7      1      8  2.570333149613101E-002
      1      8      1      8  -5.05825000000000     
      4      8      1      8 -2.570333149613101E-002
      6      9      1      8   2.98385313950950     
      2     10      1      8 -2.570333149613101E-002
      5     10      1      8  -1.98991764814198     
      1     11      1      8  2.570333149613101E-002
      4     11      1      8  0.995982156774456     
      3     12      1      8 -2.046665406931769E-003
      6      7      2      8  4.451947607508427E-002
      2      8      2      8  -9.11000000000000     
      5      8      2      8 -2.570333149613101E-002
      6     10      2      8   1.72154677049449     
      2     11      2      8 -2.570333149613101E-002
      5     11      2      8  -1.98787098273505     
      1     12      2      8  4.451947607508427E-002
      4     12      2      8   1.72154677049449     
      1      7      3      8 -4.451947607508427E-002
      4      7      3      8 -0.140577573669308     
      3      8      3      8  -6.54506250000000     
      2      9      3      8  -6.41336250000000     
      5      9      3      8  -2.49203340541201     
      1     10      3      8   1.76762280102933     
      4     10      3      8   2.39009548261152     
      3     11      3      8  -1.64773340541201     
      2      7      4      8 -2.570333149613101E-002
      5      7      4      8 -0.162324999999999     
      1      8      4      8 -2.570333149613101E-002
      4      8      4      8  -6.62622500000000     
      6      9      4      8  -2.49203340541201     
      2     10      4      8  -5.39282500000000     
      5     10      4      8  0.267811135137335     
      1     11      4      8   2.04107500000000     
      4     11      4      8   1.11211113513734     
      3     12      4      8  -1.64773340541201     
      6      7      5      8 -0.140577573669308     
      2      8      5      8 -2.570333149613101E-002
      5      8      5      8  -6.70738750000000     
      6     10      5      8  -1.92623298972096     
      2     11      5      8  -4.37228750000000     
      5     11      5      8   1.37992227027467     
      1     12      5      8   1.76762280102933     
      4     12      5      8 -0.463862492890559     
      6      8      6      8  -6.78855000000000     
      6     11      6      8 -0.844300000000000     
      2     12      6      8  -3.35175000000000     
      5     12      6      8  0.844300000000000     
      7      8      7      8  -1.00650000000000     
      8     10      7      8  0.000000000000000E+000
      7     11      7      8  0.000000000000000E+000
     10     11      7      8   2.98589980491643     
      9     12      7      8  -2.98589980491643     
      3      7      1      9  -3.35175000000000     
      1      9      1      9  -6.78855000000000     
      4      9      1      9  0.844300000000000     
      3     10      1      9 -0.844300000000000     
      1      7      2      9 -4.451947607508427E-002
      4      7      2      9   1.76762280102933     
      3      8      2      9  -6.41336250000000     
      2      9      2      9  -6.54506250000000     
      5      9      2      9  -1.64773340541201     
      1     10      2      9 -0.140577573669308     
      4     10      2      9   2.39009548261152     
      3     11      2      9  -2.49203340541201     
      3      9      3      9  -10.1403000000000     
      3      7      4      9 -0.844300000000000     
      1      9      4      9  0.844300000000000     
      4      9      4      9  -6.19155000000000     
      3     10      4      9  -3.94875000000000     
      1      7      5      9   1.72154677049449     
      4      7      5      9  0.463862492890559     
      3      8      5      9  -2.49203340541201     
      2      9      5      9  -1.64773340541201     
      5      9      5      9  -6.13701000000000     
      1     10      5      9   1.92623298972096     
      4     10      5      9 -6.297736736319903E-002
      3     11      5      9  -3.89421000000000     
      2      7      6      9 -2.046665406931769E-003
      5      7      6      9   1.64773340541201     
      1      8      6      9   2.98385313950950     
      4      8      6      9  -2.49203340541201     
      6      9      6      9  -6.54714000000000     
      2     10      6      9  -1.64773340541201     
      5     10      6      9  0.410130000000002     
      1     11      6      9   2.49203340541201     
      4     11      6      9 -0.464669999999998     
      3     12      6      9  -3.42954000000000     
      7      9      7      9  -3.43680000000000     
      9     10      7      9  -1.68860000000000     
      8      9      8      9 -0.131700000000000     
      7     10      8      9  -1.90820037469863     
      9     11      8      9 -0.844300000000000     
      1      7      1     10  2.570333149613101E-002
      4      7      1     10  -4.37228750000000     
      3      8      1     10   1.76762280102933     
      2      9      1     10 -0.140577573669308     
      5      9      1     10   1.92623298972096     
      1     10      1     10  -6.70738750000000     
      4     10      1     10  -1.37992227027467     
      3     11      1     10  0.463862492890559     
      2      7      2     10 -2.570333149613101E-002
      5      7      2     10   2.04107500000000     
      1      8      2     10 -2.570333149613101E-002
      4      8      2     10  -5.39282500000000     
      6      9      2     10  -1.64773340541201     
      2     10      2     10  -6.62622500000000     
      5     10      2     10   1.11211113513734     
      1     11      2     10 -0.162324999999999     
      4     11      2     10  0.267811135137335     
      3     12      2     10  -2.49203340541201     
      3      7      3     10  0.844300000000000     
      1      9      3     10 -0.844300000000000     
      4      9      3     10  -3.94874999999999     
      3     10      3     10  -6.19154999999999     
      1      7      4     10  -1.98787098273505     
      4      7      4     10  -1.37992227027467     
      3      8      4     10   2.39009548261152     
      2      9      4     10   2.39009548261152     
      5      9      4     10 -6.297736736319948E-002
      1     10      4     10  -1.37992227027467     
      4     10      4     10  -10.0675800000000     
      3     11      4     10 -6.297736736319948E-002
      2      7      5     10  0.995982156774456     
      5      7      5     10  -1.11211113513734     
      1      8      5     10  -1.98991764814198     
      4      8      5     10  0.267811135137335     
      6      9      5     10  0.410130000000002     
      2     10      5     10   1.11211113513734     
      5     10      5     10  -6.61986000000000     
      1     11      5     10 -0.267811135137335     
      4     11      5     10  -3.50226000000000     
      3     12      5     10 -0.464669999999998     
      6      7      6     10   1.64773340541201     
      2      8      6     10   1.72154677049449     
      5      8      6     10  -1.92623298972096     
      6     10      6     10  -6.13701000000000     
      2     11      6     10 -0.463862492890559     
      5     11      6     10 -6.297736736319903E-002
      1     12      6     10   2.49203340541201     
      4     12      6     10  -3.89421000000000     
      8      9      7     10  -1.90820037469863     
      7     10      7     10  -2.33510000000000     
      9     11      7     10  -1.46237049683040     
      7      8      8     10  0.000000000000000E+000
      8     10      8     10  -1.23340000000000     
      7     11      8     10  -2.20340000000000     
     10     11      8     10 -0.844300000000000     
      9     12      8     10 -0.844300000000000     
      7      9      9     10  -1.68860000000000     
      9     10      9     10  -2.24280000000000     
      2      7      1     11  2.570333149613101E-002
      5      7      1     11  -5.39282500000000     
      1      8      1     11  2.570333149613101E-002
      4      8      1     11   2.04107500000000     
      6      9      1     11   2.49203340541201     
      2     10      1     11 -0.162324999999999     
      5     10      1     11 -0.267811135137335     
      1     11      1     11  -6.62622500000000     
      4     11      1     11  -1.11211113513734     
      3     12      1     11   1.64773340541201     
      6      7      2     11   1.76762280102933     
      2      8      2     11 -2.570333149613101E-002
      5      8      2     11  -4.37228750000000     
      6     10      2     11 -0.463862492890559     
      2     11      2     11  -6.70738750000000     
      5     11      2     11   1.37992227027467     
      1     12      2     11 -0.140577573669308     
      4     12      2     11  -1.92623298972096     
      1      7      3     11   1.72154677049449     
      4      7      3     11   1.92623298972096     
      3      8      3     11  -1.64773340541201     
      2      9      3     11  -2.49203340541201     
      5      9      3     11  -3.89421000000000     
      1     10      3     11  0.463862492890559     
      4     10      3     11 -6.297736736319903E-002
      3     11      3     11  -6.13701000000000     
      2      7      4     11  -1.98991764814198     
      5      7      4     11 -0.267811135137335     
      1      8      4     11  0.995982156774456     
      4      8      4     11   1.11211113513734     
      6      9      4     11 -0.464669999999998     
      2     10      4     11  0.267811135137335     
      5     10      4     11  -3.50226000000000     
      1     11      4     11  -1.11211113513734     
      4     11      4     11  -6.61986000000000     
      3     12      4     11  0.410130000000002     
      6      7      5     11  -2.39009548261152     
      2      8      5     11  -1.98787098273505     
      5      8      5     11   1.37992227027467     
      6     10      5     11 -6.297736736319948E-002
      2     11      5     11   1.37992227027467     
      5     11      5     11  -10.0675800000000     
      1     12      5     11  -2.39009548261152     
      4     12      5     11 -6.297736736319948E-002
      6      8      6     11 -0.844300000000000     
      6     11      6     11  -6.19155000000000     
      2     12      6     11  0.844300000000000     
      5     12      6     11  -3.94875000000000     
      7      8      7     11  0.000000000000000E+000
      8     10      7     11  -2.20340000000000     
      7     11      7     11  -1.23340000000000     
     10     11      7     11 -0.844300000000000     
      9     12      7     11 -0.844300000000000     
      8     11      8     11  -2.33510000000000     
      7     12      8     11  -1.90820037469863     
     10     12      8     11  -1.46237049683040     
      8      9      9     11 -0.844300000000000     
      7     10      9     11  -1.46237049683040     
      9     11      9     11  -2.24280000000000     
      7      8     10     11   2.98589980491643     
      8     10     10     11 -0.844300000000000     
      7     11     10     11 -0.844300000000000     
     10     11     10     11  -3.11760000000000     
      9     12     10     11  0.874800000000000     
      6      7      1     12  -6.41336250000000     
      2      8      1     12  4.451947607508427E-002
      5      8      1     12   1.76762280102933     
      6     10      1     12   2.49203340541201     
      2     11      1     12 -0.140577573669308     
      5     11      1     12  -2.39009548261152     
      1     12      1     12  -6.54506250000000     
      4     12      1     12   1.64773340541201     
      6      8      2     12  -3.35175000000000     
      6     11      2     12  0.844300000000000     
      2     12      2     12  -6.78855000000000     
      5     12      2     12 -0.844300000000000     
      2      7      3     12   2.98385313950950     
      5      7      3     12   2.49203340541201     
      1      8      3     12 -2.046665406931769E-003
      4      8      3     12  -1.64773340541201     
      6      9      3     12  -3.42954000000000     
      2     10      3     12  -2.49203340541201     
      5     10      3     12 -0.464669999999998     
      1     11      3     12   1.64773340541201     
      4     11      3     12  0.410130000000002     
      3     12      3     12  -6.54714000000000     
      6      7      4     12   2.49203340541201     
      2      8      4     12   1.72154677049449     
      5      8      4     12 -0.463862492890559     
      6     10      4     12  -3.89421000000000     
      2     11      4     12  -1.92623298972096     
      5     11      4     12 -6.297736736319903E-002
      1     12      4     12   1.64773340541201     
      4     12      4     12  -6.13701000000000     
      6      8      5     12  0.844300000000000     
      6     11      5     12  -3.94874999999999     
      2     12      5     12 -0.844300000000000     
      5     12      5     12  -6.19154999999999     
      6     12      6     12  -10.1403000000000     
      8     11      7     12  -1.90820037469863     
      7     12      7     12 -0.131700000000000     
     10     12      7     12 -0.844300000000000     
      8     12      8     12  -3.43680000000000     
     11     12      8     12  -1.68860000000000     
      7      8      9     12  -2.98589980491643     
      8     10      9     12 -0.844300000000000     
      7     11      9     12 -0.844300000000000     
     10     11      9     12  0.874800000000000     
      9     12      9     12  -3.11760000000000     
      8     11     10     12  -1.46237049683040     
      7     12     10     12 -0.844300000000000     
     10     12     10     12  -2.24280000000000     
      8     12     11     12  -1.68860000000000     
     11     12     11     12  -2.24280000000000     
