 ! Total Interaction
  20
   1   1   1   1     1     0  -8.7249
   1   2   1   1     1     0  -0.1626
   2   2   1   1     1     0   3.3711
   1   1   1   2     1     0  -0.1626
   1   2   1   2     1     0 -13.6485
   2   2   1   2     1     0  -6.4851
   1   1   2   2     1     0   3.3711
   1   2   2   2     1     0  -6.4851
   2   2   2   2     1     0  -9.4657
   1   2   1   2     2     0  -9.8723
   2   2   2   2     3     0  -9.8723
   1   1   1   1     0     1  -1.1005
   2   2   1   1     0     1  -4.0140
   1   1   2   2     0     1  -4.0140
   2   2   2   2     0     1  -3.9388
   1   2   1   2     1     1   0.8325
   1   2   1   2     2     1  -3.2676
   2   2   1   2     2     1   1.6188
   1   2   2   2     2     1   1.6188
   2   2   2   2     2     1  -2.1230
