      1      2      1      2  -1.10050000000000     
      2      4      1      2  0.000000000000000E+000
      1      5      1      2  0.000000000000000E+000
      4      5      1      2   2.83832661968280     
      3      6      1      2  -2.83832661968280     
      1      3      1      3  -3.26760000000000     
      3      4      1      3  -1.61880000000000     
      2      3      2      3 -0.192525000000000     
      1      4      2      3  -1.77539537902829     
      3      5      2      3 -0.809400000000000     
      2      3      1      4  -1.77539537902829     
      1      4      1      4  -2.24257500000000     
      3      5      1      4  -1.40192192364625     
      1      2      2      4  0.000000000000000E+000
      2      4      2      4  -1.21755000000000     
      1      5      2      4  -2.05005000000000     
      4      5      2      4 -0.809400000000000     
      3      6      2      4 -0.809400000000000     
      1      3      3      4  -1.61880000000000     
      3      4      3      4  -2.12300000000000     
      1      2      1      5  0.000000000000000E+000
      2      4      1      5  -2.05005000000000     
      1      5      1      5  -1.21755000000000     
      4      5      1      5 -0.809400000000000     
      3      6      1      5 -0.809400000000000     
      2      5      2      5  -2.24257500000000     
      1      6      2      5  -1.77539537902829     
      4      6      2      5  -1.40192192364625     
      2      3      3      5 -0.809400000000000     
      1      4      3      5  -1.40192192364625     
      3      5      3      5  -2.12300000000000     
      1      2      4      5   2.83832661968280     
      2      4      4      5 -0.809400000000000     
      1      5      4      5 -0.809400000000000     
      4      5      4      5  -3.03090000000000     
      3      6      4      5  0.907900000000000     
      2      5      1      6  -1.77539537902829     
      1      6      1      6 -0.192525000000000     
      4      6      1      6 -0.809400000000000     
      2      6      2      6  -3.26760000000000     
      5      6      2      6  -1.61880000000000     
      1      2      3      6  -2.83832661968280     
      2      4      3      6 -0.809400000000000     
      1      5      3      6 -0.809400000000000     
      4      5      3      6  0.907900000000000     
      3      6      3      6  -3.03090000000000     
      2      5      4      6  -1.40192192364625     
      1      6      4      6 -0.809400000000000     
      4      6      4      6  -2.12300000000000     
      2      6      5      6  -1.61880000000000     
      5      6      5      6  -2.12300000000000     
      1      7      1      7  -8.72490000000000     
      4      7      1      7  5.748778131046633E-002
      3      8      1      7 -9.957175804413622E-002
      2      9      1      7 -9.957175804413622E-002
      5      9      1      7   1.84642751360567     
      1     10      1      7  5.748778131046633E-002
      4     10      1      7  -2.13207084403873     
      3     11      1      7   1.84642751360567     
      2      7      2      7  -4.91270000000000     
      5      7      2      7  5.748778131046633E-002
      1      8      2      7  -3.81220000000000     
      4      8      2      7 -5.748778131046633E-002
      6      9      2      7  0.179889823187643     
      2     10      2      7 -5.748778131046633E-002
      5     10      2      7  0.886145598831720     
      1     11      2      7  5.748778131046633E-002
      4     11      2      7  -1.95218102085108     
      3     12      2      7   3.01821644287045     
      3      7      3      7  -6.56995000000000     
      1      9      3      7  -3.30235000000000     
      4      9      3      7 -0.809400000000000     
      3     10      3      7  0.809400000000000     
      1      7      4      7  5.748778131046633E-002
      4      7      4      7  -6.52946250000000     
      3      8      4      7 -7.012640707144413E-002
      2      9      4      7   1.70526897195685     
      5      9      4      7  0.554873253101362     
      1     10      4      7  -4.28688750000000     
      4     10      4      7  -1.45011244408839     
      3     11      4      7   1.95679517674761     
      2      7      5      7  5.748778131046633E-002
      5      7      5      7  -6.48897500000000     
      1      8      5      7  5.748778131046633E-002
      4      8      5      7 -8.097499999999835E-002
      6      9      5      7   1.77046866613258     
      2     10      5      7   1.96907500000000     
      5     10      5      7  -1.12975622204419     
      1     11      5      7  -5.27142500000000     
      4     11      5      7 -0.320356222044195     
      3     12      5      7   2.57986866613258     
      6      7      6      7  -6.44848750000000     
      2      8      6      7  9.957175804413622E-002
      5      8      6      7 -7.012640707144424E-002
      6     10      6      7   1.77046866613258     
      2     11      6      7   1.70526897195685     
      5     11      6      7  -2.51166842984897     
      1     12      6      7  -6.25596250000000     
      4     12      6      7   2.57986866613258     
      2      7      1      8  -3.81220000000000     
      5      7      1      8  5.748778131046633E-002
      1      8      1      8  -4.91270000000000     
      4      8      1      8 -5.748778131046633E-002
      6      9      1      8   3.01821644287045     
      2     10      1      8 -5.748778131046633E-002
      5     10      1      8  -1.95218102085108     
      1     11      1      8  5.748778131046633E-002
      4     11      1      8  0.886145598831720     
      3     12      1      8  0.179889823187643     
      6      7      2      8  9.957175804413622E-002
      2      8      2      8  -8.72490000000000     
      5      8      2      8 -5.748778131046633E-002
      6     10      2      8   1.84642751360567     
      2     11      2      8 -5.748778131046633E-002
      5     11      2      8  -2.13207084403873     
      1     12      2      8  9.957175804413622E-002
      4     12      2      8   1.84642751360567     
      1      7      3      8 -9.957175804413622E-002
      4      7      3      8 -7.012640707144424E-002
      3      8      3      8  -6.44848750000000     
      2      9      3      8  -6.25596250000000     
      5      9      3      8  -2.57986866613258     
      1     10      3      8   1.70526897195685     
      4     10      3      8   2.51166842984897     
      3     11      3      8  -1.77046866613258     
      2      7      4      8 -5.748778131046633E-002
      5      7      4      8 -8.097499999999835E-002
      1      8      4      8 -5.748778131046633E-002
      4      8      4      8  -6.48897500000000     
      6      9      4      8  -2.57986866613258     
      2     10      4      8  -5.27142500000000     
      5     10      4      8  0.320356222044195     
      1     11      4      8   1.96907500000000     
      4     11      4      8   1.12975622204419     
      3     12      4      8  -1.77046866613258     
      6      7      5      8 -7.012640707144413E-002
      2      8      5      8 -5.748778131046633E-002
      5      8      5      8  -6.52946250000000     
      6     10      5      8  -1.95679517674761     
      2     11      5      8  -4.28688750000000     
      5     11      5      8   1.45011244408839     
      1     12      5      8   1.70526897195685     
      4     12      5      8 -0.554873253101362     
      6      8      6      8  -6.56995000000000     
      6     11      6      8 -0.809400000000000     
      2     12      6      8  -3.30235000000000     
      5     12      6      8  0.809400000000000     
      7      8      7      8  -1.10050000000000     
      8     10      7      8  0.000000000000000E+000
      7     11      7      8  0.000000000000000E+000
     10     11      7      8   2.83832661968280     
      9     12      7      8  -2.83832661968280     
      3      7      1      9  -3.30235000000000     
      1      9      1      9  -6.56995000000000     
      4      9      1      9  0.809400000000000     
      3     10      1      9 -0.809400000000000     
      1      7      2      9 -9.957175804413622E-002
      4      7      2      9   1.70526897195685     
      3      8      2      9  -6.25596250000000     
      2      9      2      9  -6.44848750000000     
      5      9      2      9  -1.77046866613258     
      1     10      2      9 -7.012640707144424E-002
      4     10      2      9   2.51166842984897     
      3     11      2      9  -2.57986866613258     
      3      9      3      9  -9.87230000000000     
      3      7      4      9 -0.809400000000000     
      1      9      4      9  0.809400000000000     
      4      9      4      9  -5.99765000000000     
      3     10      4      9  -3.87464999999999     
      1      7      5      9   1.84642751360567     
      4      7      5      9  0.554873253101362     
      3      8      5      9  -2.57986866613258     
      2      9      5      9  -1.77046866613258     
      5      9      5      9  -5.87567000000000     
      1     10      5      9   1.95679517674761     
      4     10      5      9 -0.140850371671496     
      3     11      5      9  -3.75267000000000     
      2      7      6      9  0.179889823187643     
      5      7      6      9   1.77046866613258     
      1      8      6      9   3.01821644287045     
      4      8      6      9  -2.57986866613258     
      6      9      6      9  -6.26863000000000     
      2     10      6      9  -1.77046866613258     
      5     10      6      9  0.392960000000002     
      1     11      6      9   2.57986866613258     
      4     11      6      9 -0.514939999999998     
      3     12      6      9  -3.23773000000000     
      7      9      7      9  -3.26760000000000     
      9     10      7      9  -1.61880000000000     
      8      9      8      9 -0.192525000000000     
      7     10      8      9  -1.77539537902829     
      9     11      8      9 -0.809400000000000     
      1      7      1     10  5.748778131046633E-002
      4      7      1     10  -4.28688750000000     
      3      8      1     10   1.70526897195685     
      2      9      1     10 -7.012640707144413E-002
      5      9      1     10   1.95679517674761     
      1     10      1     10  -6.52946250000000     
      4     10      1     10  -1.45011244408839     
      3     11      1     10  0.554873253101362     
      2      7      2     10 -5.748778131046633E-002
      5      7      2     10   1.96907500000000     
      1      8      2     10 -5.748778131046633E-002
      4      8      2     10  -5.27142500000000     
      6      9      2     10  -1.77046866613258     
      2     10      2     10  -6.48897500000000     
      5     10      2     10   1.12975622204419     
      1     11      2     10 -8.097499999999835E-002
      4     11      2     10  0.320356222044195     
      3     12      2     10  -2.57986866613258     
      3      7      3     10  0.809400000000000     
      1      9      3     10 -0.809400000000000     
      4      9      3     10  -3.87464999999999     
      3     10      3     10  -5.99764999999999     
      1      7      4     10  -2.13207084403873     
      4      7      4     10  -1.45011244408839     
      3      8      4     10   2.51166842984897     
      2      9      4     10   2.51166842984897     
      5      9      4     10 -0.140850371671496     
      1     10      4     10  -1.45011244408839     
      4     10      4     10  -9.70966000000000     
      3     11      4     10 -0.140850371671496     
      2      7      5     10  0.886145598831720     
      5      7      5     10  -1.12975622204419     
      1      8      5     10  -1.95218102085108     
      4      8      5     10  0.320356222044195     
      6      9      5     10  0.392960000000003     
      2     10      5     10   1.12975622204419     
      5     10      5     10  -6.43127000000000     
      1     11      5     10 -0.320356222044195     
      4     11      5     10  -3.40037000000000     
      3     12      5     10 -0.514939999999997     
      6      7      6     10   1.77046866613258     
      2      8      6     10   1.84642751360567     
      5      8      6     10  -1.95679517674761     
      6     10      6     10  -5.87567000000000     
      2     11      6     10 -0.554873253101362     
      5     11      6     10 -0.140850371671496     
      1     12      6     10   2.57986866613258     
      4     12      6     10  -3.75267000000000     
      8      9      7     10  -1.77539537902829     
      7     10      7     10  -2.24257500000000     
      9     11      7     10  -1.40192192364625     
      7      8      8     10  0.000000000000000E+000
      8     10      8     10  -1.21755000000000     
      7     11      8     10  -2.05005000000000     
     10     11      8     10 -0.809400000000000     
      9     12      8     10 -0.809400000000000     
      7      9      9     10  -1.61880000000000     
      9     10      9     10  -2.12300000000000     
      2      7      1     11  5.748778131046633E-002
      5      7      1     11  -5.27142500000000     
      1      8      1     11  5.748778131046633E-002
      4      8      1     11   1.96907500000000     
      6      9      1     11   2.57986866613258     
      2     10      1     11 -8.097499999999835E-002
      5     10      1     11 -0.320356222044195     
      1     11      1     11  -6.48897500000000     
      4     11      1     11  -1.12975622204419     
      3     12      1     11   1.77046866613258     
      6      7      2     11   1.70526897195685     
      2      8      2     11 -5.748778131046633E-002
      5      8      2     11  -4.28688750000000     
      6     10      2     11 -0.554873253101362     
      2     11      2     11  -6.52946250000000     
      5     11      2     11   1.45011244408839     
      1     12      2     11 -7.012640707144413E-002
      4     12      2     11  -1.95679517674761     
      1      7      3     11   1.84642751360567     
      4      7      3     11   1.95679517674761     
      3      8      3     11  -1.77046866613258     
      2      9      3     11  -2.57986866613258     
      5      9      3     11  -3.75267000000000     
      1     10      3     11  0.554873253101362     
      4     10      3     11 -0.140850371671496     
      3     11      3     11  -5.87567000000000     
      2      7      4     11  -1.95218102085108     
      5      7      4     11 -0.320356222044195     
      1      8      4     11  0.886145598831720     
      4      8      4     11   1.12975622204419     
      6      9      4     11 -0.514939999999997     
      2     10      4     11  0.320356222044195     
      5     10      4     11  -3.40037000000000     
      1     11      4     11  -1.12975622204419     
      4     11      4     11  -6.43127000000000     
      3     12      4     11  0.392960000000003     
      6      7      5     11  -2.51166842984897     
      2      8      5     11  -2.13207084403873     
      5      8      5     11   1.45011244408839     
      6     10      5     11 -0.140850371671496     
      2     11      5     11   1.45011244408839     
      5     11      5     11  -9.70966000000000     
      1     12      5     11  -2.51166842984897     
      4     12      5     11 -0.140850371671496     
      6      8      6     11 -0.809400000000000     
      6     11      6     11  -5.99765000000000     
      2     12      6     11  0.809400000000000     
      5     12      6     11  -3.87464999999999     
      7      8      7     11  0.000000000000000E+000
      8     10      7     11  -2.05005000000000     
      7     11      7     11  -1.21755000000000     
     10     11      7     11 -0.809400000000000     
      9     12      7     11 -0.809400000000000     
      8     11      8     11  -2.24257500000000     
      7     12      8     11  -1.77539537902829     
     10     12      8     11  -1.40192192364625     
      8      9      9     11 -0.809400000000000     
      7     10      9     11  -1.40192192364625     
      9     11      9     11  -2.12300000000000     
      7      8     10     11   2.83832661968280     
      8     10     10     11 -0.809400000000000     
      7     11     10     11 -0.809400000000000     
     10     11     10     11  -3.03090000000000     
      9     12     10     11  0.907900000000000     
      6      7      1     12  -6.25596250000000     
      2      8      1     12  9.957175804413622E-002
      5      8      1     12   1.70526897195685     
      6     10      1     12   2.57986866613258     
      2     11      1     12 -7.012640707144424E-002
      5     11      1     12  -2.51166842984897     
      1     12      1     12  -6.44848750000000     
      4     12      1     12   1.77046866613258     
      6      8      2     12  -3.30235000000000     
      6     11      2     12  0.809400000000000     
      2     12      2     12  -6.56995000000000     
      5     12      2     12 -0.809400000000000     
      2      7      3     12   3.01821644287045     
      5      7      3     12   2.57986866613258     
      1      8      3     12  0.179889823187643     
      4      8      3     12  -1.77046866613258     
      6      9      3     12  -3.23773000000000     
      2     10      3     12  -2.57986866613258     
      5     10      3     12 -0.514939999999998     
      1     11      3     12   1.77046866613258     
      4     11      3     12  0.392960000000002     
      3     12      3     12  -6.26863000000000     
      6      7      4     12   2.57986866613258     
      2      8      4     12   1.84642751360567     
      5      8      4     12 -0.554873253101362     
      6     10      4     12  -3.75267000000000     
      2     11      4     12  -1.95679517674761     
      5     11      4     12 -0.140850371671496     
      1     12      4     12   1.77046866613258     
      4     12      4     12  -5.87567000000000     
      6      8      5     12  0.809400000000000     
      6     11      5     12  -3.87464999999999     
      2     12      5     12 -0.809400000000000     
      5     12      5     12  -5.99764999999999     
      6     12      6     12  -9.87230000000000     
      8     11      7     12  -1.77539537902829     
      7     12      7     12 -0.192525000000000     
     10     12      7     12 -0.809400000000000     
      8     12      8     12  -3.26760000000000     
     11     12      8     12  -1.61880000000000     
      7      8      9     12  -2.83832661968280     
      8     10      9     12 -0.809400000000000     
      7     11      9     12 -0.809400000000000     
     10     11      9     12  0.907900000000000     
      9     12      9     12  -3.03090000000000     
      8     11     10     12  -1.40192192364625     
      7     12     10     12 -0.809400000000000     
     10     12     10     12  -2.12300000000000     
      8     12     11     12  -1.61880000000000     
     11     12     11     12  -2.12300000000000     
