      1      1      1      1           2           0   6.60292408861407     
      1      1      1      1           0           0  -13.6376000000000     
      1      1      1      2           2           0 -0.199143516088272     
      1      1      2      1           2           0 -0.199143516088272     
      1      1      2      2           4           0  -6.74893713706593     
      1      1      2      2           2           0   2.15800582713124     
      1      2      1      1           2           0  0.199143516088272     
      1      2      1      2           2           0  0.221759170469906     
      1      2      1      2           0           0  -18.4108508734065     
      1      2      2      1           4           0   13.9887574146895     
      1      2      2      1           2           0  -4.01456901241824     
      1      2      2      2           4           0   8.15826104907946     
      1      2      2      2           2           0   1.75466329250739     
      2      1      1      1           2           0  0.199143516088272     
      2      1      1      2           4           0   13.9887574146895     
      2      1      1      2           2           0  -4.01456901241824     
      2      1      2      1           2           0  0.221759170469906     
      2      1      2      1           0           0  -18.4108508734065     
      2      1      2      2           4           0   8.15826104907946     
      2      1      2      2           2           0   1.75466329250739     
      2      2      1      1           4           0  -6.74893713706593     
      2      2      1      1           2           0   2.15800582713125     
      2      2      1      2           4           0  -8.15826104907946     
      2      2      1      2           2           0  -1.75466329250739     
      2      2      2      1           4           0  -8.15826104907946     
      2      2      2      1           2           0  -1.75466329250739     
      2      2      2      2           6           0   8.56622839237316     
      2      2      2      2           4           0  -9.54266606145788     
      2      2      2      2           2           0   6.31216471954748     
      2      2      2      2           0           0  -28.0142500000000     
      1      1      1      1           2           0   6.60292408861407     
      1      1      1      1           0           0  -13.6376000000000     
      1      1      1      2           2           0 -0.199143516088272     
      1      1      2      1           2           0 -0.199143516088272     
      1      1      2      2           4           0  -6.74893713706593     
      1      1      2      2           2           0   2.15800582713124     
      1      2      1      1           2           0  0.199143516088272     
      1      2      1      2           2           0  0.221759170469906     
      1      2      1      2           0           0  -18.4108508734065     
      1      2      2      1           4           0   13.9887574146895     
      1      2      2      1           2           0  -4.01456901241824     
      1      2      2      2           4           0   8.15826104907946     
      1      2      2      2           2           0   1.75466329250739     
      2      1      1      1           2           0  0.199143516088272     
      2      1      1      2           4           0   13.9887574146895     
      2      1      1      2           2           0  -4.01456901241824     
      2      1      2      1           2           0  0.221759170469906     
      2      1      2      1           0           0  -18.4108508734065     
      2      1      2      2           4           0   8.15826104907946     
      2      1      2      2           2           0   1.75466329250739     
      2      2      1      1           4           0  -6.74893713706593     
      2      2      1      1           2           0   2.15800582713125     
      2      2      1      2           4           0  -8.15826104907946     
      2      2      1      2           2           0  -1.75466329250739     
      2      2      2      1           4           0  -8.15826104907946     
      2      2      2      1           2           0  -1.75466329250739     
      2      2      2      2           6           0   8.56622839237316     
      2      2      2      2           4           0  -9.54266606145788     
      2      2      2      2           2           0   6.31216471954748     
      2      2      2      2           0           0  -28.0142500000000     
          60           6
   1   1   3   3   0   0   0   0-13.6376   1   1
   1   1   3   3   2   0   0   0  6.6029   1   1
   1   1   3   4   2   0   0   0 -0.1991   1   1
   1   1   4   3   2   0   0   0  0.1991   1   1
   1   1   4   4   0   0   0   0-18.4109   1   1
   1   1   4   4   2   0   0   0  0.2218   1   1
   1   2   3   3   2   0   0   0 -0.1991   1   1
   1   2   3   4   2   0   0   0  2.1580   1   1
   1   2   3   4   4   0   0   0 -6.7489   1   1
   1   2   4   3   2   0   0   0 -4.0146   1   1
   1   2   4   3   4   0   0   0 13.9888   1   1
   1   2   4   4   2   0   0   0  1.7547   1   1
   1   2   4   4   4   0   0   0  8.1583   1   1
   2   1   3   3   2   0   0   0  0.1991   1   1
   2   1   3   4   2   0   0   0 -4.0146   1   1
   2   1   3   4   4   0   0   0 13.9888   1   1
   2   1   4   3   2   0   0   0  2.1580   1   1
   2   1   4   3   4   0   0   0 -6.7489   1   1
   2   1   4   4   2   0   0   0 -1.7547   1   1
   2   1   4   4   4   0   0   0 -8.1583   1   1
   2   2   3   3   0   0   0   0-18.4109   1   1
   2   2   3   3   2   0   0   0  0.2218   1   1
   2   2   3   4   2   0   0   0  1.7547   1   1
   2   2   3   4   4   0   0   0  8.1583   1   1
   2   2   4   3   2   0   0   0 -1.7547   1   1
   2   2   4   3   4   0   0   0 -8.1583   1   1
   2   2   4   4   0   0   0   0-28.0143   1   1
   2   2   4   4   2   0   0   0  6.3122   1   1
   2   2   4   4   4   0   0   0 -9.5427   1   1
   2   2   4   4   6   0   0   0  8.5662   1   1
   3   3   1   1   0   0   0   0-13.6376   1   1
   3   3   1   1   2   0   0   0  6.6029   1   1
   3   3   1   2   2   0   0   0 -0.1991   1   1
   3   3   2   1   2   0   0   0  0.1991   1   1
   3   3   2   2   0   0   0   0-18.4109   1   1
   3   3   2   2   2   0   0   0  0.2218   1   1
   3   4   1   1   2   0   0   0 -0.1991   1   1
   3   4   1   2   2   0   0   0  2.1580   1   1
   3   4   1   2   4   0   0   0 -6.7489   1   1
   3   4   2   1   2   0   0   0 -4.0146   1   1
   3   4   2   1   4   0   0   0 13.9888   1   1
   3   4   2   2   2   0   0   0  1.7547   1   1
   3   4   2   2   4   0   0   0  8.1583   1   1
   4   3   1   1   2   0   0   0  0.1991   1   1
   4   3   1   2   2   0   0   0 -4.0146   1   1
   4   3   1   2   4   0   0   0 13.9888   1   1
   4   3   2   1   2   0   0   0  2.1580   1   1
   4   3   2   1   4   0   0   0 -6.7489   1   1
   4   3   2   2   2   0   0   0 -1.7547   1   1
   4   3   2   2   4   0   0   0 -8.1583   1   1
   4   4   1   1   0   0   0   0-18.4109   1   1
   4   4   1   1   2   0   0   0  0.2218   1   1
   4   4   1   2   2   0   0   0  1.7547   1   1
   4   4   1   2   4   0   0   0  8.1583   1   1
   4   4   2   1   2   0   0   0 -1.7547   1   1
   4   4   2   1   4   0   0   0 -8.1583   1   1
   4   4   2   2   0   0   0   0-28.0143   1   1
   4   4   2   2   2   0   0   0  6.3122   1   1
   4   4   2   2   4   0   0   0 -9.5427   1   1
   4   4   2   2   6   0   0   0  8.5662   1   1
