      1      1      1      1           2           0   4.50826844448065     
      1      1      1      1           0           0  -10.3403500000000     
      1      1      1      2           2           0  -1.70680445277132     
      1      1      2      1           2           0  -1.70680445277132     
      1      1      2      2           4           0  -7.53421994411689     
      1      1      2      2           2           0   5.32441315767957     
      1      2      1      1           2           0   1.70680445277132     
      1      2      1      2           2           0 -4.422859651854005E-002
      1      2      1      2           0           0  -15.4613493900516     
      1      2      2      1           4           0   11.1754205379484     
      1      2      2      1           2           0  -4.79327740486611     
      1      2      2      2           4           0   9.05879104815607     
      1      2      2      2           2           0   3.86790944967013     
      2      1      1      1           2           0   1.70680445277132     
      2      1      1      2           4           0   11.1754205379484     
      2      1      1      2           2           0  -4.79327740486611     
      2      1      2      1           2           0 -4.422859651854005E-002
      2      1      2      1           0           0  -15.4613493900516     
      2      1      2      2           4           0   9.05879104815607     
      2      1      2      2           2           0   3.86790944967013     
      2      2      1      1           4           0  -7.53421994411689     
      2      2      1      1           2           0   5.32441315767957     
      2      2      1      2           4           0  -9.05879104815607     
      2      2      1      2           2           0  -3.86790944967013     
      2      2      2      1           4           0  -9.05879104815607     
      2      2      2      1           2           0  -3.86790944967013     
      2      2      2      2           6           0   4.30846049374658     
      2      2      2      2           4           0  -7.73414546159594     
      2      2      2      2           2           0   8.85484128582071     
      2      2      2      2           0           0  -22.1304750000000     
      1      1      1      1           2           0   4.50826844448065     
      1      1      1      1           0           0  -10.3403500000000     
      1      1      1      2           2           0  -1.70680445277132     
      1      1      2      1           2           0  -1.70680445277132     
      1      1      2      2           4           0  -7.53421994411689     
      1      1      2      2           2           0   5.32441315767957     
      1      2      1      1           2           0   1.70680445277132     
      1      2      1      2           2           0 -4.422859651854005E-002
      1      2      1      2           0           0  -15.4613493900516     
      1      2      2      1           4           0   11.1754205379484     
      1      2      2      1           2           0  -4.79327740486611     
      1      2      2      2           4           0   9.05879104815607     
      1      2      2      2           2           0   3.86790944967013     
      2      1      1      1           2           0   1.70680445277132     
      2      1      1      2           4           0   11.1754205379484     
      2      1      1      2           2           0  -4.79327740486611     
      2      1      2      1           2           0 -4.422859651854005E-002
      2      1      2      1           0           0  -15.4613493900516     
      2      1      2      2           4           0   9.05879104815607     
      2      1      2      2           2           0   3.86790944967013     
      2      2      1      1           4           0  -7.53421994411689     
      2      2      1      1           2           0   5.32441315767957     
      2      2      1      2           4           0  -9.05879104815607     
      2      2      1      2           2           0  -3.86790944967013     
      2      2      2      1           4           0  -9.05879104815607     
      2      2      2      1           2           0  -3.86790944967013     
      2      2      2      2           6           0   4.30846049374658     
      2      2      2      2           4           0  -7.73414546159594     
      2      2      2      2           2           0   8.85484128582071     
      2      2      2      2           0           0  -22.1304750000000     
          60           6
   1   1   3   3   0   0   0   0-10.3404   1   1
   1   1   3   3   2   0   0   0  4.5083   1   1
   1   1   3   4   2   0   0   0 -1.7068   1   1
   1   1   4   3   2   0   0   0  1.7068   1   1
   1   1   4   4   0   0   0   0-15.4613   1   1
   1   1   4   4   2   0   0   0 -0.0442   1   1
   1   2   3   3   2   0   0   0 -1.7068   1   1
   1   2   3   4   2   0   0   0  5.3244   1   1
   1   2   3   4   4   0   0   0 -7.5342   1   1
   1   2   4   3   2   0   0   0 -4.7933   1   1
   1   2   4   3   4   0   0   0 11.1754   1   1
   1   2   4   4   2   0   0   0  3.8679   1   1
   1   2   4   4   4   0   0   0  9.0588   1   1
   2   1   3   3   2   0   0   0  1.7068   1   1
   2   1   3   4   2   0   0   0 -4.7933   1   1
   2   1   3   4   4   0   0   0 11.1754   1   1
   2   1   4   3   2   0   0   0  5.3244   1   1
   2   1   4   3   4   0   0   0 -7.5342   1   1
   2   1   4   4   2   0   0   0 -3.8679   1   1
   2   1   4   4   4   0   0   0 -9.0588   1   1
   2   2   3   3   0   0   0   0-15.4613   1   1
   2   2   3   3   2   0   0   0 -0.0442   1   1
   2   2   3   4   2   0   0   0  3.8679   1   1
   2   2   3   4   4   0   0   0  9.0588   1   1
   2   2   4   3   2   0   0   0 -3.8679   1   1
   2   2   4   3   4   0   0   0 -9.0588   1   1
   2   2   4   4   0   0   0   0-22.1305   1   1
   2   2   4   4   2   0   0   0  8.8548   1   1
   2   2   4   4   4   0   0   0 -7.7341   1   1
   2   2   4   4   6   0   0   0  4.3085   1   1
   3   3   1   1   0   0   0   0-10.3404   1   1
   3   3   1   1   2   0   0   0  4.5083   1   1
   3   3   1   2   2   0   0   0 -1.7068   1   1
   3   3   2   1   2   0   0   0  1.7068   1   1
   3   3   2   2   0   0   0   0-15.4613   1   1
   3   3   2   2   2   0   0   0 -0.0442   1   1
   3   4   1   1   2   0   0   0 -1.7068   1   1
   3   4   1   2   2   0   0   0  5.3244   1   1
   3   4   1   2   4   0   0   0 -7.5342   1   1
   3   4   2   1   2   0   0   0 -4.7933   1   1
   3   4   2   1   4   0   0   0 11.1754   1   1
   3   4   2   2   2   0   0   0  3.8679   1   1
   3   4   2   2   4   0   0   0  9.0588   1   1
   4   3   1   1   2   0   0   0  1.7068   1   1
   4   3   1   2   2   0   0   0 -4.7933   1   1
   4   3   1   2   4   0   0   0 11.1754   1   1
   4   3   2   1   2   0   0   0  5.3244   1   1
   4   3   2   1   4   0   0   0 -7.5342   1   1
   4   3   2   2   2   0   0   0 -3.8679   1   1
   4   3   2   2   4   0   0   0 -9.0588   1   1
   4   4   1   1   0   0   0   0-15.4613   1   1
   4   4   1   1   2   0   0   0 -0.0442   1   1
   4   4   1   2   2   0   0   0  3.8679   1   1
   4   4   1   2   4   0   0   0  9.0588   1   1
   4   4   2   1   2   0   0   0 -3.8679   1   1
   4   4   2   1   4   0   0   0 -9.0588   1   1
   4   4   2   2   0   0   0   0-22.1305   1   1
   4   4   2   2   2   0   0   0  8.8548   1   1
   4   4   2   2   4   0   0   0 -7.7341   1   1
   4   4   2   2   6   0   0   0  4.3085   1   1
