 ! Total Interaction
  20
   1   1   1   1     1     0  -7.4418
   1   2   1   1     1     0  -1.4869
   2   2   1   1     1     0   5.6504
   1   1   1   2     1     0  -1.4869
   1   2   1   2     1     0 -12.6585
   2   2   1   2     1     0  -8.9498
   1   1   2   2     1     0   5.6504
   1   2   2   2     1     0  -8.9498
   2   2   2   2     1     0  -6.2547
   1   2   1   2     2     0  -9.9720
   2   2   2   2     3     0  -9.9720
   1   1   1   1     0     1  -1.2689
   2   2   1   1     0     1  -2.8925
   1   1   2   2     0     1  -2.8925
   2   2   2   2     0     1  -3.3142
   1   2   1   2     1     1   0.1209
   1   2   1   2     2     1  -2.2934
   2   2   1   2     2     1   0.7801
   1   2   2   2     2     1   0.7801
   2   2   2   2     2     1  -1.7417
