      1      1      1      1           2           0   5.34588821502096     
      1      1      1      1           0           0  -11.7971500000000     
      1      1      1      2           2           0  -1.82107314927215     
      1      1      2      1           2           0  -1.82107314927215     
      1      1      2      2           4           0  -8.27987626763396     
      1      1      2      2           2           0   5.96584157706789     
      1      2      1      1           2           0   1.82107314927215     
      1      2      1      2           2           0 -0.186362600191130     
      1      2      1      2           0           0  -17.4902508773102     
      1      2      2      1           4           0   12.8620866133765     
      1      2      2      1           2           0  -5.54550707059327     
      1      2      2      2           4           0   10.1094196060694     
      1      2      2      2           2           0   4.41241490721577     
      2      1      1      1           2           0   1.82107314927215     
      2      1      1      2           4           0   12.8620866133765     
      2      1      1      2           2           0  -5.54550707059327     
      2      1      2      1           2           0 -0.186362600191130     
      2      1      2      1           0           0  -17.4902508773102     
      2      1      2      2           4           0   10.1094196060694     
      2      1      2      2           2           0   4.41241490721577     
      2      2      1      1           4           0  -8.27987626763396     
      2      2      1      1           2           0   5.96584157706789     
      2      2      1      2           4           0  -10.1094196060694     
      2      2      1      2           2           0  -4.41241490721577     
      2      2      2      1           4           0  -10.1094196060694     
      2      2      2      1           2           0  -4.41241490721577     
      2      2      2      2           6           0   5.42177941668600     
      2      2      2      2           4           0  -8.83398903734887     
      2      2      2      2           2           0   9.98794026387823     
      2      2      2      2           0           0  -25.1477000000000     
      1      1      1      1           2           0   5.34588821502096     
      1      1      1      1           0           0  -11.7971500000000     
      1      1      1      2           2           0  -1.82107314927215     
      1      1      2      1           2           0  -1.82107314927215     
      1      1      2      2           4           0  -8.27987626763396     
      1      1      2      2           2           0   5.96584157706789     
      1      2      1      1           2           0   1.82107314927215     
      1      2      1      2           2           0 -0.186362600191130     
      1      2      1      2           0           0  -17.4902508773102     
      1      2      2      1           4           0   12.8620866133765     
      1      2      2      1           2           0  -5.54550707059327     
      1      2      2      2           4           0   10.1094196060694     
      1      2      2      2           2           0   4.41241490721577     
      2      1      1      1           2           0   1.82107314927215     
      2      1      1      2           4           0   12.8620866133765     
      2      1      1      2           2           0  -5.54550707059327     
      2      1      2      1           2           0 -0.186362600191130     
      2      1      2      1           0           0  -17.4902508773102     
      2      1      2      2           4           0   10.1094196060694     
      2      1      2      2           2           0   4.41241490721577     
      2      2      1      1           4           0  -8.27987626763396     
      2      2      1      1           2           0   5.96584157706789     
      2      2      1      2           4           0  -10.1094196060694     
      2      2      1      2           2           0  -4.41241490721577     
      2      2      2      1           4           0  -10.1094196060694     
      2      2      2      1           2           0  -4.41241490721577     
      2      2      2      2           6           0   5.42177941668600     
      2      2      2      2           4           0  -8.83398903734887     
      2      2      2      2           2           0   9.98794026387823     
      2      2      2      2           0           0  -25.1477000000000     
          60           6
   1   1   3   3   0   0   0   0-11.7972   1   1
   1   1   3   3   2   0   0   0  5.3459   1   1
   1   1   3   4   2   0   0   0 -1.8211   1   1
   1   1   4   3   2   0   0   0  1.8211   1   1
   1   1   4   4   0   0   0   0-17.4903   1   1
   1   1   4   4   2   0   0   0 -0.1864   1   1
   1   2   3   3   2   0   0   0 -1.8211   1   1
   1   2   3   4   2   0   0   0  5.9658   1   1
   1   2   3   4   4   0   0   0 -8.2799   1   1
   1   2   4   3   2   0   0   0 -5.5455   1   1
   1   2   4   3   4   0   0   0 12.8621   1   1
   1   2   4   4   2   0   0   0  4.4124   1   1
   1   2   4   4   4   0   0   0 10.1094   1   1
   2   1   3   3   2   0   0   0  1.8211   1   1
   2   1   3   4   2   0   0   0 -5.5455   1   1
   2   1   3   4   4   0   0   0 12.8621   1   1
   2   1   4   3   2   0   0   0  5.9658   1   1
   2   1   4   3   4   0   0   0 -8.2799   1   1
   2   1   4   4   2   0   0   0 -4.4124   1   1
   2   1   4   4   4   0   0   0-10.1094   1   1
   2   2   3   3   0   0   0   0-17.4903   1   1
   2   2   3   3   2   0   0   0 -0.1864   1   1
   2   2   3   4   2   0   0   0  4.4124   1   1
   2   2   3   4   4   0   0   0 10.1094   1   1
   2   2   4   3   2   0   0   0 -4.4124   1   1
   2   2   4   3   4   0   0   0-10.1094   1   1
   2   2   4   4   0   0   0   0-25.1477   1   1
   2   2   4   4   2   0   0   0  9.9879   1   1
   2   2   4   4   4   0   0   0 -8.8340   1   1
   2   2   4   4   6   0   0   0  5.4218   1   1
   3   3   1   1   0   0   0   0-11.7972   1   1
   3   3   1   1   2   0   0   0  5.3459   1   1
   3   3   1   2   2   0   0   0 -1.8211   1   1
   3   3   2   1   2   0   0   0  1.8211   1   1
   3   3   2   2   0   0   0   0-17.4903   1   1
   3   3   2   2   2   0   0   0 -0.1864   1   1
   3   4   1   1   2   0   0   0 -1.8211   1   1
   3   4   1   2   2   0   0   0  5.9658   1   1
   3   4   1   2   4   0   0   0 -8.2799   1   1
   3   4   2   1   2   0   0   0 -5.5455   1   1
   3   4   2   1   4   0   0   0 12.8621   1   1
   3   4   2   2   2   0   0   0  4.4124   1   1
   3   4   2   2   4   0   0   0 10.1094   1   1
   4   3   1   1   2   0   0   0  1.8211   1   1
   4   3   1   2   2   0   0   0 -5.5455   1   1
   4   3   1   2   4   0   0   0 12.8621   1   1
   4   3   2   1   2   0   0   0  5.9658   1   1
   4   3   2   1   4   0   0   0 -8.2799   1   1
   4   3   2   2   2   0   0   0 -4.4124   1   1
   4   3   2   2   4   0   0   0-10.1094   1   1
   4   4   1   1   0   0   0   0-17.4903   1   1
   4   4   1   1   2   0   0   0 -0.1864   1   1
   4   4   1   2   2   0   0   0  4.4124   1   1
   4   4   1   2   4   0   0   0 10.1094   1   1
   4   4   2   1   2   0   0   0 -4.4124   1   1
   4   4   2   1   4   0   0   0-10.1094   1   1
   4   4   2   2   0   0   0   0-25.1477   1   1
   4   4   2   2   2   0   0   0  9.9879   1   1
   4   4   2   2   4   0   0   0 -8.8340   1   1
   4   4   2   2   6   0   0   0  5.4218   1   1
