      1      2      1      2  -1.26890000000000     
      2      4      1      2  0.000000000000000E+000
      1      5      1      2  0.000000000000000E+000
      4      5      1      2   2.04530636458209     
      3      6      1      2  -2.04530636458209     
      1      3      1      3  -2.29340000000000     
      3      4      1      3 -0.780100000000000     
      2      3      2      3 -0.482675000000000     
      1      4      2      3  -1.04542256617839     
      3      5      2      3 -0.390050000000000     
      2      3      1      4  -1.04542256617839     
      1      4      1      4  -1.68982500000000     
      3      5      1      4 -0.675586417492241     
      1      2      2      4  0.000000000000000E+000
      2      4      2      4  -1.08625000000000     
      1      5      2      4  -1.20715000000000     
      4      5      2      4 -0.390050000000000     
      3      6      2      4 -0.390050000000000     
      1      3      3      4 -0.780100000000000     
      3      4      3      4  -1.74170000000000     
      1      2      1      5  0.000000000000000E+000
      2      4      1      5  -1.20715000000000     
      1      5      1      5  -1.08625000000000     
      4      5      1      5 -0.390050000000000     
      3      6      1      5 -0.390050000000000     
      2      5      2      5  -1.68982500000000     
      1      6      2      5  -1.04542256617839     
      4      6      2      5 -0.675586417492241     
      2      3      3      5 -0.390050000000000     
      1      4      3      5 -0.675586417492241     
      3      5      3      5  -1.74170000000000     
      1      2      4      5   2.04530636458209     
      2      4      4      5 -0.390050000000000     
      1      5      4      5 -0.390050000000000     
      4      5      4      5  -2.52795000000000     
      3      6      4      5  0.786250000000000     
      2      5      1      6  -1.04542256617839     
      1      6      1      6 -0.482675000000000     
      4      6      1      6 -0.390050000000000     
      2      6      2      6  -2.29340000000000     
      5      6      2      6 -0.780100000000000     
      1      2      3      6  -2.04530636458209     
      2      4      3      6 -0.390050000000000     
      1      5      3      6 -0.390050000000000     
      4      5      3      6  0.786250000000000     
      3      6      3      6  -2.52795000000000     
      2      5      4      6 -0.675586417492241     
      1      6      4      6 -0.390050000000000     
      4      6      4      6  -1.74170000000000     
      2      6      5      6 -0.780100000000000     
      5      6      5      6  -1.74170000000000     
      1      7      1      7  -7.44180000000000     
      4      7      1      7  0.525698536473139     
      3      8      1      7 -0.910536574636077     
      2      9      1      7 -0.910536574636077     
      5      9      1      7   3.09485153892719     
      1     10      1      7  0.525698536473139     
      4     10      1      7  -3.57362673820308     
      3     11      1      7   3.09485153892719     
      2      7      2      7  -4.35535000000000     
      5      7      2      7  0.525698536473139     
      1      8      2      7  -3.08645000000000     
      4      8      2      7 -0.525698536473139     
      6      9      2      7   1.65756687136127     
      2     10      2      7 -0.525698536473139     
      5     10      2      7  0.129246497740274     
      1     11      2      7  0.525698536473139     
      4     11      2      7  -1.91605986684182     
      3     12      2      7   3.70287323594336     
      3      7      3      7  -6.13270000000000     
      1      9      3      7  -3.83930000000000     
      4      9      3      7 -0.390050000000000     
      3     10      3      7  0.390050000000000     
      1      7      4      7  0.525698536473139     
      4      7      4      7  -6.16672500000000     
      3      8      4      7  5.893302872753209E-002
      2      9      4      7   1.10435559490592     
      5      9      4      7   1.39532810884824     
      1     10      4      7  -4.47690000000000     
      4     10      4      7  -2.00123611850276     
      3     11      4      7   2.07091452634048     
      2      7      5      7  0.525698536473139     
      5      7      5      7  -6.20075000000000     
      1      8      5      7  0.525698536473139     
      4      8      5      7  6.805000000000105E-002
      6      9      5      7   2.80682917775414     
      2     10      5      7   1.27520000000000     
      5     10      5      7  -1.19564305925138     
      1     11      5      7  -5.11450000000000     
      4     11      5      7 -0.805593059251381     
      3     12      5      7   3.19687917775414     
      6      7      6      7  -6.23477500000000     
      2      8      6      7  0.910536574636077     
      5      8      6      7  5.893302872753209E-002
      6     10      6      7   2.80682917775414     
      2     11      6      7   1.10435559490592     
      5     11      6      7  -3.46624263518872     
      1     12      6      7  -5.75210000000000     
      4     12      6      7   3.19687917775414     
      2      7      1      8  -3.08645000000000     
      5      7      1      8  0.525698536473139     
      1      8      1      8  -4.35535000000000     
      4      8      1      8 -0.525698536473139     
      6      9      1      8   3.70287323594336     
      2     10      1      8 -0.525698536473139     
      5     10      1      8  -1.91605986684182     
      1     11      1      8  0.525698536473139     
      4     11      1      8  0.129246497740274     
      3     12      1      8   1.65756687136127     
      6      7      2      8  0.910536574636077     
      2      8      2      8  -7.44180000000000     
      5      8      2      8 -0.525698536473139     
      6     10      2      8   3.09485153892719     
      2     11      2      8 -0.525698536473139     
      5     11      2      8  -3.57362673820308     
      1     12      2      8  0.910536574636077     
      4     12      2      8   3.09485153892719     
      1      7      3      8 -0.910536574636077     
      4      7      3      8  5.893302872753209E-002
      3      8      3      8  -6.23477500000000     
      2      9      3      8  -5.75210000000000     
      5      9      3      8  -3.19687917775414     
      1     10      3      8   1.10435559490592     
      4     10      3      8   3.46624263518872     
      3     11      3      8  -2.80682917775414     
      2      7      4      8 -0.525698536473139     
      5      7      4      8  6.805000000000105E-002
      1      8      4      8 -0.525698536473139     
      4      8      4      8  -6.20075000000000     
      6      9      4      8  -3.19687917775414     
      2     10      4      8  -5.11450000000000     
      5     10      4      8  0.805593059251381     
      1     11      4      8   1.27520000000000     
      4     11      4      8   1.19564305925138     
      3     12      4      8  -2.80682917775414     
      6      7      5      8  5.893302872753209E-002
      2      8      5      8 -0.525698536473139     
      5      8      5      8  -6.16672500000000     
      6     10      5      8  -2.07091452634048     
      2     11      5      8  -4.47690000000000     
      5     11      5      8   2.00123611850276     
      1     12      5      8   1.10435559490592     
      4     12      5      8  -1.39532810884824     
      6      8      6      8  -6.13270000000000     
      6     11      6      8 -0.390050000000000     
      2     12      6      8  -3.83930000000000     
      5     12      6      8  0.390050000000000     
      7      8      7      8  -1.26890000000000     
      8     10      7      8  0.000000000000000E+000
      7     11      7      8  0.000000000000000E+000
     10     11      7      8   2.04530636458209     
      9     12      7      8  -2.04530636458209     
      3      7      1      9  -3.83930000000000     
      1      9      1      9  -6.13270000000000     
      4      9      1      9  0.390050000000000     
      3     10      1      9 -0.390050000000000     
      1      7      2      9 -0.910536574636077     
      4      7      2      9   1.10435559490592     
      3      8      2      9  -5.75210000000000     
      2      9      2      9  -6.23477500000000     
      5      9      2      9  -2.80682917775414     
      1     10      2      9  5.893302872753209E-002
      4     10      2      9   3.46624263518872     
      3     11      2      9  -3.19687917775414     
      3      9      3      9  -9.97200000000000     
      3      7      4      9 -0.390050000000000     
      1      9      4      9  0.390050000000000     
      4      9      4      9  -5.85685000000000     
      3     10      4      9  -4.11514999999999     
      1      7      5      9   3.09485153892719     
      4      7      5      9   1.39532810884824     
      3      8      5      9  -3.19687917775414     
      2      9      5      9  -2.80682917775414     
      5      9      5      9  -4.74166000000000     
      1     10      5      9   2.07091452634048     
      4     10      5      9  -1.28771049339515     
      3     11      5      9  -2.99996000000000     
      2      7      6      9   1.65756687136127     
      5      7      6      9   2.80682917775414     
      1      8      6      9   3.70287323594336     
      4      8      6      9  -3.19687917775414     
      6      9      6      9  -4.57719000000000     
      2     10      6      9  -2.80682917775414     
      5     10      6      9 -0.164469999999998     
      1     11      6      9   3.19687917775414     
      4     11      6      9 -0.950719999999998     
      3     12      6      9  -2.04924000000000     
      7      9      7      9  -2.29340000000000     
      9     10      7      9 -0.780100000000000     
      8      9      8      9 -0.482675000000000     
      7     10      8      9  -1.04542256617839     
      9     11      8      9 -0.390050000000000     
      1      7      1     10  0.525698536473139     
      4      7      1     10  -4.47690000000000     
      3      8      1     10   1.10435559490592     
      2      9      1     10  5.893302872753209E-002
      5      9      1     10   2.07091452634048     
      1     10      1     10  -6.16672500000000     
      4     10      1     10  -2.00123611850276     
      3     11      1     10   1.39532810884824     
      2      7      2     10 -0.525698536473139     
      5      7      2     10   1.27520000000000     
      1      8      2     10 -0.525698536473139     
      4      8      2     10  -5.11450000000000     
      6      9      2     10  -2.80682917775414     
      2     10      2     10  -6.20075000000000     
      5     10      2     10   1.19564305925138     
      1     11      2     10  6.805000000000105E-002
      4     11      2     10  0.805593059251381     
      3     12      2     10  -3.19687917775414     
      3      7      3     10  0.390050000000000     
      1      9      3     10 -0.390050000000000     
      4      9      3     10  -4.11515000000000     
      3     10      3     10  -5.85684999999999     
      1      7      4     10  -3.57362673820308     
      4      7      4     10  -2.00123611850276     
      3      8      4     10   3.46624263518872     
      2      9      4     10   3.46624263518872     
      5      9      4     10  -1.28771049339515     
      1     10      4     10  -2.00123611850276     
      4     10      4     10  -8.48508000000000     
      3     11      4     10  -1.28771049339515     
      2      7      5     10  0.129246497740274     
      5      7      5     10  -1.19564305925138     
      1      8      5     10  -1.91605986684182     
      4      8      5     10  0.805593059251381     
      6      9      5     10 -0.164469999999998     
      2     10      5     10   1.19564305925138     
      5     10      5     10  -6.06411000000000     
      1     11      5     10 -0.805593059251381     
      4     11      5     10  -3.53616000000000     
      3     12      5     10 -0.950719999999998     
      6      7      6     10   2.80682917775414     
      2      8      6     10   3.09485153892719     
      5      8      6     10  -2.07091452634048     
      6     10      6     10  -4.74166000000000     
      2     11      6     10  -1.39532810884824     
      5     11      6     10  -1.28771049339515     
      1     12      6     10   3.19687917775414     
      4     12      6     10  -2.99996000000000     
      8      9      7     10  -1.04542256617839     
      7     10      7     10  -1.68982500000000     
      9     11      7     10 -0.675586417492241     
      7      8      8     10  0.000000000000000E+000
      8     10      8     10  -1.08625000000000     
      7     11      8     10  -1.20715000000000     
     10     11      8     10 -0.390050000000000     
      9     12      8     10 -0.390050000000000     
      7      9      9     10 -0.780100000000000     
      9     10      9     10  -1.74170000000000     
      2      7      1     11  0.525698536473139     
      5      7      1     11  -5.11450000000000     
      1      8      1     11  0.525698536473139     
      4      8      1     11   1.27520000000000     
      6      9      1     11   3.19687917775414     
      2     10      1     11  6.805000000000105E-002
      5     10      1     11 -0.805593059251381     
      1     11      1     11  -6.20075000000000     
      4     11      1     11  -1.19564305925138     
      3     12      1     11   2.80682917775414     
      6      7      2     11   1.10435559490592     
      2      8      2     11 -0.525698536473139     
      5      8      2     11  -4.47690000000000     
      6     10      2     11  -1.39532810884824     
      2     11      2     11  -6.16672500000000     
      5     11      2     11   2.00123611850276     
      1     12      2     11  5.893302872753209E-002
      4     12      2     11  -2.07091452634048     
      1      7      3     11   3.09485153892719     
      4      7      3     11   2.07091452634048     
      3      8      3     11  -2.80682917775414     
      2      9      3     11  -3.19687917775414     
      5      9      3     11  -2.99996000000000     
      1     10      3     11   1.39532810884824     
      4     10      3     11  -1.28771049339515     
      3     11      3     11  -4.74166000000000     
      2      7      4     11  -1.91605986684182     
      5      7      4     11 -0.805593059251381     
      1      8      4     11  0.129246497740274     
      4      8      4     11   1.19564305925138     
      6      9      4     11 -0.950719999999998     
      2     10      4     11  0.805593059251381     
      5     10      4     11  -3.53616000000000     
      1     11      4     11  -1.19564305925138     
      4     11      4     11  -6.06411000000000     
      3     12      4     11 -0.164469999999998     
      6      7      5     11  -3.46624263518872     
      2      8      5     11  -3.57362673820308     
      5      8      5     11   2.00123611850276     
      6     10      5     11  -1.28771049339515     
      2     11      5     11   2.00123611850276     
      5     11      5     11  -8.48508000000000     
      1     12      5     11  -3.46624263518872     
      4     12      5     11  -1.28771049339515     
      6      8      6     11 -0.390050000000000     
      6     11      6     11  -5.85685000000000     
      2     12      6     11  0.390050000000000     
      5     12      6     11  -4.11514999999999     
      7      8      7     11  0.000000000000000E+000
      8     10      7     11  -1.20715000000000     
      7     11      7     11  -1.08625000000000     
     10     11      7     11 -0.390050000000000     
      9     12      7     11 -0.390050000000000     
      8     11      8     11  -1.68982500000000     
      7     12      8     11  -1.04542256617839     
     10     12      8     11 -0.675586417492241     
      8      9      9     11 -0.390050000000000     
      7     10      9     11 -0.675586417492241     
      9     11      9     11  -1.74170000000000     
      7      8     10     11   2.04530636458209     
      8     10     10     11 -0.390050000000000     
      7     11     10     11 -0.390050000000000     
     10     11     10     11  -2.52795000000000     
      9     12     10     11  0.786250000000000     
      6      7      1     12  -5.75210000000000     
      2      8      1     12  0.910536574636077     
      5      8      1     12   1.10435559490592     
      6     10      1     12   3.19687917775414     
      2     11      1     12  5.893302872753209E-002
      5     11      1     12  -3.46624263518872     
      1     12      1     12  -6.23477500000000     
      4     12      1     12   2.80682917775414     
      6      8      2     12  -3.83930000000000     
      6     11      2     12  0.390050000000000     
      2     12      2     12  -6.13270000000000     
      5     12      2     12 -0.390050000000000     
      2      7      3     12   3.70287323594336     
      5      7      3     12   3.19687917775414     
      1      8      3     12   1.65756687136127     
      4      8      3     12  -2.80682917775414     
      6      9      3     12  -2.04924000000000     
      2     10      3     12  -3.19687917775414     
      5     10      3     12 -0.950719999999998     
      1     11      3     12   2.80682917775414     
      4     11      3     12 -0.164469999999998     
      3     12      3     12  -4.57719000000000     
      6      7      4     12   3.19687917775414     
      2      8      4     12   3.09485153892719     
      5      8      4     12  -1.39532810884824     
      6     10      4     12  -2.99996000000000     
      2     11      4     12  -2.07091452634048     
      5     11      4     12  -1.28771049339515     
      1     12      4     12   2.80682917775414     
      4     12      4     12  -4.74166000000000     
      6      8      5     12  0.390050000000000     
      6     11      5     12  -4.11515000000000     
      2     12      5     12 -0.390050000000000     
      5     12      5     12  -5.85684999999999     
      6     12      6     12  -9.97200000000000     
      8     11      7     12  -1.04542256617839     
      7     12      7     12 -0.482675000000000     
     10     12      7     12 -0.390050000000000     
      8     12      8     12  -2.29340000000000     
     11     12      8     12 -0.780100000000000     
      7      8      9     12  -2.04530636458209     
      8     10      9     12 -0.390050000000000     
      7     11      9     12 -0.390050000000000     
     10     11      9     12  0.786250000000000     
      9     12      9     12  -2.52795000000000     
      8     11     10     12 -0.675586417492241     
      7     12     10     12 -0.390050000000000     
     10     12     10     12  -1.74170000000000     
      8     12     11     12 -0.780100000000000     
     11     12     11     12  -1.74170000000000     
