      1      2      1      2  -1.22590000000000     
      2      4      1      2  0.000000000000000E+000
      1      5      1      2  0.000000000000000E+000
      4      5      1      2   2.58723300168346     
      3      6      1      2  -2.58723300168346     
      1      3      1      3  -2.97060000000000     
      3      4      1      3  -1.49460000000000     
      2      3      2      3 -0.276225000000000     
      1      4      2      3  -1.55559813154780     
      3      5      2      3 -0.747300000000000     
      2      3      1      4  -1.55559813154780     
      1      4      1      4  -2.07247500000000     
      3      5      1      4  -1.29436156849622     
      1      2      2      4  0.000000000000000E+000
      2      4      2      4  -1.17435000000000     
      1      5      2      4  -1.79625000000000     
      4      5      2      4 -0.747300000000000     
      3      6      2      4 -0.747300000000000     
      1      3      3      4  -1.49460000000000     
      3      4      3      4  -1.91380000000000     
      1      2      1      5  0.000000000000000E+000
      2      4      1      5  -1.79625000000000     
      1      5      1      5  -1.17435000000000     
      4      5      1      5 -0.747300000000000     
      3      6      1      5 -0.747300000000000     
      2      5      2      5  -2.07247500000000     
      1      6      2      5  -1.55559813154780     
      4      6      2      5  -1.29436156849622     
      2      3      3      5 -0.747300000000000     
      1      4      3      5  -1.29436156849622     
      3      5      3      5  -1.91380000000000     
      1      2      4      5   2.58723300168346     
      2      4      4      5 -0.747300000000000     
      1      5      4      5 -0.747300000000000     
      4      5      4      5  -2.86350000000000     
      3      6      4      5  0.949700000000000     
      2      5      1      6  -1.55559813154780     
      1      6      1      6 -0.276225000000000     
      4      6      1      6 -0.747300000000000     
      2      6      2      6  -2.97060000000000     
      5      6      2      6  -1.49460000000000     
      1      2      3      6  -2.58723300168346     
      2      4      3      6 -0.747300000000000     
      1      5      3      6 -0.747300000000000     
      4      5      3      6  0.949700000000000     
      3      6      3      6  -2.86350000000000     
      2      5      4      6  -1.29436156849622     
      1      6      4      6 -0.747300000000000     
      4      6      4      6  -1.91380000000000     
      2      6      5      6  -1.49460000000000     
      5      6      5      6  -1.91380000000000     
      1      7      1      7  -8.03990000000000     
      4      7      1      7  0.100090964876956     
      3      8      1      7 -0.173362636545480     
      2      9      1      7 -0.173362636545480     
      5      9      1      7   1.99655826661783     
      1     10      1      7  0.100090964876956     
      4     10      1      7  -2.30542690536916     
      3     11      1      7   1.99655826661783     
      2      7      2      7  -4.63290000000000     
      5      7      2      7  0.100090964876956     
      1      8      2      7  -3.40700000000000     
      4      8      2      7 -0.100090964876956     
      6      9      2      7  0.435453678185138     
      2     10      2      7 -0.100090964876956     
      5     10      2      7  0.717259774499440     
      1     11      2      7  0.100090964876956     
      4     11      2      7  -1.86997322718402     
      3     12      2      7   3.02268667986860     
      3      7      3      7  -6.15240000000000     
      1      9      3      7  -3.18180000000000     
      4      9      3      7 -0.747300000000000     
      3     10      3      7  0.747300000000000     
      1      7      4      7  0.100090964876956     
      4      7      4      7  -6.17353750000000     
      3      8      4      7  3.661122394498872E-002
      2      9      4      7   1.59220935549279     
      5      9      4      7  0.677921737823295     
      1     10      4      7  -4.10106250000000     
      4     10      4      7  -1.53009659564356     
      3     11      4      7   1.97228330631952     
      2      7      5      7  0.100090964876956     
      5      7      5      7  -6.19467500000000     
      1      8      5      7  0.100090964876956     
      4      8      5      7  4.227500000000173E-002
      6      9      5      7   1.92149489346534     
      2     10      5      7   1.83852500000000     
      5     10      5      7  -1.13869829782178     
      1     11      5      7  -5.02032500000000     
      4     11      5      7 -0.391398297821778     
      3     12      5      7   2.66879489346534     
      6      7      6      7  -6.21581250000000     
      2      8      6      7  0.173362636545480     
      5      8      6      7  3.661122394498895E-002
      6     10      6      7   1.92149489346534     
      2     11      6      7   1.59220935549279     
      5     11      6      7  -2.65020504414281     
      1     12      6      7  -5.93958750000000     
      4     12      6      7   2.66879489346534     
      2      7      1      8  -3.40700000000000     
      5      7      1      8  0.100090964876956     
      1      8      1      8  -4.63290000000000     
      4      8      1      8 -0.100090964876956     
      6      9      1      8   3.02268667986860     
      2     10      1      8 -0.100090964876956     
      5     10      1      8  -1.86997322718402     
      1     11      1      8  0.100090964876956     
      4     11      1      8  0.717259774499440     
      3     12      1      8  0.435453678185138     
      6      7      2      8  0.173362636545480     
      2      8      2      8  -8.03990000000000     
      5      8      2      8 -0.100090964876956     
      6     10      2      8   1.99655826661783     
      2     11      2      8 -0.100090964876956     
      5     11      2      8  -2.30542690536916     
      1     12      2      8  0.173362636545480     
      4     12      2      8   1.99655826661783     
      1      7      3      8 -0.173362636545480     
      4      7      3      8  3.661122394498895E-002
      3      8      3      8  -6.21581250000000     
      2      9      3      8  -5.93958750000000     
      5      9      3      8  -2.66879489346534     
      1     10      3      8   1.59220935549279     
      4     10      3      8   2.65020504414281     
      3     11      3      8  -1.92149489346534     
      2      7      4      8 -0.100090964876956     
      5      7      4      8  4.227500000000173E-002
      1      8      4      8 -0.100090964876956     
      4      8      4      8  -6.19467500000000     
      6      9      4      8  -2.66879489346534     
      2     10      4      8  -5.02032500000000     
      5     10      4      8  0.391398297821778     
      1     11      4      8   1.83852500000000     
      4     11      4      8   1.13869829782178     
      3     12      4      8  -1.92149489346534     
      6      7      5      8  3.661122394498872E-002
      2      8      5      8 -0.100090964876956     
      5      8      5      8  -6.17353750000000     
      6     10      5      8  -1.97228330631952     
      2     11      5      8  -4.10106250000000     
      5     11      5      8   1.53009659564356     
      1     12      5      8   1.59220935549279     
      4     12      5      8 -0.677921737823295     
      6      8      6      8  -6.15240000000000     
      6     11      6      8 -0.747300000000000     
      2     12      6      8  -3.18180000000000     
      5     12      6      8  0.747300000000000     
      7      8      7      8  -1.22590000000000     
      8     10      7      8  0.000000000000000E+000
      7     11      7      8  0.000000000000000E+000
     10     11      7      8   2.58723300168346     
      9     12      7      8  -2.58723300168346     
      3      7      1      9  -3.18180000000000     
      1      9      1      9  -6.15240000000000     
      4      9      1      9  0.747300000000000     
      3     10      1      9 -0.747300000000000     
      1      7      2      9 -0.173362636545480     
      4      7      2      9   1.59220935549279     
      3      8      2      9  -5.93958750000000     
      2      9      2      9  -6.21581250000000     
      5      9      2      9  -1.92149489346534     
      1     10      2      9  3.661122394498895E-002
      4     10      2      9   2.65020504414281     
      3     11      2      9  -2.66879489346534     
      3      9      3      9  -9.33420000000000     
      3      7      4      9 -0.747300000000000     
      1      9      4      9  0.747300000000000     
      4      9      4      9  -5.62400000000000     
      3     10      4      9  -3.71020000000000     
      1      7      5      9   1.99655826661783     
      4      7      5      9  0.677921737823295     
      3      8      5      9  -2.66879489346534     
      2      9      5      9  -1.92149489346534     
      5      9      5      9  -5.41169000000000     
      1     10      5      9   1.97228330631952     
      4     10      5      9 -0.245154471303294     
      3     11      5      9  -3.49789000000000     
      2      7      6      9  0.435453678185138     
      5      7      6      9   1.92149489346534     
      1      8      6      9   3.02268667986860     
      4      8      6      9  -2.66879489346534     
      6      9      6      9  -5.78038500000000     
      2     10      6      9  -1.92149489346534     
      5     10      6      9  0.368695000000003     
      1     11      6      9   2.66879489346534     
      4     11      6      9 -0.581004999999998     
      3     12      6      9  -2.91688500000000     
      7      9      7      9  -2.97060000000000     
      9     10      7      9  -1.49460000000000     
      8      9      8      9 -0.276225000000000     
      7     10      8      9  -1.55559813154780     
      9     11      8      9 -0.747300000000000     
      1      7      1     10  0.100090964876956     
      4      7      1     10  -4.10106250000000     
      3      8      1     10   1.59220935549279     
      2      9      1     10  3.661122394498872E-002
      5      9      1     10   1.97228330631952     
      1     10      1     10  -6.17353750000000     
      4     10      1     10  -1.53009659564356     
      3     11      1     10  0.677921737823295     
      2      7      2     10 -0.100090964876956     
      5      7      2     10   1.83852500000000     
      1      8      2     10 -0.100090964876956     
      4      8      2     10  -5.02032500000000     
      6      9      2     10  -1.92149489346534     
      2     10      2     10  -6.19467500000000     
      5     10      2     10   1.13869829782178     
      1     11      2     10  4.227500000000173E-002
      4     11      2     10  0.391398297821778     
      3     12      2     10  -2.66879489346534     
      3      7      3     10  0.747300000000000     
      1      9      3     10 -0.747300000000000     
      4      9      3     10  -3.71020000000000     
      3     10      3     10  -5.62399999999999     
      1      7      4     10  -2.30542690536916     
      4      7      4     10  -1.53009659564356     
      3      8      4     10   2.65020504414281     
      2      9      4     10   2.65020504414281     
      5      9      4     10 -0.245154471303294     
      1     10      4     10  -1.53009659564356     
      4     10      4     10  -9.05112000000000     
      3     11      4     10 -0.245154471303294     
      2      7      5     10  0.717259774499440     
      5      7      5     10  -1.13869829782178     
      1      8      5     10  -1.86997322718402     
      4      8      5     10  0.391398297821778     
      6      9      5     10  0.368695000000003     
      2     10      5     10   1.13869829782178     
      5     10      5     10  -6.06346500000000     
      1     11      5     10 -0.391398297821778     
      4     11      5     10  -3.19996500000000     
      3     12      5     10 -0.581004999999998     
      6      7      6     10   1.92149489346534     
      2      8      6     10   1.99655826661783     
      5      8      6     10  -1.97228330631952     
      6     10      6     10  -5.41169000000000     
      2     11      6     10 -0.677921737823295     
      5     11      6     10 -0.245154471303294     
      1     12      6     10   2.66879489346534     
      4     12      6     10  -3.49789000000000     
      8      9      7     10  -1.55559813154780     
      7     10      7     10  -2.07247500000000     
      9     11      7     10  -1.29436156849622     
      7      8      8     10  0.000000000000000E+000
      8     10      8     10  -1.17435000000000     
      7     11      8     10  -1.79625000000000     
     10     11      8     10 -0.747300000000000     
      9     12      8     10 -0.747300000000000     
      7      9      9     10  -1.49460000000000     
      9     10      9     10  -1.91380000000000     
      2      7      1     11  0.100090964876956     
      5      7      1     11  -5.02032500000000     
      1      8      1     11  0.100090964876956     
      4      8      1     11   1.83852500000000     
      6      9      1     11   2.66879489346534     
      2     10      1     11  4.227500000000173E-002
      5     10      1     11 -0.391398297821778     
      1     11      1     11  -6.19467500000000     
      4     11      1     11  -1.13869829782178     
      3     12      1     11   1.92149489346534     
      6      7      2     11   1.59220935549279     
      2      8      2     11 -0.100090964876956     
      5      8      2     11  -4.10106250000000     
      6     10      2     11 -0.677921737823295     
      2     11      2     11  -6.17353750000000     
      5     11      2     11   1.53009659564356     
      1     12      2     11  3.661122394498872E-002
      4     12      2     11  -1.97228330631952     
      1      7      3     11   1.99655826661783     
      4      7      3     11   1.97228330631952     
      3      8      3     11  -1.92149489346534     
      2      9      3     11  -2.66879489346534     
      5      9      3     11  -3.49789000000000     
      1     10      3     11  0.677921737823295     
      4     10      3     11 -0.245154471303294     
      3     11      3     11  -5.41169000000000     
      2      7      4     11  -1.86997322718402     
      5      7      4     11 -0.391398297821778     
      1      8      4     11  0.717259774499440     
      4      8      4     11   1.13869829782178     
      6      9      4     11 -0.581004999999998     
      2     10      4     11  0.391398297821778     
      5     10      4     11  -3.19996500000000     
      1     11      4     11  -1.13869829782178     
      4     11      4     11  -6.06346500000000     
      3     12      4     11  0.368695000000003     
      6      7      5     11  -2.65020504414281     
      2      8      5     11  -2.30542690536916     
      5      8      5     11   1.53009659564356     
      6     10      5     11 -0.245154471303294     
      2     11      5     11   1.53009659564356     
      5     11      5     11  -9.05112000000000     
      1     12      5     11  -2.65020504414281     
      4     12      5     11 -0.245154471303294     
      6      8      6     11 -0.747300000000000     
      6     11      6     11  -5.62400000000000     
      2     12      6     11  0.747300000000000     
      5     12      6     11  -3.71020000000000     
      7      8      7     11  0.000000000000000E+000
      8     10      7     11  -1.79625000000000     
      7     11      7     11  -1.17435000000000     
     10     11      7     11 -0.747300000000000     
      9     12      7     11 -0.747300000000000     
      8     11      8     11  -2.07247500000000     
      7     12      8     11  -1.55559813154780     
     10     12      8     11  -1.29436156849622     
      8      9      9     11 -0.747300000000000     
      7     10      9     11  -1.29436156849622     
      9     11      9     11  -1.91380000000000     
      7      8     10     11   2.58723300168346     
      8     10     10     11 -0.747300000000000     
      7     11     10     11 -0.747300000000000     
     10     11     10     11  -2.86350000000000     
      9     12     10     11  0.949700000000000     
      6      7      1     12  -5.93958750000000     
      2      8      1     12  0.173362636545480     
      5      8      1     12   1.59220935549279     
      6     10      1     12   2.66879489346534     
      2     11      1     12  3.661122394498895E-002
      5     11      1     12  -2.65020504414281     
      1     12      1     12  -6.21581250000000     
      4     12      1     12   1.92149489346534     
      6      8      2     12  -3.18180000000000     
      6     11      2     12  0.747300000000000     
      2     12      2     12  -6.15240000000000     
      5     12      2     12 -0.747300000000000     
      2      7      3     12   3.02268667986860     
      5      7      3     12   2.66879489346534     
      1      8      3     12  0.435453678185138     
      4      8      3     12  -1.92149489346534     
      6      9      3     12  -2.91688500000000     
      2     10      3     12  -2.66879489346534     
      5     10      3     12 -0.581004999999998     
      1     11      3     12   1.92149489346534     
      4     11      3     12  0.368695000000003     
      3     12      3     12  -5.78038500000000     
      6      7      4     12   2.66879489346534     
      2      8      4     12   1.99655826661783     
      5      8      4     12 -0.677921737823295     
      6     10      4     12  -3.49789000000000     
      2     11      4     12  -1.97228330631952     
      5     11      4     12 -0.245154471303294     
      1     12      4     12   1.92149489346534     
      4     12      4     12  -5.41169000000000     
      6      8      5     12  0.747300000000000     
      6     11      5     12  -3.71020000000000     
      2     12      5     12 -0.747300000000000     
      5     12      5     12  -5.62399999999999     
      6     12      6     12  -9.33420000000000     
      8     11      7     12  -1.55559813154780     
      7     12      7     12 -0.276225000000000     
     10     12      7     12 -0.747300000000000     
      8     12      8     12  -2.97060000000000     
     11     12      8     12  -1.49460000000000     
      7      8      9     12  -2.58723300168346     
      8     10      9     12 -0.747300000000000     
      7     11      9     12 -0.747300000000000     
     10     11      9     12  0.949700000000000     
      9     12      9     12  -2.86350000000000     
      8     11     10     12  -1.29436156849622     
      7     12     10     12 -0.747300000000000     
     10     12     10     12  -1.91380000000000     
      8     12     11     12  -1.49460000000000     
     11     12     11     12  -1.91380000000000     
