      1      1      1      1           2           0   5.90109710138717     
      1      1      1      1           0           0  -12.6728000000000     
      1      1      1      2           2           0 -0.346725273090959     
      1      1      2      1           2           0 -0.346725273090959     
      1      1      2      2           4           0  -6.75893289086933     
      1      1      2      2           2           0   2.75078616157723     
      1      2      1      1           2           0  0.346725273090959     
      1      2      1      2           2           0 -0.115774855592654     
      1      2      1      2           0           0  -17.4912938598124     
      1      2      2      1           4           0   13.2813214083080     
      1      2      2      1           2           0  -3.91882990402987     
      1      2      2      2           4           0   8.43947047117688     
      1      2      2      2           2           0   2.14377676686113     
      2      1      1      1           2           0  0.346725273090959     
      2      1      1      2           4           0   13.2813214083080     
      2      1      1      2           2           0  -3.91882990402987     
      2      1      2      1           2           0 -0.115774855592654     
      2      1      2      1           0           0  -17.4912938598124     
      2      1      2      2           4           0   8.43947047117688     
      2      1      2      2           2           0   2.14377676686113     
      2      2      1      1           4           0  -6.75893289086933     
      2      2      1      1           2           0   2.75078616157724     
      2      2      1      2           4           0  -8.43947047117688     
      2      2      1      2           2           0  -2.14377676686113     
      2      2      2      1           4           0  -8.43947047117688     
      2      2      2      1           2           0  -2.14377676686113     
      2      2      2      2           6           0   7.71735231297464     
      2      2      2      2           4           0  -9.12068649308401     
      2      2      2      2           2           0   6.27796537635204     
      2      2      2      2           0           0  -26.1502750000000     
      1      1      1      1           2           0   5.90109710138717     
      1      1      1      1           0           0  -12.6728000000000     
      1      1      1      2           2           0 -0.346725273090959     
      1      1      2      1           2           0 -0.346725273090959     
      1      1      2      2           4           0  -6.75893289086933     
      1      1      2      2           2           0   2.75078616157723     
      1      2      1      1           2           0  0.346725273090959     
      1      2      1      2           2           0 -0.115774855592654     
      1      2      1      2           0           0  -17.4912938598124     
      1      2      2      1           4           0   13.2813214083080     
      1      2      2      1           2           0  -3.91882990402987     
      1      2      2      2           4           0   8.43947047117688     
      1      2      2      2           2           0   2.14377676686113     
      2      1      1      1           2           0  0.346725273090959     
      2      1      1      2           4           0   13.2813214083080     
      2      1      1      2           2           0  -3.91882990402987     
      2      1      2      1           2           0 -0.115774855592654     
      2      1      2      1           0           0  -17.4912938598124     
      2      1      2      2           4           0   8.43947047117688     
      2      1      2      2           2           0   2.14377676686113     
      2      2      1      1           4           0  -6.75893289086933     
      2      2      1      1           2           0   2.75078616157724     
      2      2      1      2           4           0  -8.43947047117688     
      2      2      1      2           2           0  -2.14377676686113     
      2      2      2      1           4           0  -8.43947047117688     
      2      2      2      1           2           0  -2.14377676686113     
      2      2      2      2           6           0   7.71735231297464     
      2      2      2      2           4           0  -9.12068649308401     
      2      2      2      2           2           0   6.27796537635204     
      2      2      2      2           0           0  -26.1502750000000     
          60           6
   1   1   3   3   0   0   0   0-12.6728   1   1
   1   1   3   3   2   0   0   0  5.9011   1   1
   1   1   3   4   2   0   0   0 -0.3467   1   1
   1   1   4   3   2   0   0   0  0.3467   1   1
   1   1   4   4   0   0   0   0-17.4913   1   1
   1   1   4   4   2   0   0   0 -0.1158   1   1
   1   2   3   3   2   0   0   0 -0.3467   1   1
   1   2   3   4   2   0   0   0  2.7508   1   1
   1   2   3   4   4   0   0   0 -6.7589   1   1
   1   2   4   3   2   0   0   0 -3.9188   1   1
   1   2   4   3   4   0   0   0 13.2813   1   1
   1   2   4   4   2   0   0   0  2.1438   1   1
   1   2   4   4   4   0   0   0  8.4395   1   1
   2   1   3   3   2   0   0   0  0.3467   1   1
   2   1   3   4   2   0   0   0 -3.9188   1   1
   2   1   3   4   4   0   0   0 13.2813   1   1
   2   1   4   3   2   0   0   0  2.7508   1   1
   2   1   4   3   4   0   0   0 -6.7589   1   1
   2   1   4   4   2   0   0   0 -2.1438   1   1
   2   1   4   4   4   0   0   0 -8.4395   1   1
   2   2   3   3   0   0   0   0-17.4913   1   1
   2   2   3   3   2   0   0   0 -0.1158   1   1
   2   2   3   4   2   0   0   0  2.1438   1   1
   2   2   3   4   4   0   0   0  8.4395   1   1
   2   2   4   3   2   0   0   0 -2.1438   1   1
   2   2   4   3   4   0   0   0 -8.4395   1   1
   2   2   4   4   0   0   0   0-26.1503   1   1
   2   2   4   4   2   0   0   0  6.2780   1   1
   2   2   4   4   4   0   0   0 -9.1207   1   1
   2   2   4   4   6   0   0   0  7.7174   1   1
   3   3   1   1   0   0   0   0-12.6728   1   1
   3   3   1   1   2   0   0   0  5.9011   1   1
   3   3   1   2   2   0   0   0 -0.3467   1   1
   3   3   2   1   2   0   0   0  0.3467   1   1
   3   3   2   2   0   0   0   0-17.4913   1   1
   3   3   2   2   2   0   0   0 -0.1158   1   1
   3   4   1   1   2   0   0   0 -0.3467   1   1
   3   4   1   2   2   0   0   0  2.7508   1   1
   3   4   1   2   4   0   0   0 -6.7589   1   1
   3   4   2   1   2   0   0   0 -3.9188   1   1
   3   4   2   1   4   0   0   0 13.2813   1   1
   3   4   2   2   2   0   0   0  2.1438   1   1
   3   4   2   2   4   0   0   0  8.4395   1   1
   4   3   1   1   2   0   0   0  0.3467   1   1
   4   3   1   2   2   0   0   0 -3.9188   1   1
   4   3   1   2   4   0   0   0 13.2813   1   1
   4   3   2   1   2   0   0   0  2.7508   1   1
   4   3   2   1   4   0   0   0 -6.7589   1   1
   4   3   2   2   2   0   0   0 -2.1438   1   1
   4   3   2   2   4   0   0   0 -8.4395   1   1
   4   4   1   1   0   0   0   0-17.4913   1   1
   4   4   1   1   2   0   0   0 -0.1158   1   1
   4   4   1   2   2   0   0   0  2.1438   1   1
   4   4   1   2   4   0   0   0  8.4395   1   1
   4   4   2   1   2   0   0   0 -2.1438   1   1
   4   4   2   1   4   0   0   0 -8.4395   1   1
   4   4   2   2   0   0   0   0-26.1503   1   1
   4   4   2   2   2   0   0   0  6.2780   1   1
   4   4   2   2   4   0   0   0 -9.1207   1   1
   4   4   2   2   6   0   0   0  7.7174   1   1
