 ! Total Interaction
  20
   1   1   1   1     1     0  -8.0399
   1   2   1   1     1     0  -0.2831
   2   2   1   1     1     0   3.6452
   1   1   1   2     1     0  -0.2831
   1   2   1   2     1     0 -13.0958
   2   2   1   2     1     0  -6.8428
   1   1   2   2     1     0   3.6452
   1   2   2   2     1     0  -6.8428
   2   2   2   2     1     0  -8.6265
   1   2   1   2     2     0  -9.3342
   2   2   2   2     3     0  -9.3342
   1   1   1   1     0     1  -1.2259
   2   2   1   1     0     1  -3.6589
   1   1   2   2     0     1  -3.6589
   2   2   2   2     0     1  -3.8132
   1   2   1   2     1     1   0.6219
   1   2   1   2     2     1  -2.9706
   2   2   1   2     2     1   1.4946
   1   2   2   2     2     1   1.4946
   2   2   2   2     2     1  -1.9138
