 ! Total Interaction
  20
   1   1   1   1     1     0  -8.7816
   1   2   1   1     1     0  -1.7513
   2   2   1   1     1     0   5.8685
   1   1   1   2     1     0  -1.7513
   1   2   1   2     1     0 -13.6823
   2   2   1   2     1     0  -8.9681
   1   1   2   2     1     0   5.8685
   1   2   2   2     1     0  -8.9681
   2   2   2   2     1     0  -7.1348
   1   2   1   2     2     0 -11.5130
   2   2   2   2     3     0 -11.5130
   1   1   1   1     0     1  -1.1298
   2   2   1   1     0     1  -3.7421
   1   1   2   2     0     1  -3.7421
   2   2   2   2     0     1  -3.7759
   1   2   1   2     1     1   0.4489
   1   2   1   2     2     1  -2.9694
   2   2   1   2     2     1   0.9077
   1   2   2   2     2     1   0.9077
   2   2   2   2     2     1  -2.3275
