      1      2      1      2  -1.12980000000000     
      2      4      1      2  0.000000000000000E+000
      1      5      1      2  0.000000000000000E+000
      4      5      1      2   2.64606428587818     
      3      6      1      2  -2.64606428587818     
      1      3      1      3  -2.96940000000000     
      3      4      1      3 -0.907700000000000     
      2      3      2      3 -0.405675000000000     
      1      4      2      3  -1.48016731887817     
      3      5      2      3 -0.453850000000000     
      2      3      1      4  -1.48016731887817     
      1      4      1      4  -2.11482500000000     
      3      5      1      4 -0.786091259015135     
      1      2      2      4  0.000000000000000E+000
      2      4      2      4  -1.26025000000000     
      1      5      2      4  -1.70915000000000     
      4      5      2      4 -0.453850000000000     
      3      6      2      4 -0.453850000000000     
      1      3      3      4 -0.907700000000000     
      3      4      3      4  -2.32750000000000     
      1      2      1      5  0.000000000000000E+000
      2      4      1      5  -1.70915000000000     
      1      5      1      5  -1.26025000000000     
      4      5      1      5 -0.453850000000000     
      3      6      1      5 -0.453850000000000     
      2      5      2      5  -2.11482500000000     
      1      6      2      5  -1.48016731887817     
      4      6      2      5 -0.786091259015135     
      2      3      3      5 -0.453850000000000     
      1      4      3      5 -0.786091259015135     
      3      5      3      5  -2.32750000000000     
      1      2      4      5   2.64606428587818     
      2      4      4      5 -0.453850000000000     
      1      5      4      5 -0.453850000000000     
      4      5      4      5  -3.05170000000000     
      3      6      4      5  0.724200000000000     
      2      5      1      6  -1.48016731887817     
      1      6      1      6 -0.405675000000000     
      4      6      1      6 -0.453850000000000     
      2      6      2      6  -2.96940000000000     
      5      6      2      6 -0.907700000000000     
      1      2      3      6  -2.64606428587818     
      2      4      3      6 -0.453850000000000     
      1      5      3      6 -0.453850000000000     
      4      5      3      6  0.724200000000000     
      3      6      3      6  -3.05170000000000     
      2      5      4      6 -0.786091259015135     
      1      6      4      6 -0.453850000000000     
      4      6      4      6  -2.32750000000000     
      2      6      5      6 -0.907700000000000     
      5      6      5      6  -2.32750000000000     
      1      7      1      7  -8.78160000000000     
      4      7      1      7  0.619178052946000     
      3      8      1      7  -1.07244784663405     
      2      9      1      7  -1.07244784663405     
      5      9      1      7   3.21430982871907     
      1     10      1      7  0.619178052946000     
      4     10      1      7  -3.71156528973963     
      3     11      1      7   3.21430982871907     
      2      7      2      7  -4.95570000000000     
      5      7      2      7  0.619178052946001     
      1      8      2      7  -3.82590000000000     
      4      8      2      7 -0.619178052946001     
      6      9      2      7   1.46064182436563     
      2     10      2      7 -0.619178052946001     
      5     10      2      7  0.395140820504183     
      1     11      2      7  0.619178052946001     
      4     11      2      7  -2.25092346537400     
      3     12      2      7   4.10670611024381     
      3      7      3      7  -7.24120000000000     
      1      9      3      7  -4.27180000000000     
      4      9      3      7 -0.453850000000000     
      3     10      3      7  0.453850000000000     
      1      7      4      7  0.619178052946000     
      4      7      4      7  -7.08507500000000     
      3      8      4      7 -0.270416432331690     
      2      9      4      7   1.20975088654648     
      5      9      4      7   1.34361946784857     
      1     10      4      7  -4.97025000000000     
      4     10      4      7  -2.00532812290159     
      3     11      4      7   2.12971072686371     
      2      7      5      7  0.619178052946000     
      5      7      5      7  -6.92895000000000     
      1      8      5      7  0.619178052946000     
      4      8      5      7 -0.312249999999997     
      6      9      5      7   2.78106718435238     
      2     10      5      7   1.39690000000000     
      5     10      5      7  -1.22958906145079     
      1     11      5      7  -5.66870000000000     
      4     11      5      7 -0.775739061450794     
      3     12      5      7   3.23491718435238     
      6      7      6      7  -6.77282500000000     
      2      8      6      7   1.07244784663405     
      5      8      6      7 -0.270416432331690     
      6     10      6      7   2.78106718435238     
      2     11      6      7   1.20975088654648     
      5     11      6      7  -3.47333019471228     
      1     12      6      7  -6.36715000000000     
      4     12      6      7   3.23491718435238     
      2      7      1      8  -3.82590000000000     
      5      7      1      8  0.619178052946001     
      1      8      1      8  -4.95570000000000     
      4      8      1      8 -0.619178052946001     
      6      9      1      8   4.10670611024381     
      2     10      1      8 -0.619178052946001     
      5     10      1      8  -2.25092346537400     
      1     11      1      8  0.619178052946001     
      4     11      1      8  0.395140820504183     
      3     12      1      8   1.46064182436563     
      6      7      2      8   1.07244784663405     
      2      8      2      8  -8.78160000000000     
      5      8      2      8 -0.619178052946000     
      6     10      2      8   3.21430982871907     
      2     11      2      8 -0.619178052946000     
      5     11      2      8  -3.71156528973963     
      1     12      2      8   1.07244784663405     
      4     12      2      8   3.21430982871907     
      1      7      3      8  -1.07244784663405     
      4      7      3      8 -0.270416432331690     
      3      8      3      8  -6.77282500000000     
      2      9      3      8  -6.36715000000000     
      5      9      3      8  -3.23491718435238     
      1     10      3      8   1.20975088654648     
      4     10      3      8   3.47333019471228     
      3     11      3      8  -2.78106718435238     
      2      7      4      8 -0.619178052946000     
      5      7      4      8 -0.312249999999997     
      1      8      4      8 -0.619178052946000     
      4      8      4      8  -6.92895000000000     
      6      9      4      8  -3.23491718435238     
      2     10      4      8  -5.66870000000000     
      5     10      4      8  0.775739061450794     
      1     11      4      8   1.39690000000000     
      4     11      4      8   1.22958906145079     
      3     12      4      8  -2.78106718435238     
      6      7      5      8 -0.270416432331690     
      2      8      5      8 -0.619178052946000     
      5      8      5      8  -7.08507500000000     
      6     10      5      8  -2.12971072686371     
      2     11      5      8  -4.97025000000000     
      5     11      5      8   2.00532812290159     
      1     12      5      8   1.20975088654648     
      4     12      5      8  -1.34361946784857     
      6      8      6      8  -7.24120000000000     
      6     11      6      8 -0.453850000000000     
      2     12      6      8  -4.27180000000000     
      5     12      6      8  0.453850000000000     
      7      8      7      8  -1.12980000000000     
      8     10      7      8  0.000000000000000E+000
      7     11      7      8  0.000000000000000E+000
     10     11      7      8   2.64606428587818     
      9     12      7      8  -2.64606428587818     
      3      7      1      9  -4.27180000000000     
      1      9      1      9  -7.24120000000000     
      4      9      1      9  0.453850000000000     
      3     10      1      9 -0.453850000000000     
      1      7      2      9  -1.07244784663405     
      4      7      2      9   1.20975088654648     
      3      8      2      9  -6.36715000000000     
      2      9      2      9  -6.77282500000000     
      5      9      2      9  -2.78106718435238     
      1     10      2      9 -0.270416432331690     
      4     10      2      9   3.47333019471228     
      3     11      2      9  -3.23491718435238     
      3      9      3      9  -11.5130000000000     
      3      7      4      9 -0.453850000000000     
      1      9      4      9  0.453850000000000     
      4      9      4      9  -6.92024999999999     
      3     10      4      9  -4.59274999999999     
      1      7      5      9   3.21430982871907     
      4      7      5      9   1.34361946784857     
      3      8      5      9  -3.23491718435238     
      2      9      5      9  -2.78106718435238     
      5      9      5      9  -5.60679000000000     
      1     10      5      9   2.12971072686371     
      4     10      5      9  -1.51665296913961     
      3     11      5      9  -3.27929000000000     
      2      7      6      9   1.46064182436563     
      5      7      6      9   2.78106718435238     
      1      8      6      9   4.10670611024381     
      4      8      6      9  -3.23491718435238     
      6      9      6      9  -5.31216000000000     
      2     10      6      9  -2.78106718435238     
      5     10      6      9 -0.294629999999997     
      1     11      6      9   3.23491718435238     
      4     11      6      9  -1.01883000000000     
      3     12      6      9  -2.26046000000000     
      7      9      7      9  -2.96940000000000     
      9     10      7      9 -0.907700000000000     
      8      9      8      9 -0.405675000000000     
      7     10      8      9  -1.48016731887817     
      9     11      8      9 -0.453850000000000     
      1      7      1     10  0.619178052946000     
      4      7      1     10  -4.97025000000000     
      3      8      1     10   1.20975088654648     
      2      9      1     10 -0.270416432331690     
      5      9      1     10   2.12971072686371     
      1     10      1     10  -7.08507500000000     
      4     10      1     10  -2.00532812290159     
      3     11      1     10   1.34361946784857     
      2      7      2     10 -0.619178052946000     
      5      7      2     10   1.39690000000000     
      1      8      2     10 -0.619178052946000     
      4      8      2     10  -5.66870000000000     
      6      9      2     10  -2.78106718435238     
      2     10      2     10  -6.92895000000000     
      5     10      2     10   1.22958906145079     
      1     11      2     10 -0.312249999999997     
      4     11      2     10  0.775739061450794     
      3     12      2     10  -3.23491718435238     
      3      7      3     10  0.453850000000000     
      1      9      3     10 -0.453850000000000     
      4      9      3     10  -4.59274999999999     
      3     10      3     10  -6.92024999999999     
      1      7      4     10  -3.71156528973963     
      4      7      4     10  -2.00532812290159     
      3      8      4     10   3.47333019471228     
      2      9      4     10   3.47333019471228     
      5      9      4     10  -1.51665296913961     
      1     10      4     10  -2.00532812290159     
      4     10      4     10  -9.76172000000000     
      3     11      4     10  -1.51665296913961     
      2      7      5     10  0.395140820504183     
      5      7      5     10  -1.22958906145079     
      1      8      5     10  -2.25092346537400     
      4      8      5     10  0.775739061450794     
      6      9      5     10 -0.294629999999997     
      2     10      5     10   1.22958906145079     
      5     10      5     10  -7.06344000000000     
      1     11      5     10 -0.775739061450794     
      4     11      5     10  -4.01174000000000     
      3     12      5     10  -1.01883000000000     
      6      7      6     10   2.78106718435238     
      2      8      6     10   3.21430982871907     
      5      8      6     10  -2.12971072686371     
      6     10      6     10  -5.60679000000000     
      2     11      6     10  -1.34361946784857     
      5     11      6     10  -1.51665296913961     
      1     12      6     10   3.23491718435238     
      4     12      6     10  -3.27929000000000     
      8      9      7     10  -1.48016731887817     
      7     10      7     10  -2.11482500000000     
      9     11      7     10 -0.786091259015135     
      7      8      8     10  0.000000000000000E+000
      8     10      8     10  -1.26025000000000     
      7     11      8     10  -1.70915000000000     
     10     11      8     10 -0.453850000000000     
      9     12      8     10 -0.453850000000000     
      7      9      9     10 -0.907700000000000     
      9     10      9     10  -2.32750000000000     
      2      7      1     11  0.619178052946000     
      5      7      1     11  -5.66870000000000     
      1      8      1     11  0.619178052946000     
      4      8      1     11   1.39690000000000     
      6      9      1     11   3.23491718435238     
      2     10      1     11 -0.312249999999997     
      5     10      1     11 -0.775739061450794     
      1     11      1     11  -6.92895000000000     
      4     11      1     11  -1.22958906145079     
      3     12      1     11   2.78106718435238     
      6      7      2     11   1.20975088654648     
      2      8      2     11 -0.619178052946000     
      5      8      2     11  -4.97025000000000     
      6     10      2     11  -1.34361946784857     
      2     11      2     11  -7.08507500000000     
      5     11      2     11   2.00532812290159     
      1     12      2     11 -0.270416432331690     
      4     12      2     11  -2.12971072686371     
      1      7      3     11   3.21430982871907     
      4      7      3     11   2.12971072686371     
      3      8      3     11  -2.78106718435238     
      2      9      3     11  -3.23491718435238     
      5      9      3     11  -3.27929000000000     
      1     10      3     11   1.34361946784857     
      4     10      3     11  -1.51665296913961     
      3     11      3     11  -5.60679000000000     
      2      7      4     11  -2.25092346537400     
      5      7      4     11 -0.775739061450794     
      1      8      4     11  0.395140820504183     
      4      8      4     11   1.22958906145079     
      6      9      4     11  -1.01883000000000     
      2     10      4     11  0.775739061450794     
      5     10      4     11  -4.01174000000000     
      1     11      4     11  -1.22958906145079     
      4     11      4     11  -7.06344000000000     
      3     12      4     11 -0.294629999999997     
      6      7      5     11  -3.47333019471228     
      2      8      5     11  -3.71156528973963     
      5      8      5     11   2.00532812290159     
      6     10      5     11  -1.51665296913961     
      2     11      5     11   2.00532812290159     
      5     11      5     11  -9.76172000000000     
      1     12      5     11  -3.47333019471228     
      4     12      5     11  -1.51665296913961     
      6      8      6     11 -0.453850000000000     
      6     11      6     11  -6.92024999999999     
      2     12      6     11  0.453850000000000     
      5     12      6     11  -4.59274999999999     
      7      8      7     11  0.000000000000000E+000
      8     10      7     11  -1.70915000000000     
      7     11      7     11  -1.26025000000000     
     10     11      7     11 -0.453850000000000     
      9     12      7     11 -0.453850000000000     
      8     11      8     11  -2.11482500000000     
      7     12      8     11  -1.48016731887817     
     10     12      8     11 -0.786091259015135     
      8      9      9     11 -0.453850000000000     
      7     10      9     11 -0.786091259015135     
      9     11      9     11  -2.32750000000000     
      7      8     10     11   2.64606428587818     
      8     10     10     11 -0.453850000000000     
      7     11     10     11 -0.453850000000000     
     10     11     10     11  -3.05170000000000     
      9     12     10     11  0.724200000000000     
      6      7      1     12  -6.36715000000000     
      2      8      1     12   1.07244784663405     
      5      8      1     12   1.20975088654648     
      6     10      1     12   3.23491718435238     
      2     11      1     12 -0.270416432331690     
      5     11      1     12  -3.47333019471228     
      1     12      1     12  -6.77282500000000     
      4     12      1     12   2.78106718435238     
      6      8      2     12  -4.27180000000000     
      6     11      2     12  0.453850000000000     
      2     12      2     12  -7.24120000000000     
      5     12      2     12 -0.453850000000000     
      2      7      3     12   4.10670611024381     
      5      7      3     12   3.23491718435238     
      1      8      3     12   1.46064182436563     
      4      8      3     12  -2.78106718435238     
      6      9      3     12  -2.26046000000000     
      2     10      3     12  -3.23491718435238     
      5     10      3     12  -1.01883000000000     
      1     11      3     12   2.78106718435238     
      4     11      3     12 -0.294629999999997     
      3     12      3     12  -5.31216000000000     
      6      7      4     12   3.23491718435238     
      2      8      4     12   3.21430982871907     
      5      8      4     12  -1.34361946784857     
      6     10      4     12  -3.27929000000000     
      2     11      4     12  -2.12971072686371     
      5     11      4     12  -1.51665296913961     
      1     12      4     12   2.78106718435238     
      4     12      4     12  -5.60679000000000     
      6      8      5     12  0.453850000000000     
      6     11      5     12  -4.59274999999999     
      2     12      5     12 -0.453850000000000     
      5     12      5     12  -6.92024999999999     
      6     12      6     12  -11.5130000000000     
      8     11      7     12  -1.48016731887817     
      7     12      7     12 -0.405675000000000     
     10     12      7     12 -0.453850000000000     
      8     12      8     12  -2.96940000000000     
     11     12      8     12 -0.907700000000000     
      7      8      9     12  -2.64606428587818     
      8     10      9     12 -0.453850000000000     
      7     11      9     12 -0.453850000000000     
     10     11      9     12  0.724200000000000     
      9     12      9     12  -3.05170000000000     
      8     11     10     12 -0.786091259015135     
      7     12     10     12 -0.453850000000000     
     10     12     10     12  -2.32750000000000     
      8     12     11     12 -0.907700000000000     
     11     12     11     12  -2.32750000000000     
