      1      1      1      1           2           0   6.62665318467777     
      1      1      1      1           0           0  -13.7373000000000     
      1      1      1      2           2           0  -2.14489569326809     
      1      1      2      1           2           0  -2.14489569326809     
      1      1      2      2           4           0  -9.18287402611890     
      1      1      2      2           2           0   5.74421568018043     
      1      2      1      1           2           0   2.14489569326809     
      1      2      1      2           2           0  0.855131842904942     
      1      2      1      2           0           0  -19.8188242184356     
      1      2      2      1           4           0   14.2373802229378     
      1      2      2      1           2           0  -6.18922375322625     
      1      2      2      2           4           0   10.2297063445723     
      1      2      2      2           2           0   4.24889782694486     
      2      1      1      1           2           0   2.14489569326809     
      2      1      1      2           4           0   14.2373802229378     
      2      1      1      2           2           0  -6.18922375322625     
      2      1      2      1           2           0  0.855131842904942     
      2      1      2      1           0           0  -19.8188242184356     
      2      1      2      2           4           0   10.2297063445723     
      2      1      2      2           2           0   4.24889782694486     
      2      2      1      1           4           0  -9.18287402611890     
      2      2      1      1           2           0   5.74421568018043     
      2      2      1      2           4           0  -10.2297063445723     
      2      2      1      2           2           0  -4.24889782694486     
      2      2      2      1           4           0  -10.2297063445723     
      2      2      2      1           2           0  -4.24889782694486     
      2      2      2      2           6           0   5.98061500860907     
      2      2      2      2           4           0  -9.61088849545140     
      2      2      2      2           2           0   11.4984964141752     
      2      2      2      2           0           0  -29.3522000000000     
      1      1      1      1           2           0   6.62665318467777     
      1      1      1      1           0           0  -13.7373000000000     
      1      1      1      2           2           0  -2.14489569326809     
      1      1      2      1           2           0  -2.14489569326809     
      1      1      2      2           4           0  -9.18287402611890     
      1      1      2      2           2           0   5.74421568018043     
      1      2      1      1           2           0   2.14489569326809     
      1      2      1      2           2           0  0.855131842904942     
      1      2      1      2           0           0  -19.8188242184356     
      1      2      2      1           4           0   14.2373802229378     
      1      2      2      1           2           0  -6.18922375322625     
      1      2      2      2           4           0   10.2297063445723     
      1      2      2      2           2           0   4.24889782694486     
      2      1      1      1           2           0   2.14489569326809     
      2      1      1      2           4           0   14.2373802229378     
      2      1      1      2           2           0  -6.18922375322625     
      2      1      2      1           2           0  0.855131842904942     
      2      1      2      1           0           0  -19.8188242184356     
      2      1      2      2           4           0   10.2297063445723     
      2      1      2      2           2           0   4.24889782694486     
      2      2      1      1           4           0  -9.18287402611890     
      2      2      1      1           2           0   5.74421568018043     
      2      2      1      2           4           0  -10.2297063445723     
      2      2      1      2           2           0  -4.24889782694486     
      2      2      2      1           4           0  -10.2297063445723     
      2      2      2      1           2           0  -4.24889782694486     
      2      2      2      2           6           0   5.98061500860907     
      2      2      2      2           4           0  -9.61088849545140     
      2      2      2      2           2           0   11.4984964141752     
      2      2      2      2           0           0  -29.3522000000000     
          60           6
   1   1   3   3   0   0   0   0-13.7373   1   1
   1   1   3   3   2   0   0   0  6.6267   1   1
   1   1   3   4   2   0   0   0 -2.1449   1   1
   1   1   4   3   2   0   0   0  2.1449   1   1
   1   1   4   4   0   0   0   0-19.8188   1   1
   1   1   4   4   2   0   0   0  0.8551   1   1
   1   2   3   3   2   0   0   0 -2.1449   1   1
   1   2   3   4   2   0   0   0  5.7442   1   1
   1   2   3   4   4   0   0   0 -9.1829   1   1
   1   2   4   3   2   0   0   0 -6.1892   1   1
   1   2   4   3   4   0   0   0 14.2374   1   1
   1   2   4   4   2   0   0   0  4.2489   1   1
   1   2   4   4   4   0   0   0 10.2297   1   1
   2   1   3   3   2   0   0   0  2.1449   1   1
   2   1   3   4   2   0   0   0 -6.1892   1   1
   2   1   3   4   4   0   0   0 14.2374   1   1
   2   1   4   3   2   0   0   0  5.7442   1   1
   2   1   4   3   4   0   0   0 -9.1829   1   1
   2   1   4   4   2   0   0   0 -4.2489   1   1
   2   1   4   4   4   0   0   0-10.2297   1   1
   2   2   3   3   0   0   0   0-19.8188   1   1
   2   2   3   3   2   0   0   0  0.8551   1   1
   2   2   3   4   2   0   0   0  4.2489   1   1
   2   2   3   4   4   0   0   0 10.2297   1   1
   2   2   4   3   2   0   0   0 -4.2489   1   1
   2   2   4   3   4   0   0   0-10.2297   1   1
   2   2   4   4   0   0   0   0-29.3522   1   1
   2   2   4   4   2   0   0   0 11.4985   1   1
   2   2   4   4   4   0   0   0 -9.6109   1   1
   2   2   4   4   6   0   0   0  5.9806   1   1
   3   3   1   1   0   0   0   0-13.7373   1   1
   3   3   1   1   2   0   0   0  6.6267   1   1
   3   3   1   2   2   0   0   0 -2.1449   1   1
   3   3   2   1   2   0   0   0  2.1449   1   1
   3   3   2   2   0   0   0   0-19.8188   1   1
   3   3   2   2   2   0   0   0  0.8551   1   1
   3   4   1   1   2   0   0   0 -2.1449   1   1
   3   4   1   2   2   0   0   0  5.7442   1   1
   3   4   1   2   4   0   0   0 -9.1829   1   1
   3   4   2   1   2   0   0   0 -6.1892   1   1
   3   4   2   1   4   0   0   0 14.2374   1   1
   3   4   2   2   2   0   0   0  4.2489   1   1
   3   4   2   2   4   0   0   0 10.2297   1   1
   4   3   1   1   2   0   0   0  2.1449   1   1
   4   3   1   2   2   0   0   0 -6.1892   1   1
   4   3   1   2   4   0   0   0 14.2374   1   1
   4   3   2   1   2   0   0   0  5.7442   1   1
   4   3   2   1   4   0   0   0 -9.1829   1   1
   4   3   2   2   2   0   0   0 -4.2489   1   1
   4   3   2   2   4   0   0   0-10.2297   1   1
   4   4   1   1   0   0   0   0-19.8188   1   1
   4   4   1   1   2   0   0   0  0.8551   1   1
   4   4   1   2   2   0   0   0  4.2489   1   1
   4   4   1   2   4   0   0   0 10.2297   1   1
   4   4   2   1   2   0   0   0 -4.2489   1   1
   4   4   2   1   4   0   0   0-10.2297   1   1
   4   4   2   2   0   0   0   0-29.3522   1   1
   4   4   2   2   2   0   0   0 11.4985   1   1
   4   4   2   2   4   0   0   0 -9.6109   1   1
   4   4   2   2   6   0   0   0  5.9806   1   1
