 ! Total Interaction
  20
   1   1   1   1     1     0  -7.3335
   1   2   1   1     1     0  -1.6570
   2   2   1   1     1     0   5.3246
   1   1   1   2     1     0  -1.6570
   1   2   1   2     1     0 -11.6098
   2   2   1   2     1     0  -8.0292
   1   1   2   2     1     0   5.3246
   1   2   2   2     1     0  -8.0292
   2   2   2   2     1     0  -5.7032
   1   2   1   2     2     0  -9.8458
   2   2   2   2     3     0  -9.8458
   1   1   1   1     0     1  -1.2244
   2   2   1   1     0     1  -3.3444
   1   1   2   2     0     1  -3.3444
   2   2   2   2     0     1  -3.5893
   1   2   1   2     1     1   0.2749
   1   2   1   2     2     1  -2.6603
   2   2   1   2     2     1   0.8515
   1   2   2   2     2     1   0.8515
   2   2   2   2     2     1  -2.0582
