      1      2      1      2  -1.22440000000000     
      2      4      1      2  0.000000000000000E+000
      1      5      1      2  0.000000000000000E+000
      4      5      1      2   2.36484791900029     
      3      6      1      2  -2.36484791900029     
      1      3      1      3  -2.66030000000000     
      3      4      1      3 -0.851500000000000     
      2      3      2      3 -0.458900000000000     
      1      4      2      3  -1.27097888259404     
      3      5      2      3 -0.425750000000000     
      2      3      1      4  -1.27097888259404     
      1      4      1      4  -1.92650000000000     
      3      5      1      4 -0.737420631322450     
      1      2      2      4  0.000000000000000E+000
      2      4      2      4  -1.19270000000000     
      1      5      2      4  -1.46760000000000     
      4      5      2      4 -0.425750000000000     
      3      6      2      4 -0.425750000000000     
      1      3      3      4 -0.851500000000000     
      3      4      3      4  -2.05820000000000     
      1      2      1      5  0.000000000000000E+000
      2      4      1      5  -1.46760000000000     
      1      5      1      5  -1.19270000000000     
      4      5      1      5 -0.425750000000000     
      3      6      1      5 -0.425750000000000     
      2      5      2      5  -1.92650000000000     
      1      6      2      5  -1.27097888259404     
      4      6      2      5 -0.737420631322450     
      2      3      3      5 -0.425750000000000     
      1      4      3      5 -0.737420631322450     
      3      5      3      5  -2.05820000000000     
      1      2      4      5   2.36484791900029     
      2      4      4      5 -0.425750000000000     
      1      5      4      5 -0.425750000000000     
      4      5      4      5  -2.82375000000000     
      3      6      4      5  0.765550000000001     
      2      5      1      6  -1.27097888259404     
      1      6      1      6 -0.458900000000000     
      4      6      1      6 -0.425750000000000     
      2      6      2      6  -2.66030000000000     
      5      6      2      6 -0.851500000000000     
      1      2      3      6  -2.36484791900029     
      2      4      3      6 -0.425750000000000     
      1      5      3      6 -0.425750000000000     
      4      5      3      6  0.765550000000001     
      3      6      3      6  -2.82375000000000     
      2      5      4      6 -0.737420631322450     
      1      6      4      6 -0.425750000000000     
      4      6      4      6  -2.05820000000000     
      2      6      5      6 -0.851500000000000     
      5      6      5      6  -2.05820000000000     
      1      7      1      7  -7.33350000000000     
      4      7      1      7  0.585837968213055     
      3      8      1      7  -1.01470112594793     
      2      9      1      7  -1.01470112594793     
      5      9      1      7   2.91640352969201     
      1     10      1      7  0.585837968213055     
      4     10      1      7  -3.36757272586651     
      3     11      1      7   2.91640352969201     
      2      7      2      7  -4.27895000000000     
      5      7      2      7  0.585837968213055     
      1      8      2      7  -3.05455000000000     
      4      8      2      7 -0.585837968213055     
      6      9      2      7   1.34325558489974     
      2     10      2      7 -0.585837968213055     
      5     10      2      7  0.340530778033517     
      1     11      2      7  0.585837968213055     
      4     11      2      7  -2.02431714096677     
      3     12      2      7   3.70810350390003     
      3      7      3      7  -6.25305000000000     
      1      9      3      7  -3.59275000000000     
      4      9      3      7 -0.425750000000000     
      3     10      3      7  0.425750000000000     
      1      7      4      7  0.585837968213055     
      4      7      4      7  -6.10665000000000     
      3      8      4      7 -0.253572238228083     
      2      9      4      7   1.01740664436596     
      5      9      4      7   1.18613757850721     
      1     10      4      7  -4.18015000000000     
      4     10      4      7  -1.79538370049413     
      3     11      4      7   1.92355820982966     
      2      7      5      7  0.585837968213055     
      5      7      5      7  -5.96025000000000     
      1      8      5      7  0.585837968213055     
      4      8      5      7 -0.292799999999998     
      6      9      5      7   2.48020055074120     
      2     10      5      7   1.17480000000000     
      5     10      5      7  -1.11056685024707     
      1     11      5      7  -4.76755000000000     
      4     11      5      7 -0.684816850247066     
      3     12      5      7   2.90595055074120     
      6      7      6      7  -5.81385000000000     
      2      8      6      7   1.01470112594793     
      5      8      6      7 -0.253572238228083     
      6     10      6      7   2.48020055074120     
      2     11      6      7   1.01740664436596     
      5     11      6      7  -3.10969578833686     
      1     12      6      7  -5.35495000000000     
      4     12      6      7   2.90595055074120     
      2      7      1      8  -3.05455000000000     
      5      7      1      8  0.585837968213055     
      1      8      1      8  -4.27895000000000     
      4      8      1      8 -0.585837968213055     
      6      9      1      8   3.70810350390003     
      2     10      1      8 -0.585837968213055     
      5     10      1      8  -2.02431714096677     
      1     11      1      8  0.585837968213055     
      4     11      1      8  0.340530778033517     
      3     12      1      8   1.34325558489974     
      6      7      2      8   1.01470112594793     
      2      8      2      8  -7.33350000000000     
      5      8      2      8 -0.585837968213055     
      6     10      2      8   2.91640352969201     
      2     11      2      8 -0.585837968213055     
      5     11      2      8  -3.36757272586651     
      1     12      2      8   1.01470112594793     
      4     12      2      8   2.91640352969201     
      1      7      3      8  -1.01470112594793     
      4      7      3      8 -0.253572238228083     
      3      8      3      8  -5.81385000000000     
      2      9      3      8  -5.35495000000000     
      5      9      3      8  -2.90595055074120     
      1     10      3      8   1.01740664436596     
      4     10      3      8   3.10969578833686     
      3     11      3      8  -2.48020055074120     
      2      7      4      8 -0.585837968213055     
      5      7      4      8 -0.292799999999998     
      1      8      4      8 -0.585837968213055     
      4      8      4      8  -5.96025000000000     
      6      9      4      8  -2.90595055074120     
      2     10      4      8  -4.76755000000000     
      5     10      4      8  0.684816850247066     
      1     11      4      8   1.17480000000000     
      4     11      4      8   1.11056685024707     
      3     12      4      8  -2.48020055074120     
      6      7      5      8 -0.253572238228083     
      2      8      5      8 -0.585837968213055     
      5      8      5      8  -6.10665000000000     
      6     10      5      8  -1.92355820982966     
      2     11      5      8  -4.18015000000000     
      5     11      5      8   1.79538370049413     
      1     12      5      8   1.01740664436596     
      4     12      5      8  -1.18613757850721     
      6      8      6      8  -6.25305000000000     
      6     11      6      8 -0.425750000000000     
      2     12      6      8  -3.59275000000000     
      5     12      6      8  0.425750000000000     
      7      8      7      8  -1.22440000000000     
      8     10      7      8  0.000000000000000E+000
      7     11      7      8  0.000000000000000E+000
     10     11      7      8   2.36484791900029     
      9     12      7      8  -2.36484791900029     
      3      7      1      9  -3.59275000000000     
      1      9      1      9  -6.25305000000000     
      4      9      1      9  0.425750000000000     
      3     10      1      9 -0.425750000000000     
      1      7      2      9  -1.01470112594793     
      4      7      2      9   1.01740664436596     
      3      8      2      9  -5.35495000000000     
      2      9      2      9  -5.81385000000000     
      5      9      2      9  -2.48020055074120     
      1     10      2      9 -0.253572238228083     
      4     10      2      9   3.10969578833686     
      3     11      2      9  -2.90595055074120     
      3      9      3      9  -9.84580000000000     
      3      7      4      9 -0.425750000000000     
      1      9      4      9  0.425750000000000     
      4      9      4      9  -5.95200000000000     
      3     10      4      9  -3.89380000000000     
      1      7      5      9   2.91640352969201     
      4      7      5      9   1.18613757850721     
      3      8      5      9  -2.90595055074120     
      2      9      5      9  -2.48020055074120     
      5      9      5      9  -4.70922000000000     
      1     10      5      9   1.92355820982966     
      4     10      5      9  -1.43503873508696     
      3     11      5      9  -2.65102000000000     
      2      7      6      9   1.34325558489974     
      5      7      6      9   2.48020055074120     
      1      8      6      9   3.70810350390003     
      4      8      6      9  -2.90595055074120     
      6      9      6      9  -4.47060500000000     
      2     10      6      9  -2.48020055074120     
      5     10      6      9 -0.238614999999997     
      1     11      6      9   2.90595055074120     
      4     11      6      9  -1.00416500000000     
      3     12      6      9  -1.64685500000000     
      7      9      7      9  -2.66030000000000     
      9     10      7      9 -0.851500000000000     
      8      9      8      9 -0.458900000000000     
      7     10      8      9  -1.27097888259404     
      9     11      8      9 -0.425750000000000     
      1      7      1     10  0.585837968213055     
      4      7      1     10  -4.18015000000000     
      3      8      1     10   1.01740664436596     
      2      9      1     10 -0.253572238228083     
      5      9      1     10   1.92355820982966     
      1     10      1     10  -6.10665000000000     
      4     10      1     10  -1.79538370049413     
      3     11      1     10   1.18613757850721     
      2      7      2     10 -0.585837968213055     
      5      7      2     10   1.17480000000000     
      1      8      2     10 -0.585837968213055     
      4      8      2     10  -4.76755000000000     
      6      9      2     10  -2.48020055074120     
      2     10      2     10  -5.96025000000000     
      5     10      2     10   1.11056685024707     
      1     11      2     10 -0.292799999999998     
      4     11      2     10  0.684816850247066     
      3     12      2     10  -2.90595055074120     
      3      7      3     10  0.425750000000000     
      1      9      3     10 -0.425750000000000     
      4      9      3     10  -3.89379999999999     
      3     10      3     10  -5.95199999999999     
      1      7      4     10  -3.36757272586651     
      4      7      4     10  -1.79538370049413     
      3      8      4     10   3.10969578833686     
      2      9      4     10   3.10969578833686     
      5      9      4     10  -1.43503873508696     
      1     10      4     10  -1.79538370049413     
      4     10      4     10  -8.18875999999999     
      3     11      4     10  -1.43503873508696     
      2      7      5     10  0.340530778033517     
      5      7      5     10  -1.11056685024707     
      1      8      5     10  -2.02431714096677     
      4      8      5     10  0.684816850247066     
      6      9      5     10 -0.238614999999998     
      2     10      5     10   1.11056685024707     
      5     10      5     10  -6.12764500000000     
      1     11      5     10 -0.684816850247066     
      4     11      5     10  -3.30389500000000     
      3     12      5     10  -1.00416500000000     
      6      7      6     10   2.48020055074120     
      2      8      6     10   2.91640352969201     
      5      8      6     10  -1.92355820982966     
      6     10      6     10  -4.70922000000000     
      2     11      6     10  -1.18613757850721     
      5     11      6     10  -1.43503873508696     
      1     12      6     10   2.90595055074120     
      4     12      6     10  -2.65102000000000     
      8      9      7     10  -1.27097888259404     
      7     10      7     10  -1.92650000000000     
      9     11      7     10 -0.737420631322450     
      7      8      8     10  0.000000000000000E+000
      8     10      8     10  -1.19270000000000     
      7     11      8     10  -1.46760000000000     
     10     11      8     10 -0.425750000000000     
      9     12      8     10 -0.425750000000000     
      7      9      9     10 -0.851500000000000     
      9     10      9     10  -2.05820000000000     
      2      7      1     11  0.585837968213055     
      5      7      1     11  -4.76755000000000     
      1      8      1     11  0.585837968213055     
      4      8      1     11   1.17480000000000     
      6      9      1     11   2.90595055074120     
      2     10      1     11 -0.292799999999998     
      5     10      1     11 -0.684816850247066     
      1     11      1     11  -5.96025000000000     
      4     11      1     11  -1.11056685024707     
      3     12      1     11   2.48020055074120     
      6      7      2     11   1.01740664436596     
      2      8      2     11 -0.585837968213055     
      5      8      2     11  -4.18015000000000     
      6     10      2     11  -1.18613757850721     
      2     11      2     11  -6.10665000000000     
      5     11      2     11   1.79538370049413     
      1     12      2     11 -0.253572238228083     
      4     12      2     11  -1.92355820982966     
      1      7      3     11   2.91640352969201     
      4      7      3     11   1.92355820982966     
      3      8      3     11  -2.48020055074120     
      2      9      3     11  -2.90595055074120     
      5      9      3     11  -2.65102000000000     
      1     10      3     11   1.18613757850721     
      4     10      3     11  -1.43503873508696     
      3     11      3     11  -4.70922000000000     
      2      7      4     11  -2.02431714096677     
      5      7      4     11 -0.684816850247066     
      1      8      4     11  0.340530778033517     
      4      8      4     11   1.11056685024707     
      6      9      4     11  -1.00416500000000     
      2     10      4     11  0.684816850247066     
      5     10      4     11  -3.30389500000000     
      1     11      4     11  -1.11056685024707     
      4     11      4     11  -6.12764500000000     
      3     12      4     11 -0.238614999999998     
      6      7      5     11  -3.10969578833686     
      2      8      5     11  -3.36757272586651     
      5      8      5     11   1.79538370049413     
      6     10      5     11  -1.43503873508696     
      2     11      5     11   1.79538370049413     
      5     11      5     11  -8.18875999999999     
      1     12      5     11  -3.10969578833686     
      4     12      5     11  -1.43503873508696     
      6      8      6     11 -0.425750000000000     
      6     11      6     11  -5.95200000000000     
      2     12      6     11  0.425750000000000     
      5     12      6     11  -3.89380000000000     
      7      8      7     11  0.000000000000000E+000
      8     10      7     11  -1.46760000000000     
      7     11      7     11  -1.19270000000000     
     10     11      7     11 -0.425750000000000     
      9     12      7     11 -0.425750000000000     
      8     11      8     11  -1.92650000000000     
      7     12      8     11  -1.27097888259404     
     10     12      8     11 -0.737420631322450     
      8      9      9     11 -0.425750000000000     
      7     10      9     11 -0.737420631322450     
      9     11      9     11  -2.05820000000000     
      7      8     10     11   2.36484791900029     
      8     10     10     11 -0.425750000000000     
      7     11     10     11 -0.425750000000000     
     10     11     10     11  -2.82375000000000     
      9     12     10     11  0.765550000000001     
      6      7      1     12  -5.35495000000000     
      2      8      1     12   1.01470112594793     
      5      8      1     12   1.01740664436596     
      6     10      1     12   2.90595055074120     
      2     11      1     12 -0.253572238228083     
      5     11      1     12  -3.10969578833686     
      1     12      1     12  -5.81385000000000     
      4     12      1     12   2.48020055074120     
      6      8      2     12  -3.59275000000000     
      6     11      2     12  0.425750000000000     
      2     12      2     12  -6.25305000000000     
      5     12      2     12 -0.425750000000000     
      2      7      3     12   3.70810350390003     
      5      7      3     12   2.90595055074120     
      1      8      3     12   1.34325558489974     
      4      8      3     12  -2.48020055074120     
      6      9      3     12  -1.64685500000000     
      2     10      3     12  -2.90595055074120     
      5     10      3     12  -1.00416500000000     
      1     11      3     12   2.48020055074120     
      4     11      3     12 -0.238614999999997     
      3     12      3     12  -4.47060500000000     
      6      7      4     12   2.90595055074120     
      2      8      4     12   2.91640352969201     
      5      8      4     12  -1.18613757850721     
      6     10      4     12  -2.65102000000000     
      2     11      4     12  -1.92355820982966     
      5     11      4     12  -1.43503873508696     
      1     12      4     12   2.48020055074120     
      4     12      4     12  -4.70922000000000     
      6      8      5     12  0.425750000000000     
      6     11      5     12  -3.89379999999999     
      2     12      5     12 -0.425750000000000     
      5     12      5     12  -5.95199999999999     
      6     12      6     12  -9.84580000000000     
      8     11      7     12  -1.27097888259404     
      7     12      7     12 -0.458900000000000     
     10     12      7     12 -0.425750000000000     
      8     12      8     12  -2.66030000000000     
     11     12      8     12 -0.851500000000000     
      7      8      9     12  -2.36484791900029     
      8     10      9     12 -0.425750000000000     
      7     11      9     12 -0.425750000000000     
     10     11      9     12  0.765550000000001     
      9     12      9     12  -2.82375000000000     
      8     11     10     12 -0.737420631322450     
      7     12     10     12 -0.425750000000000     
     10     12     10     12  -2.05820000000000     
      8     12     11     12 -0.851500000000000     
     11     12     11     12  -2.05820000000000     
