      1      1      1      1           2           0   4.68545724209495     
      1      1      1      1           0           0  -10.7170500000000     
      1      1      1      2           2           0 -0.437968766009632     
      1      1      2      1           2           0 -0.437968766009632     
      1      1      2      2           4           0  -6.18377334529259     
      1      1      2      2           2           0   2.54779932177730     
      1      2      1      1           2           0  0.437968766009632     
      1      2      1      2           2           0 -1.670553800390540E-002
      1      2      1      2           0           0  -15.0519699190837     
      1      2      2      1           4           0   11.1703334832996     
      1      2      2      1           2           0  -3.19394499042720     
      1      2      2      2           4           0   7.59055969731994     
      1      2      2      2           2           0   1.87548553884645     
      2      1      1      1           2           0  0.437968766009632     
      2      1      1      2           4           0   11.1703334832996     
      2      1      1      2           2           0  -3.19394499042720     
      2      1      2      1           2           0 -1.670553800390540E-002
      2      1      2      1           0           0  -15.0519699190837     
      2      1      2      2           4           0   7.59055969731994     
      2      1      2      2           2           0   1.87548553884645     
      2      2      1      1           4           0  -6.18377334529259     
      2      2      1      1           2           0   2.54779932177731     
      2      2      1      2           4           0  -7.59055969731994     
      2      2      1      2           2           0  -1.87548553884645     
      2      2      2      1           4           0  -7.59055969731994     
      2      2      2      1           2           0  -1.87548553884645     
      2      2      2      2           6           0   5.90021062626582     
      2      2      2      2           4           0  -7.75533220568275     
      2      2      2      2           2           0   5.41087476132095     
      2      2      2      2           0           0  -22.2585500000000     
      1      1      1      1           2           0   4.68545724209495     
      1      1      1      1           0           0  -10.7170500000000     
      1      1      1      2           2           0 -0.437968766009632     
      1      1      2      1           2           0 -0.437968766009632     
      1      1      2      2           4           0  -6.18377334529259     
      1      1      2      2           2           0   2.54779932177730     
      1      2      1      1           2           0  0.437968766009632     
      1      2      1      2           2           0 -1.670553800390540E-002
      1      2      1      2           0           0  -15.0519699190837     
      1      2      2      1           4           0   11.1703334832996     
      1      2      2      1           2           0  -3.19394499042720     
      1      2      2      2           4           0   7.59055969731994     
      1      2      2      2           2           0   1.87548553884645     
      2      1      1      1           2           0  0.437968766009632     
      2      1      1      2           4           0   11.1703334832996     
      2      1      1      2           2           0  -3.19394499042720     
      2      1      2      1           2           0 -1.670553800390540E-002
      2      1      2      1           0           0  -15.0519699190837     
      2      1      2      2           4           0   7.59055969731994     
      2      1      2      2           2           0   1.87548553884645     
      2      2      1      1           4           0  -6.18377334529259     
      2      2      1      1           2           0   2.54779932177731     
      2      2      1      2           4           0  -7.59055969731994     
      2      2      1      2           2           0  -1.87548553884645     
      2      2      2      1           4           0  -7.59055969731994     
      2      2      2      1           2           0  -1.87548553884645     
      2      2      2      2           6           0   5.90021062626582     
      2      2      2      2           4           0  -7.75533220568275     
      2      2      2      2           2           0   5.41087476132095     
      2      2      2      2           0           0  -22.2585500000000     
          60           6
   1   1   3   3   0   0   0   0-10.7170   1   1
   1   1   3   3   2   0   0   0  4.6855   1   1
   1   1   3   4   2   0   0   0 -0.4380   1   1
   1   1   4   3   2   0   0   0  0.4380   1   1
   1   1   4   4   0   0   0   0-15.0520   1   1
   1   1   4   4   2   0   0   0 -0.0167   1   1
   1   2   3   3   2   0   0   0 -0.4380   1   1
   1   2   3   4   2   0   0   0  2.5478   1   1
   1   2   3   4   4   0   0   0 -6.1838   1   1
   1   2   4   3   2   0   0   0 -3.1939   1   1
   1   2   4   3   4   0   0   0 11.1703   1   1
   1   2   4   4   2   0   0   0  1.8755   1   1
   1   2   4   4   4   0   0   0  7.5906   1   1
   2   1   3   3   2   0   0   0  0.4380   1   1
   2   1   3   4   2   0   0   0 -3.1939   1   1
   2   1   3   4   4   0   0   0 11.1703   1   1
   2   1   4   3   2   0   0   0  2.5478   1   1
   2   1   4   3   4   0   0   0 -6.1838   1   1
   2   1   4   4   2   0   0   0 -1.8755   1   1
   2   1   4   4   4   0   0   0 -7.5906   1   1
   2   2   3   3   0   0   0   0-15.0520   1   1
   2   2   3   3   2   0   0   0 -0.0167   1   1
   2   2   3   4   2   0   0   0  1.8755   1   1
   2   2   3   4   4   0   0   0  7.5906   1   1
   2   2   4   3   2   0   0   0 -1.8755   1   1
   2   2   4   3   4   0   0   0 -7.5906   1   1
   2   2   4   4   0   0   0   0-22.2585   1   1
   2   2   4   4   2   0   0   0  5.4109   1   1
   2   2   4   4   4   0   0   0 -7.7553   1   1
   2   2   4   4   6   0   0   0  5.9002   1   1
   3   3   1   1   0   0   0   0-10.7170   1   1
   3   3   1   1   2   0   0   0  4.6855   1   1
   3   3   1   2   2   0   0   0 -0.4380   1   1
   3   3   2   1   2   0   0   0  0.4380   1   1
   3   3   2   2   0   0   0   0-15.0520   1   1
   3   3   2   2   2   0   0   0 -0.0167   1   1
   3   4   1   1   2   0   0   0 -0.4380   1   1
   3   4   1   2   2   0   0   0  2.5478   1   1
   3   4   1   2   4   0   0   0 -6.1838   1   1
   3   4   2   1   2   0   0   0 -3.1939   1   1
   3   4   2   1   4   0   0   0 11.1703   1   1
   3   4   2   2   2   0   0   0  1.8755   1   1
   3   4   2   2   4   0   0   0  7.5906   1   1
   4   3   1   1   2   0   0   0  0.4380   1   1
   4   3   1   2   2   0   0   0 -3.1939   1   1
   4   3   1   2   4   0   0   0 11.1703   1   1
   4   3   2   1   2   0   0   0  2.5478   1   1
   4   3   2   1   4   0   0   0 -6.1838   1   1
   4   3   2   2   2   0   0   0 -1.8755   1   1
   4   3   2   2   4   0   0   0 -7.5906   1   1
   4   4   1   1   0   0   0   0-15.0520   1   1
   4   4   1   1   2   0   0   0 -0.0167   1   1
   4   4   1   2   2   0   0   0  1.8755   1   1
   4   4   1   2   4   0   0   0  7.5906   1   1
   4   4   2   1   2   0   0   0 -1.8755   1   1
   4   4   2   1   4   0   0   0 -7.5906   1   1
   4   4   2   2   0   0   0   0-22.2585   1   1
   4   4   2   2   2   0   0   0  5.4109   1   1
   4   4   2   2   4   0   0   0 -7.7553   1   1
   4   4   2   2   6   0   0   0  5.9002   1   1
