      1      2      1      2  -1.30080000000000     
      2      4      1      2  0.000000000000000E+000
      1      5      1      2  0.000000000000000E+000
      4      5      1      2   2.35360492117942     
      3      6      1      2  -2.35360492117942     
      1      3      1      3  -2.68520000000000     
      3      4      1      3  -1.37310000000000     
      2      3      2      3 -0.330725000000000     
      1      4      2      3  -1.35935677505024     
      3      5      2      3 -0.686550000000000     
      2      3      1      4  -1.35935677505024     
      1      4      1      4  -1.90037500000000     
      3      5      1      4  -1.18913948193641     
      1      2      2      4  0.000000000000000E+000
      2      4      2      4  -1.11555000000000     
      1      5      2      4  -1.56965000000000     
      4      5      2      4 -0.686550000000000     
      3      6      2      4 -0.686550000000000     
      1      3      3      4  -1.37310000000000     
      3      4      3      4  -1.71430000000000     
      1      2      1      5  0.000000000000000E+000
      2      4      1      5  -1.56965000000000     
      1      5      1      5  -1.11555000000000     
      4      5      1      5 -0.686550000000000     
      3      6      1      5 -0.686550000000000     
      2      5      2      5  -1.90037500000000     
      1      6      2      5  -1.35935677505024     
      4      6      2      5  -1.18913948193641     
      2      3      3      5 -0.686550000000000     
      1      4      3      5  -1.18913948193641     
      3      5      3      5  -1.71430000000000     
      1      2      4      5   2.35360492117942     
      2      4      4      5 -0.686550000000000     
      1      5      4      5 -0.686550000000000     
      4      5      4      5  -2.68435000000000     
      3      6      4      5  0.970050000000000     
      2      5      1      6  -1.35935677505024     
      1      6      1      6 -0.330725000000000     
      4      6      1      6 -0.686550000000000     
      2      6      2      6  -2.68520000000000     
      5      6      2      6  -1.37310000000000     
      1      2      3      6  -2.35360492117942     
      2      4      3      6 -0.686550000000000     
      1      5      3      6 -0.686550000000000     
      4      5      3      6  0.970050000000000     
      3      6      3      6  -2.68435000000000     
      2      5      4      6  -1.18913948193641     
      1      6      4      6 -0.686550000000000     
      4      6      4      6  -1.71430000000000     
      2      6      5      6  -1.37310000000000     
      5      6      5      6  -1.71430000000000     
      1      7      1      7  -6.71110000000000     
      4      7      1      7  0.126430692476155     
      3      8      1      7 -0.218984383004816     
      2      9      1      7 -0.218984383004816     
      5      9      1      7   1.83443238959630     
      1     10      1      7  0.126430692476155     
      4     10      1      7  -2.11822006788719     
      3     11      1      7   1.83443238959630     
      2      7      2      7  -4.00595000000000     
      5      7      2      7  0.126430692476155     
      1      8      2      7  -2.70515000000000     
      4      8      2      7 -0.126430692476155     
      6      9      2      7  0.411862590325679     
      2     10      2      7 -0.126430692476155     
      5     10      2      7  0.647247443617915     
      1     11      2      7  0.126430692476155     
      4     11      2      7  -1.70635747756151     
      3     12      2      7   2.76546751150510     
      3      7      3      7  -5.31710000000000     
      1      9      3      7  -2.63190000000000     
      4      9      3      7 -0.686550000000000     
      3     10      3      7  0.686550000000000     
      1      7      4      7  0.126430692476155     
      4      7      4      7  -5.32015000000000     
      3      8      4      7  5.282754963086278E-003
      2      9      4      7   1.36463953001333     
      5      9      4      7  0.593080602146298     
      1     10      4      7  -3.41977500000000     
      4     10      4      7  -1.37138049060062     
      3     11      4      7   1.78222008408271     
      2      7      5      7  0.126430692476155     
      5      7      5      7  -5.32320000000000     
      1      8      5      7  0.126430692476155     
      4      8      5      7  6.100000000001549E-003
      6      9      5      7   1.71379573590093     
      2     10      5      7   1.57575000000000     
      5     10      5      7  -1.02896524530031     
      1     11      5      7  -4.20765000000000     
      4     11      5      7 -0.342415245300311     
      3     12      5      7   2.40034573590093     
      6      7      6      7  -5.32625000000000     
      2      8      6      7  0.218984383004816     
      5      8      6      7  5.282754963085834E-003
      6     10      6      7   1.71379573590093     
      2     11      6      7   1.36463953001333     
      5     11      6      7  -2.37530068622901     
      1     12      6      7  -4.99552500000000     
      4     12      6      7   2.40034573590093     
      2      7      1      8  -2.70515000000000     
      5      7      1      8  0.126430692476155     
      1      8      1      8  -4.00595000000000     
      4      8      1      8 -0.126430692476155     
      6      9      1      8   2.76546751150510     
      2     10      1      8 -0.126430692476155     
      5     10      1      8  -1.70635747756151     
      1     11      1      8  0.126430692476155     
      4     11      1      8  0.647247443617915     
      3     12      1      8  0.411862590325679     
      6      7      2      8  0.218984383004816     
      2      8      2      8  -6.71110000000000     
      5      8      2      8 -0.126430692476155     
      6     10      2      8   1.83443238959630     
      2     11      2      8 -0.126430692476155     
      5     11      2      8  -2.11822006788719     
      1     12      2      8  0.218984383004816     
      4     12      2      8   1.83443238959630     
      1      7      3      8 -0.218984383004816     
      4      7      3      8  5.282754963085834E-003
      3      8      3      8  -5.32625000000000     
      2      9      3      8  -4.99552500000000     
      5      9      3      8  -2.40034573590093     
      1     10      3      8   1.36463953001333     
      4     10      3      8   2.37530068622901     
      3     11      3      8  -1.71379573590093     
      2      7      4      8 -0.126430692476155     
      5      7      4      8  6.100000000001549E-003
      1      8      4      8 -0.126430692476155     
      4      8      4      8  -5.32320000000000     
      6      9      4      8  -2.40034573590093     
      2     10      4      8  -4.20765000000000     
      5     10      4      8  0.342415245300311     
      1     11      4      8   1.57575000000000     
      4     11      4      8   1.02896524530031     
      3     12      4      8  -1.71379573590093     
      6      7      5      8  5.282754963086278E-003
      2      8      5      8 -0.126430692476155     
      5      8      5      8  -5.32015000000000     
      6     10      5      8  -1.78222008408271     
      2     11      5      8  -3.41977500000000     
      5     11      5      8   1.37138049060062     
      1     12      5      8   1.36463953001333     
      4     12      5      8 -0.593080602146298     
      6      8      6      8  -5.31710000000000     
      6     11      6      8 -0.686550000000000     
      2     12      6      8  -2.63190000000000     
      5     12      6      8  0.686550000000000     
      7      8      7      8  -1.30080000000000     
      8     10      7      8  0.000000000000000E+000
      7     11      7      8  0.000000000000000E+000
     10     11      7      8   2.35360492117942     
      9     12      7      8  -2.35360492117942     
      3      7      1      9  -2.63190000000000     
      1      9      1      9  -5.31710000000000     
      4      9      1      9  0.686550000000000     
      3     10      1      9 -0.686550000000000     
      1      7      2      9 -0.218984383004816     
      4      7      2      9   1.36463953001333     
      3      8      2      9  -4.99552500000000     
      2      9      2      9  -5.32625000000000     
      5      9      2      9  -1.71379573590093     
      1     10      2      9  5.282754963085834E-003
      4     10      2      9   2.37530068622901     
      3     11      2      9  -2.40034573590093     
      3      9      3      9  -7.94900000000000     
      3      7      4      9 -0.686550000000000     
      1      9      4      9  0.686550000000000     
      4      9      4      9  -4.83165000000000     
      3     10      4      9  -3.11735000000000     
      1      7      5      9   1.83443238959630     
      4      7      5      9  0.593080602146298     
      3      8      5      9  -2.40034573590093     
      2      9      5      9  -1.71379573590093     
      5      9      5      9  -4.56348000000000     
      1     10      5      9   1.78222008408271     
      4     10      5      9 -0.309656043377160     
      3     11      5      9  -2.84918000000000     
      2      7      6      9  0.411862590325679     
      5      7      6      9   1.71379573590093     
      1      8      6      9   2.76546751150510     
      4      8      6      9  -2.40034573590093     
      6      9      6      9  -4.91442000000000     
      2     10      6      9  -1.71379573590093     
      5     10      6      9  0.350940000000002     
      1     11      6      9   2.40034573590093     
      4     11      6      9 -0.619109999999998     
      3     12      6      9  -2.23007000000000     
      7      9      7      9  -2.68520000000000     
      9     10      7      9  -1.37310000000000     
      8      9      8      9 -0.330725000000000     
      7     10      8      9  -1.35935677505024     
      9     11      8      9 -0.686550000000000     
      1      7      1     10  0.126430692476155     
      4      7      1     10  -3.41977500000000     
      3      8      1     10   1.36463953001333     
      2      9      1     10  5.282754963086278E-003
      5      9      1     10   1.78222008408271     
      1     10      1     10  -5.32015000000000     
      4     10      1     10  -1.37138049060062     
      3     11      1     10  0.593080602146298     
      2      7      2     10 -0.126430692476155     
      5      7      2     10   1.57575000000000     
      1      8      2     10 -0.126430692476155     
      4      8      2     10  -4.20765000000000     
      6      9      2     10  -1.71379573590093     
      2     10      2     10  -5.32320000000000     
      5     10      2     10   1.02896524530031     
      1     11      2     10  6.100000000001549E-003
      4     11      2     10  0.342415245300311     
      3     12      2     10  -2.40034573590093     
      3      7      3     10  0.686550000000000     
      1      9      3     10 -0.686550000000000     
      4      9      3     10  -3.11735000000000     
      3     10      3     10  -4.83165000000000     
      1      7      4     10  -2.11822006788719     
      4      7      4     10  -1.37138049060062     
      3      8      4     10   2.37530068622901     
      2      9      4     10   2.37530068622901     
      5      9      4     10 -0.309656043377160     
      1     10      4     10  -1.37138049060062     
      4     10      4     10  -7.59144000000000     
      3     11      4     10 -0.309656043377160     
      2      7      5     10  0.647247443617915     
      5      7      5     10  -1.02896524530031     
      1      8      5     10  -1.70635747756151     
      4      8      5     10  0.342415245300311     
      6      9      5     10  0.350940000000002     
      2     10      5     10   1.02896524530031     
      5     10      5     10  -5.27198000000000     
      1     11      5     10 -0.342415245300311     
      4     11      5     10  -2.58763000000000     
      3     12      5     10 -0.619109999999998     
      6      7      6     10   1.71379573590093     
      2      8      6     10   1.83443238959630     
      5      8      6     10  -1.78222008408271     
      6     10      6     10  -4.56348000000000     
      2     11      6     10 -0.593080602146298     
      5     11      6     10 -0.309656043377160     
      1     12      6     10   2.40034573590093     
      4     12      6     10  -2.84918000000000     
      8      9      7     10  -1.35935677505024     
      7     10      7     10  -1.90037500000000     
      9     11      7     10  -1.18913948193641     
      7      8      8     10  0.000000000000000E+000
      8     10      8     10  -1.11555000000000     
      7     11      8     10  -1.56965000000000     
     10     11      8     10 -0.686550000000000     
      9     12      8     10 -0.686550000000000     
      7      9      9     10  -1.37310000000000     
      9     10      9     10  -1.71430000000000     
      2      7      1     11  0.126430692476155     
      5      7      1     11  -4.20765000000000     
      1      8      1     11  0.126430692476155     
      4      8      1     11   1.57575000000000     
      6      9      1     11   2.40034573590093     
      2     10      1     11  6.100000000001549E-003
      5     10      1     11 -0.342415245300311     
      1     11      1     11  -5.32320000000000     
      4     11      1     11  -1.02896524530031     
      3     12      1     11   1.71379573590093     
      6      7      2     11   1.36463953001333     
      2      8      2     11 -0.126430692476155     
      5      8      2     11  -3.41977500000000     
      6     10      2     11 -0.593080602146298     
      2     11      2     11  -5.32015000000000     
      5     11      2     11   1.37138049060062     
      1     12      2     11  5.282754963086278E-003
      4     12      2     11  -1.78222008408271     
      1      7      3     11   1.83443238959630     
      4      7      3     11   1.78222008408271     
      3      8      3     11  -1.71379573590093     
      2      9      3     11  -2.40034573590093     
      5      9      3     11  -2.84918000000000     
      1     10      3     11  0.593080602146298     
      4     10      3     11 -0.309656043377160     
      3     11      3     11  -4.56348000000000     
      2      7      4     11  -1.70635747756151     
      5      7      4     11 -0.342415245300311     
      1      8      4     11  0.647247443617915     
      4      8      4     11   1.02896524530031     
      6      9      4     11 -0.619109999999998     
      2     10      4     11  0.342415245300311     
      5     10      4     11  -2.58763000000000     
      1     11      4     11  -1.02896524530031     
      4     11      4     11  -5.27198000000000     
      3     12      4     11  0.350940000000002     
      6      7      5     11  -2.37530068622901     
      2      8      5     11  -2.11822006788719     
      5      8      5     11   1.37138049060062     
      6     10      5     11 -0.309656043377160     
      2     11      5     11   1.37138049060062     
      5     11      5     11  -7.59144000000000     
      1     12      5     11  -2.37530068622901     
      4     12      5     11 -0.309656043377160     
      6      8      6     11 -0.686550000000000     
      6     11      6     11  -4.83165000000000     
      2     12      6     11  0.686550000000000     
      5     12      6     11  -3.11735000000000     
      7      8      7     11  0.000000000000000E+000
      8     10      7     11  -1.56965000000000     
      7     11      7     11  -1.11555000000000     
     10     11      7     11 -0.686550000000000     
      9     12      7     11 -0.686550000000000     
      8     11      8     11  -1.90037500000000     
      7     12      8     11  -1.35935677505024     
     10     12      8     11  -1.18913948193641     
      8      9      9     11 -0.686550000000000     
      7     10      9     11  -1.18913948193641     
      9     11      9     11  -1.71430000000000     
      7      8     10     11   2.35360492117942     
      8     10     10     11 -0.686550000000000     
      7     11     10     11 -0.686550000000000     
     10     11     10     11  -2.68435000000000     
      9     12     10     11  0.970050000000000     
      6      7      1     12  -4.99552500000000     
      2      8      1     12  0.218984383004816     
      5      8      1     12   1.36463953001333     
      6     10      1     12   2.40034573590093     
      2     11      1     12  5.282754963085834E-003
      5     11      1     12  -2.37530068622901     
      1     12      1     12  -5.32625000000000     
      4     12      1     12   1.71379573590093     
      6      8      2     12  -2.63190000000000     
      6     11      2     12  0.686550000000000     
      2     12      2     12  -5.31710000000000     
      5     12      2     12 -0.686550000000000     
      2      7      3     12   2.76546751150510     
      5      7      3     12   2.40034573590093     
      1      8      3     12  0.411862590325679     
      4      8      3     12  -1.71379573590093     
      6      9      3     12  -2.23007000000000     
      2     10      3     12  -2.40034573590093     
      5     10      3     12 -0.619109999999998     
      1     11      3     12   1.71379573590093     
      4     11      3     12  0.350940000000002     
      3     12      3     12  -4.91442000000000     
      6      7      4     12   2.40034573590093     
      2      8      4     12   1.83443238959630     
      5      8      4     12 -0.593080602146298     
      6     10      4     12  -2.84918000000000     
      2     11      4     12  -1.78222008408271     
      5     11      4     12 -0.309656043377160     
      1     12      4     12   1.71379573590093     
      4     12      4     12  -4.56348000000000     
      6      8      5     12  0.686550000000000     
      6     11      5     12  -3.11735000000000     
      2     12      5     12 -0.686550000000000     
      5     12      5     12  -4.83165000000000     
      6     12      6     12  -7.94900000000000     
      8     11      7     12  -1.35935677505024     
      7     12      7     12 -0.330725000000000     
     10     12      7     12 -0.686550000000000     
      8     12      8     12  -2.68520000000000     
     11     12      8     12  -1.37310000000000     
      7      8      9     12  -2.35360492117942     
      8     10      9     12 -0.686550000000000     
      7     11      9     12 -0.686550000000000     
     10     11      9     12  0.970050000000000     
      9     12      9     12  -2.68435000000000     
      8     11     10     12  -1.18913948193641     
      7     12     10     12 -0.686550000000000     
     10     12     10     12  -1.71430000000000     
      8     12     11     12  -1.37310000000000     
     11     12     11     12  -1.71430000000000     
