      1      1      1      1           2           0   5.89901864041808     
      1      1      1      1           0           0  -12.6946000000000     
      1      1      1      2           2           0  -1.99474197203548     
      1      1      2      1           2           0  -1.99474197203548     
      1      1      2      2           4           0  -8.77060578429315     
      1      1      2      2           2           0   6.00659414115217     
      1      2      1      1           2           0   1.99474197203548     
      1      2      1      2           2           0  0.223265407503046     
      1      2      1      2           0           0  -18.6380796375408     
      1      2      2      1           4           0   13.5545130134591     
      1      2      2      1           2           0  -5.87964132200840     
      1      2      2      2           4           0   10.3249782596266     
      1      2      2      2           2           0   4.43097472608885     
      2      1      1      1           2           0   1.99474197203548     
      2      1      1      2           4           0   13.5545130134591     
      2      1      1      2           2           0  -5.87964132200840     
      2      1      2      1           2           0  0.223265407503046     
      2      1      2      1           0           0  -18.6380796375408     
      2      1      2      2           4           0   10.3249782596266     
      2      1      2      2           2           0   4.43097472608885     
      2      2      1      1           4           0  -8.77060578429315     
      2      2      1      1           2           0   6.00659414115218     
      2      2      1      2           4           0  -10.3249782596266     
      2      2      1      2           2           0  -4.43097472608885     
      2      2      2      1           4           0  -10.3249782596266     
      2      2      2      1           2           0  -4.43097472608885     
      2      2      2      2           6           0   5.66042618494403     
      2      2      2      2           4           0  -9.24162422964708     
      2      2      2      2           2           0   10.7581832580041     
      2      2      2      2           0           0  -27.1073000000000     
      1      1      1      1           2           0   5.89901864041808     
      1      1      1      1           0           0  -12.6946000000000     
      1      1      1      2           2           0  -1.99474197203548     
      1      1      2      1           2           0  -1.99474197203548     
      1      1      2      2           4           0  -8.77060578429315     
      1      1      2      2           2           0   6.00659414115217     
      1      2      1      1           2           0   1.99474197203548     
      1      2      1      2           2           0  0.223265407503046     
      1      2      1      2           0           0  -18.6380796375408     
      1      2      2      1           4           0   13.5545130134591     
      1      2      2      1           2           0  -5.87964132200840     
      1      2      2      2           4           0   10.3249782596266     
      1      2      2      2           2           0   4.43097472608885     
      2      1      1      1           2           0   1.99474197203548     
      2      1      1      2           4           0   13.5545130134591     
      2      1      1      2           2           0  -5.87964132200840     
      2      1      2      1           2           0  0.223265407503046     
      2      1      2      1           0           0  -18.6380796375408     
      2      1      2      2           4           0   10.3249782596266     
      2      1      2      2           2           0   4.43097472608885     
      2      2      1      1           4           0  -8.77060578429315     
      2      2      1      1           2           0   6.00659414115218     
      2      2      1      2           4           0  -10.3249782596266     
      2      2      1      2           2           0  -4.43097472608885     
      2      2      2      1           4           0  -10.3249782596266     
      2      2      2      1           2           0  -4.43097472608885     
      2      2      2      2           6           0   5.66042618494403     
      2      2      2      2           4           0  -9.24162422964708     
      2      2      2      2           2           0   10.7581832580041     
      2      2      2      2           0           0  -27.1073000000000     
          60           6
   1   1   3   3   0   0   0   0-12.6946   1   1
   1   1   3   3   2   0   0   0  5.8990   1   1
   1   1   3   4   2   0   0   0 -1.9947   1   1
   1   1   4   3   2   0   0   0  1.9947   1   1
   1   1   4   4   0   0   0   0-18.6381   1   1
   1   1   4   4   2   0   0   0  0.2233   1   1
   1   2   3   3   2   0   0   0 -1.9947   1   1
   1   2   3   4   2   0   0   0  6.0066   1   1
   1   2   3   4   4   0   0   0 -8.7706   1   1
   1   2   4   3   2   0   0   0 -5.8796   1   1
   1   2   4   3   4   0   0   0 13.5545   1   1
   1   2   4   4   2   0   0   0  4.4310   1   1
   1   2   4   4   4   0   0   0 10.3250   1   1
   2   1   3   3   2   0   0   0  1.9947   1   1
   2   1   3   4   2   0   0   0 -5.8796   1   1
   2   1   3   4   4   0   0   0 13.5545   1   1
   2   1   4   3   2   0   0   0  6.0066   1   1
   2   1   4   3   4   0   0   0 -8.7706   1   1
   2   1   4   4   2   0   0   0 -4.4310   1   1
   2   1   4   4   4   0   0   0-10.3250   1   1
   2   2   3   3   0   0   0   0-18.6381   1   1
   2   2   3   3   2   0   0   0  0.2233   1   1
   2   2   3   4   2   0   0   0  4.4310   1   1
   2   2   3   4   4   0   0   0 10.3250   1   1
   2   2   4   3   2   0   0   0 -4.4310   1   1
   2   2   4   3   4   0   0   0-10.3250   1   1
   2   2   4   4   0   0   0   0-27.1073   1   1
   2   2   4   4   2   0   0   0 10.7582   1   1
   2   2   4   4   4   0   0   0 -9.2416   1   1
   2   2   4   4   6   0   0   0  5.6604   1   1
   3   3   1   1   0   0   0   0-12.6946   1   1
   3   3   1   1   2   0   0   0  5.8990   1   1
   3   3   1   2   2   0   0   0 -1.9947   1   1
   3   3   2   1   2   0   0   0  1.9947   1   1
   3   3   2   2   0   0   0   0-18.6381   1   1
   3   3   2   2   2   0   0   0  0.2233   1   1
   3   4   1   1   2   0   0   0 -1.9947   1   1
   3   4   1   2   2   0   0   0  6.0066   1   1
   3   4   1   2   4   0   0   0 -8.7706   1   1
   3   4   2   1   2   0   0   0 -5.8796   1   1
   3   4   2   1   4   0   0   0 13.5545   1   1
   3   4   2   2   2   0   0   0  4.4310   1   1
   3   4   2   2   4   0   0   0 10.3250   1   1
   4   3   1   1   2   0   0   0  1.9947   1   1
   4   3   1   2   2   0   0   0 -5.8796   1   1
   4   3   1   2   4   0   0   0 13.5545   1   1
   4   3   2   1   2   0   0   0  6.0066   1   1
   4   3   2   1   4   0   0   0 -8.7706   1   1
   4   3   2   2   2   0   0   0 -4.4310   1   1
   4   3   2   2   4   0   0   0-10.3250   1   1
   4   4   1   1   0   0   0   0-18.6381   1   1
   4   4   1   1   2   0   0   0  0.2233   1   1
   4   4   1   2   2   0   0   0  4.4310   1   1
   4   4   1   2   4   0   0   0 10.3250   1   1
   4   4   2   1   2   0   0   0 -4.4310   1   1
   4   4   2   1   4   0   0   0-10.3250   1   1
   4   4   2   2   0   0   0   0-27.1073   1   1
   4   4   2   2   2   0   0   0 10.7582   1   1
   4   4   2   2   4   0   0   0 -9.2416   1   1
   4   4   2   2   6   0   0   0  5.6604   1   1
