      1      2      1      2  -1.23860000000000     
      2      4      1      2  0.000000000000000E+000
      1      5      1      2  0.000000000000000E+000
      4      5      1      2   2.30198612615281     
      3      6      1      2  -2.30198612615281     
      1      3      1      3  -2.58930000000000     
      3      4      1      3 -0.838100000000000     
      2      3      2      3 -0.466650000000000     
      1      4      2      3  -1.22551254889536     
      3      5      2      3 -0.419050000000000     
      2      3      1      4  -1.22551254889536     
      1      4      1      4  -1.88175000000000     
      3      5      1      4 -0.725815890911738     
      1      2      2      4  0.000000000000000E+000
      2      4      2      4  -1.17420000000000     
      1      5      2      4  -1.41510000000000     
      4      5      2      4 -0.419050000000000     
      3      6      2      4 -0.419050000000000     
      1      3      3      4 -0.838100000000000     
      3      4      3      4  -1.99660000000000     
      1      2      1      5  0.000000000000000E+000
      2      4      1      5  -1.41510000000000     
      1      5      1      5  -1.17420000000000     
      4      5      1      5 -0.419050000000000     
      3      6      1      5 -0.419050000000000     
      2      5      2      5  -1.88175000000000     
      1      6      2      5  -1.22551254889536     
      4      6      2      5 -0.725815890911738     
      2      3      3      5 -0.419050000000000     
      1      4      3      5 -0.725815890911738     
      3      5      3      5  -1.99660000000000     
      1      2      4      5   2.30198612615281     
      2      4      4      5 -0.419050000000000     
      1      5      4      5 -0.419050000000000     
      4      5      4      5  -2.76860000000000     
      3      6      4      5  0.772000000000000     
      2      5      1      6  -1.22551254889536     
      1      6      1      6 -0.466650000000000     
      4      6      1      6 -0.419050000000000     
      2      6      2      6  -2.58930000000000     
      5      6      2      6 -0.838100000000000     
      1      2      3      6  -2.30198612615281     
      2      4      3      6 -0.419050000000000     
      1      5      3      6 -0.419050000000000     
      4      5      3      6  0.772000000000000     
      3      6      3      6  -2.76860000000000     
      2      5      4      6 -0.725815890911738     
      1      6      4      6 -0.419050000000000     
      4      6      4      6  -1.99660000000000     
      2      6      5      6 -0.838100000000000     
      5      6      5      6  -1.99660000000000     
      1      7      1      7  -8.05020000000000     
      4      7      1      7  0.575832407259265     
      3      8      1      7 -0.997370986017741     
      2      9      1      7 -0.997370986017741     
      5      9      1      7   3.20006904222393     
      1     10      1      7  0.575832407259265     
      4     10      1      7  -3.69512144590675     
      3     11      1      7   3.20006904222393     
      2      7      2      7  -4.64440000000000     
      5      7      2      7  0.575832407259265     
      1      8      2      7  -3.40580000000000     
      4      8      2      7 -0.575832407259265     
      6      9      2      7   1.62034802135366     
      2     10      2      7 -0.575832407259265     
      5     10      2      7  0.227212701599715     
      1     11      2      7  0.575832407259265     
      4     11      2      7  -2.07477342455309     
      3     12      2      7   3.92233414750647     
      3      7      3      7  -6.65070000000000     
      1      9      3      7  -4.06140000000000     
      4      9      3      7 -0.419050000000000     
      3     10      3      7  0.419050000000000     
      1      7      4      7  0.575832407259265     
      4      7      4      7  -6.60993750000000     
      3      8      4      7 -7.060272104352538E-002
      2      9      4      7   1.15490982785183     
      5      9      4      7   1.40119723890815     
      1     10      4      7  -4.72818750000000     
      4     10      4      7  -2.03701320614276     
      3     11      4      7   2.12701312981989     
      2      7      5      7  0.575832407259265     
      5      7      5      7  -6.56917500000000     
      1      8      5      7  0.575832407259265     
      4      8      5      7 -8.152499999999774E-002
      6      9      5      7   2.84599480921414     
      2     10      5      7   1.33357500000000     
      5     10      5      7  -1.22803160307138     
      1     11      5      7  -5.39497500000000     
      4     11      5      7 -0.808981603071380     
      3     12      5      7   3.26504480921414     
      6      7      6      7  -6.52841250000000     
      2      8      6      7  0.997370986017741     
      5      8      6      7 -7.060272104352450E-002
      6     10      6      7   2.84599480921414     
      2     11      6      7   1.15490982785184     
      5     11      6      7  -3.52821036872804     
      1     12      6      7  -6.06176250000000     
      4     12      6      7   3.26504480921414     
      2      7      1      8  -3.40580000000000     
      5      7      1      8  0.575832407259265     
      1      8      1      8  -4.64440000000000     
      4      8      1      8 -0.575832407259265     
      6      9      1      8   3.92233414750647     
      2     10      1      8 -0.575832407259265     
      5     10      1      8  -2.07477342455309     
      1     11      1      8  0.575832407259265     
      4     11      1      8  0.227212701599715     
      3     12      1      8   1.62034802135366     
      6      7      2      8  0.997370986017741     
      2      8      2      8  -8.05020000000000     
      5      8      2      8 -0.575832407259265     
      6     10      2      8   3.20006904222393     
      2     11      2      8 -0.575832407259265     
      5     11      2      8  -3.69512144590675     
      1     12      2      8  0.997370986017741     
      4     12      2      8   3.20006904222393     
      1      7      3      8 -0.997370986017741     
      4      7      3      8 -7.060272104352450E-002
      3      8      3      8  -6.52841250000000     
      2      9      3      8  -6.06176250000000     
      5      9      3      8  -3.26504480921414     
      1     10      3      8   1.15490982785184     
      4     10      3      8   3.52821036872804     
      3     11      3      8  -2.84599480921414     
      2      7      4      8 -0.575832407259265     
      5      7      4      8 -8.152499999999774E-002
      1      8      4      8 -0.575832407259265     
      4      8      4      8  -6.56917500000000     
      6      9      4      8  -3.26504480921414     
      2     10      4      8  -5.39497500000000     
      5     10      4      8  0.808981603071380     
      1     11      4      8   1.33357500000000     
      4     11      4      8   1.22803160307138     
      3     12      4      8  -2.84599480921414     
      6      7      5      8 -7.060272104352538E-002
      2      8      5      8 -0.575832407259265     
      5      8      5      8  -6.60993750000000     
      6     10      5      8  -2.12701312981989     
      2     11      5      8  -4.72818750000000     
      5     11      5      8   2.03701320614276     
      1     12      5      8   1.15490982785183     
      4     12      5      8  -1.40119723890815     
      6      8      6      8  -6.65070000000000     
      6     11      6      8 -0.419050000000000     
      2     12      6      8  -4.06140000000000     
      5     12      6      8  0.419050000000000     
      7      8      7      8  -1.23860000000000     
      8     10      7      8  0.000000000000000E+000
      7     11      7      8  0.000000000000000E+000
     10     11      7      8   2.30198612615281     
      9     12      7      8  -2.30198612615281     
      3      7      1      9  -4.06140000000000     
      1      9      1      9  -6.65070000000000     
      4      9      1      9  0.419050000000000     
      3     10      1      9 -0.419050000000000     
      1      7      2      9 -0.997370986017741     
      4      7      2      9   1.15490982785184     
      3      8      2      9  -6.06176250000000     
      2      9      2      9  -6.52841250000000     
      5      9      2      9  -2.84599480921414     
      1     10      2      9 -7.060272104352450E-002
      4     10      2      9   3.52821036872804     
      3     11      2      9  -3.26504480921414     
      3      9      3      9  -10.7121000000000     
      3      7      4      9 -0.419050000000000     
      1      9      4      9  0.419050000000000     
      4      9      4      9  -6.35435000000000     
      3     10      4      9  -4.35774999999999     
      1      7      5      9   3.20006904222393     
      4      7      5      9   1.40119723890815     
      3      8      5      9  -3.26504480921414     
      2      9      5      9  -2.84599480921414     
      5      9      5      9  -5.13281000000000     
      1     10      5      9   2.12701312981989     
      4     10      5      9  -1.41051289565179     
      3     11      5      9  -3.13621000000000     
      2      7      6      9   1.62034802135366     
      5      7      6      9   2.84599480921414     
      1      8      6      9   3.92233414750647     
      4      8      6      9  -3.26504480921414     
      6      9      6      9  -4.90804000000000     
      2     10      6      9  -2.84599480921414     
      5     10      6      9 -0.224769999999998     
      1     11      6      9   3.26504480921414     
      4     11      6      9 -0.996769999999998     
      3     12      6      9  -2.13944000000000     
      7      9      7      9  -2.58930000000000     
      9     10      7      9 -0.838100000000000     
      8      9      8      9 -0.466650000000000     
      7     10      8      9  -1.22551254889536     
      9     11      8      9 -0.419050000000000     
      1      7      1     10  0.575832407259265     
      4      7      1     10  -4.72818750000000     
      3      8      1     10   1.15490982785183     
      2      9      1     10 -7.060272104352538E-002
      5      9      1     10   2.12701312981989     
      1     10      1     10  -6.60993750000000     
      4     10      1     10  -2.03701320614276     
      3     11      1     10   1.40119723890815     
      2      7      2     10 -0.575832407259265     
      5      7      2     10   1.33357500000000     
      1      8      2     10 -0.575832407259265     
      4      8      2     10  -5.39497500000000     
      6      9      2     10  -2.84599480921414     
      2     10      2     10  -6.56917500000000     
      5     10      2     10   1.22803160307138     
      1     11      2     10 -8.152499999999774E-002
      4     11      2     10  0.808981603071380     
      3     12      2     10  -3.26504480921414     
      3      7      3     10  0.419050000000000     
      1      9      3     10 -0.419050000000000     
      4      9      3     10  -4.35774999999999     
      3     10      3     10  -6.35434999999999     
      1      7      4     10  -3.69512144590675     
      4      7      4     10  -2.03701320614276     
      3      8      4     10   3.52821036872804     
      2      9      4     10   3.52821036872804     
      5      9      4     10  -1.41051289565179     
      1     10      4     10  -2.03701320614276     
      4     10      4     10  -9.08338000000000     
      3     11      4     10  -1.41051289565179     
      2      7      5     10  0.227212701599715     
      5      7      5     10  -1.22803160307138     
      1      8      5     10  -2.07477342455309     
      4      8      5     10  0.808981603071380     
      6      9      5     10 -0.224769999999998     
      2     10      5     10   1.22803160307138     
      5     10      5     10  -6.53676000000000     
      1     11      5     10 -0.808981603071380     
      4     11      5     10  -3.76816000000000     
      3     12      5     10 -0.996769999999998     
      6      7      6     10   2.84599480921414     
      2      8      6     10   3.20006904222393     
      5      8      6     10  -2.12701312981989     
      6     10      6     10  -5.13281000000000     
      2     11      6     10  -1.40119723890815     
      5     11      6     10  -1.41051289565179     
      1     12      6     10   3.26504480921414     
      4     12      6     10  -3.13621000000000     
      8      9      7     10  -1.22551254889536     
      7     10      7     10  -1.88175000000000     
      9     11      7     10 -0.725815890911738     
      7      8      8     10  0.000000000000000E+000
      8     10      8     10  -1.17420000000000     
      7     11      8     10  -1.41510000000000     
     10     11      8     10 -0.419050000000000     
      9     12      8     10 -0.419050000000000     
      7      9      9     10 -0.838100000000000     
      9     10      9     10  -1.99660000000000     
      2      7      1     11  0.575832407259265     
      5      7      1     11  -5.39497500000000     
      1      8      1     11  0.575832407259265     
      4      8      1     11   1.33357500000000     
      6      9      1     11   3.26504480921414     
      2     10      1     11 -8.152499999999774E-002
      5     10      1     11 -0.808981603071380     
      1     11      1     11  -6.56917500000000     
      4     11      1     11  -1.22803160307138     
      3     12      1     11   2.84599480921414     
      6      7      2     11   1.15490982785183     
      2      8      2     11 -0.575832407259265     
      5      8      2     11  -4.72818750000000     
      6     10      2     11  -1.40119723890815     
      2     11      2     11  -6.60993750000000     
      5     11      2     11   2.03701320614276     
      1     12      2     11 -7.060272104352538E-002
      4     12      2     11  -2.12701312981989     
      1      7      3     11   3.20006904222393     
      4      7      3     11   2.12701312981989     
      3      8      3     11  -2.84599480921414     
      2      9      3     11  -3.26504480921414     
      5      9      3     11  -3.13621000000000     
      1     10      3     11   1.40119723890815     
      4     10      3     11  -1.41051289565179     
      3     11      3     11  -5.13281000000000     
      2      7      4     11  -2.07477342455309     
      5      7      4     11 -0.808981603071380     
      1      8      4     11  0.227212701599715     
      4      8      4     11   1.22803160307138     
      6      9      4     11 -0.996769999999998     
      2     10      4     11  0.808981603071380     
      5     10      4     11  -3.76816000000000     
      1     11      4     11  -1.22803160307138     
      4     11      4     11  -6.53676000000000     
      3     12      4     11 -0.224769999999998     
      6      7      5     11  -3.52821036872804     
      2      8      5     11  -3.69512144590675     
      5      8      5     11   2.03701320614276     
      6     10      5     11  -1.41051289565179     
      2     11      5     11   2.03701320614276     
      5     11      5     11  -9.08338000000000     
      1     12      5     11  -3.52821036872804     
      4     12      5     11  -1.41051289565179     
      6      8      6     11 -0.419050000000000     
      6     11      6     11  -6.35435000000000     
      2     12      6     11  0.419050000000000     
      5     12      6     11  -4.35774999999999     
      7      8      7     11  0.000000000000000E+000
      8     10      7     11  -1.41510000000000     
      7     11      7     11  -1.17420000000000     
     10     11      7     11 -0.419050000000000     
      9     12      7     11 -0.419050000000000     
      8     11      8     11  -1.88175000000000     
      7     12      8     11  -1.22551254889536     
     10     12      8     11 -0.725815890911738     
      8      9      9     11 -0.419050000000000     
      7     10      9     11 -0.725815890911738     
      9     11      9     11  -1.99660000000000     
      7      8     10     11   2.30198612615281     
      8     10     10     11 -0.419050000000000     
      7     11     10     11 -0.419050000000000     
     10     11     10     11  -2.76860000000000     
      9     12     10     11  0.772000000000000     
      6      7      1     12  -6.06176250000000     
      2      8      1     12  0.997370986017741     
      5      8      1     12   1.15490982785184     
      6     10      1     12   3.26504480921414     
      2     11      1     12 -7.060272104352450E-002
      5     11      1     12  -3.52821036872804     
      1     12      1     12  -6.52841250000000     
      4     12      1     12   2.84599480921414     
      6      8      2     12  -4.06140000000000     
      6     11      2     12  0.419050000000000     
      2     12      2     12  -6.65070000000000     
      5     12      2     12 -0.419050000000000     
      2      7      3     12   3.92233414750647     
      5      7      3     12   3.26504480921414     
      1      8      3     12   1.62034802135366     
      4      8      3     12  -2.84599480921414     
      6      9      3     12  -2.13944000000000     
      2     10      3     12  -3.26504480921414     
      5     10      3     12 -0.996769999999998     
      1     11      3     12   2.84599480921414     
      4     11      3     12 -0.224769999999998     
      3     12      3     12  -4.90804000000000     
      6      7      4     12   3.26504480921414     
      2      8      4     12   3.20006904222393     
      5      8      4     12  -1.40119723890815     
      6     10      4     12  -3.13621000000000     
      2     11      4     12  -2.12701312981989     
      5     11      4     12  -1.41051289565179     
      1     12      4     12   2.84599480921414     
      4     12      4     12  -5.13281000000000     
      6      8      5     12  0.419050000000000     
      6     11      5     12  -4.35774999999999     
      2     12      5     12 -0.419050000000000     
      5     12      5     12  -6.35434999999999     
      6     12      6     12  -10.7121000000000     
      8     11      7     12  -1.22551254889536     
      7     12      7     12 -0.466650000000000     
     10     12      7     12 -0.419050000000000     
      8     12      8     12  -2.58930000000000     
     11     12      8     12 -0.838100000000000     
      7      8      9     12  -2.30198612615281     
      8     10      9     12 -0.419050000000000     
      7     11      9     12 -0.419050000000000     
     10     11      9     12  0.772000000000000     
      9     12      9     12  -2.76860000000000     
      8     11     10     12 -0.725815890911738     
      7     12     10     12 -0.419050000000000     
     10     12     10     12  -1.99660000000000     
      8     12     11     12 -0.838100000000000     
     11     12     11     12  -1.99660000000000     
