 ! Total Interaction
  20
   1   1   1   1     1     0  -7.8669
   1   2   1   1     1     0  -0.1462
   2   2   1   1     1     0   2.7399
   1   1   1   2     1     0  -0.1462
   1   2   1   2     1     0 -11.8334
   2   2   1   2     1     0  -5.2486
   1   1   2   2     1     0   2.7399
   1   2   2   2     1     0  -5.2486
   2   2   2   2     1     0  -8.4408
   1   2   1   2     2     0  -8.8064
   2   2   2   2     3     0  -8.8064
   1   1   1   1     0     1  -1.0833
   2   2   1   1     0     1  -4.0546
   1   1   2   2     0     1  -4.0546
   2   2   2   2     0     1  -3.9503
   1   2   1   2     1     1   0.8584
   1   2   1   2     2     1  -3.3008
   2   2   1   2     2     1   1.6326
   1   2   2   2     2     1   1.6326
   2   2   2   2     2     1  -2.1464
