      1      1      1      1           2           0   5.87476992911212     
      1      1      1      1           0           0  -12.3420000000000     
      1      1      1      2           2           0 -0.179057700197450     
      1      1      2      1           2           0 -0.179057700197450     
      1      1      2      2           4           0  -6.11154555488921     
      1      1      2      2           2           0   1.26883731049884     
      1      2      1      1           2           0  0.179057700197450     
      1      2      1      2           2           0  0.775164349509187     
      1      2      1      2           0           0  -16.5217267191190     
      1      2      2      1           4           0   12.1812598159273     
      1      2      2      1           2           0  -3.21213152390667     
      1      2      2      2           4           0   6.85766460460130     
      1      2      2      2           2           0  0.978568347535611     
      2      1      1      1           2           0  0.179057700197450     
      2      1      1      2           4           0   12.1812598159273     
      2      1      1      2           2           0  -3.21213152390667     
      2      1      2      1           2           0  0.775164349509187     
      2      1      2      1           0           0  -16.5217267191190     
      2      1      2      2           4           0   6.85766460460130     
      2      1      2      2           2           0  0.978568347535611     
      2      2      1      1           4           0  -6.11154555488921     
      2      2      1      1           2           0   1.26883731049884     
      2      2      1      2           4           0  -6.85766460460130     
      2      2      1      2           2           0 -0.978568347535612     
      2      2      2      1           4           0  -6.85766460460130     
      2      2      2      1           2           0 -0.978568347535612     
      2      2      2      2           6           0   7.18190516264139     
      2      2      2      2           4           0  -8.33189115334118     
      2      2      2      2           2           0   5.33489835264694     
      2      2      2      2           0           0  -25.4123750000000     
      1      1      1      1           2           0   5.87476992911212     
      1      1      1      1           0           0  -12.3420000000000     
      1      1      1      2           2           0 -0.179057700197450     
      1      1      2      1           2           0 -0.179057700197450     
      1      1      2      2           4           0  -6.11154555488921     
      1      1      2      2           2           0   1.26883731049884     
      1      2      1      1           2           0  0.179057700197450     
      1      2      1      2           2           0  0.775164349509187     
      1      2      1      2           0           0  -16.5217267191190     
      1      2      2      1           4           0   12.1812598159273     
      1      2      2      1           2           0  -3.21213152390667     
      1      2      2      2           4           0   6.85766460460130     
      1      2      2      2           2           0  0.978568347535611     
      2      1      1      1           2           0  0.179057700197450     
      2      1      1      2           4           0   12.1812598159273     
      2      1      1      2           2           0  -3.21213152390667     
      2      1      2      1           2           0  0.775164349509187     
      2      1      2      1           0           0  -16.5217267191190     
      2      1      2      2           4           0   6.85766460460130     
      2      1      2      2           2           0  0.978568347535611     
      2      2      1      1           4           0  -6.11154555488921     
      2      2      1      1           2           0   1.26883731049884     
      2      2      1      2           4           0  -6.85766460460130     
      2      2      1      2           2           0 -0.978568347535612     
      2      2      2      1           4           0  -6.85766460460130     
      2      2      2      1           2           0 -0.978568347535612     
      2      2      2      2           6           0   7.18190516264139     
      2      2      2      2           4           0  -8.33189115334118     
      2      2      2      2           2           0   5.33489835264694     
      2      2      2      2           0           0  -25.4123750000000     
          60           6
   1   1   3   3   0   0   0   0-12.3420   1   1
   1   1   3   3   2   0   0   0  5.8748   1   1
   1   1   3   4   2   0   0   0 -0.1791   1   1
   1   1   4   3   2   0   0   0  0.1791   1   1
   1   1   4   4   0   0   0   0-16.5217   1   1
   1   1   4   4   2   0   0   0  0.7752   1   1
   1   2   3   3   2   0   0   0 -0.1791   1   1
   1   2   3   4   2   0   0   0  1.2688   1   1
   1   2   3   4   4   0   0   0 -6.1115   1   1
   1   2   4   3   2   0   0   0 -3.2121   1   1
   1   2   4   3   4   0   0   0 12.1813   1   1
   1   2   4   4   2   0   0   0  0.9786   1   1
   1   2   4   4   4   0   0   0  6.8577   1   1
   2   1   3   3   2   0   0   0  0.1791   1   1
   2   1   3   4   2   0   0   0 -3.2121   1   1
   2   1   3   4   4   0   0   0 12.1813   1   1
   2   1   4   3   2   0   0   0  1.2688   1   1
   2   1   4   3   4   0   0   0 -6.1115   1   1
   2   1   4   4   2   0   0   0 -0.9786   1   1
   2   1   4   4   4   0   0   0 -6.8577   1   1
   2   2   3   3   0   0   0   0-16.5217   1   1
   2   2   3   3   2   0   0   0  0.7752   1   1
   2   2   3   4   2   0   0   0  0.9786   1   1
   2   2   3   4   4   0   0   0  6.8577   1   1
   2   2   4   3   2   0   0   0 -0.9786   1   1
   2   2   4   3   4   0   0   0 -6.8577   1   1
   2   2   4   4   0   0   0   0-25.4124   1   1
   2   2   4   4   2   0   0   0  5.3349   1   1
   2   2   4   4   4   0   0   0 -8.3319   1   1
   2   2   4   4   6   0   0   0  7.1819   1   1
   3   3   1   1   0   0   0   0-12.3420   1   1
   3   3   1   1   2   0   0   0  5.8748   1   1
   3   3   1   2   2   0   0   0 -0.1791   1   1
   3   3   2   1   2   0   0   0  0.1791   1   1
   3   3   2   2   0   0   0   0-16.5217   1   1
   3   3   2   2   2   0   0   0  0.7752   1   1
   3   4   1   1   2   0   0   0 -0.1791   1   1
   3   4   1   2   2   0   0   0  1.2688   1   1
   3   4   1   2   4   0   0   0 -6.1115   1   1
   3   4   2   1   2   0   0   0 -3.2121   1   1
   3   4   2   1   4   0   0   0 12.1813   1   1
   3   4   2   2   2   0   0   0  0.9786   1   1
   3   4   2   2   4   0   0   0  6.8577   1   1
   4   3   1   1   2   0   0   0  0.1791   1   1
   4   3   1   2   2   0   0   0 -3.2121   1   1
   4   3   1   2   4   0   0   0 12.1813   1   1
   4   3   2   1   2   0   0   0  1.2688   1   1
   4   3   2   1   4   0   0   0 -6.1115   1   1
   4   3   2   2   2   0   0   0 -0.9786   1   1
   4   3   2   2   4   0   0   0 -6.8577   1   1
   4   4   1   1   0   0   0   0-16.5217   1   1
   4   4   1   1   2   0   0   0  0.7752   1   1
   4   4   1   2   2   0   0   0  0.9786   1   1
   4   4   1   2   4   0   0   0  6.8577   1   1
   4   4   2   1   2   0   0   0 -0.9786   1   1
   4   4   2   1   4   0   0   0 -6.8577   1   1
   4   4   2   2   0   0   0   0-25.4124   1   1
   4   4   2   2   2   0   0   0  5.3349   1   1
   4   4   2   2   4   0   0   0 -8.3319   1   1
   4   4   2   2   6   0   0   0  7.1819   1   1
