      1      2      1      2  -1.08330000000000     
      2      4      1      2  0.000000000000000E+000
      1      5      1      2  0.000000000000000E+000
      4      5      1      2   2.86703515499897     
      3      6      1      2  -2.86703515499897     
      1      3      1      3  -3.30080000000000     
      3      4      1      3  -1.63260000000000     
      2      3      2      3 -0.181400000000000     
      1      4      2      3  -1.80098642971012     
      3      5      2      3 -0.816300000000000     
      2      3      1      4  -1.80098642971012     
      1      4      1      4  -2.26100000000000     
      3      5      1      4  -1.41387307421848     
      1      2      2      4  0.000000000000000E+000
      2      4      2      4  -1.22120000000000     
      1      5      2      4  -2.07960000000000     
      4      5      2      4 -0.816300000000000     
      3      6      2      4 -0.816300000000000     
      1      3      3      4  -1.63260000000000     
      3      4      3      4  -2.14640000000000     
      1      2      1      5  0.000000000000000E+000
      2      4      1      5  -2.07960000000000     
      1      5      1      5  -1.22120000000000     
      4      5      1      5 -0.816300000000000     
      3      6      1      5 -0.816300000000000     
      2      5      2      5  -2.26100000000000     
      1      6      2      5  -1.80098642971012     
      4      6      2      5  -1.41387307421848     
      2      3      3      5 -0.816300000000000     
      1      4      3      5  -1.41387307421848     
      3      5      3      5  -2.14640000000000     
      1      2      4      5   2.86703515499897     
      2      4      4      5 -0.816300000000000     
      1      5      4      5 -0.816300000000000     
      4      5      4      5  -3.04835000000000     
      3      6      4      5  0.901950000000000     
      2      5      1      6  -1.80098642971012     
      1      6      1      6 -0.181400000000000     
      4      6      1      6 -0.816300000000000     
      2      6      2      6  -3.30080000000000     
      5      6      2      6  -1.63260000000000     
      1      2      3      6  -2.86703515499897     
      2      4      3      6 -0.816300000000000     
      1      5      3      6 -0.816300000000000     
      4      5      3      6  0.901950000000000     
      3      6      3      6  -3.04835000000000     
      2      5      4      6  -1.41387307421848     
      1      6      4      6 -0.816300000000000     
      4      6      4      6  -2.14640000000000     
      2      6      5      6  -1.63260000000000     
      5      6      5      6  -2.14640000000000     
      1      7      1      7  -7.86690000000000     
      4      7      1      7  5.168950570473664E-002
      3      8      1      7 -8.952885009872519E-002
      2      9      1      7 -8.952885009872519E-002
      5      9      1      7   1.50070503530841     
      1     10      1      7  5.168950570473664E-002
      4     10      1      7  -1.73286491221907     
      3     11      1      7   1.50070503530841     
      2      7      2      7  -4.47510000000000     
      5      7      2      7  5.168950570473665E-002
      1      8      2      7  -3.39180000000000     
      4      8      2      7 -5.168950570473665E-002
      6      9      2      7 -0.133868893335186     
      2     10      2      7 -5.168950570473665E-002
      5     10      2      7   1.00030134944472     
      1     11      2      7  5.168950570473665E-002
      4     11      2      7  -1.86673380555426     
      3     12      2      7   2.73316626166379     
      3      7      3      7  -6.05360000000000     
      1      9      3      7  -2.75280000000000     
      4      9      3      7 -0.816300000000000     
      3     10      3      7  0.816300000000000     
      1      7      4      7  5.168950570473664E-002
      4      7      4      7  -5.91207500000000     
      3      8      4      7 -0.245128490541184     
      2      9      4      7   1.55585793916893     
      5      9      4      7  0.309450482435976     
      1     10      4      7  -3.65107500000000     
      4     10      4      7  -1.17362263867054     
      3     11      4      7   1.72332355665445     
      2      7      5      7  5.168950570473664E-002
      5      7      5      7  -5.77055000000000     
      1      8      5      7  5.168950570473664E-002
      4      8      5      7 -0.283049999999999     
      6      9      5      7   1.35228395800581     
      2     10      5      7   1.79655000000000     
      5     10      5      7 -0.994961319335270     
      1     11      5      7  -4.54935000000000     
      4     11      5      7 -0.178661319335270     
      3     12      5      7   2.16858395800581     
      6      7      6      7  -5.62902500000000     
      2      8      6      7  8.952885009872519E-002
      5      8      6      7 -0.245128490541184     
      6     10      6      7   1.35228395800581     
      2     11      6      7   1.55585793916894     
      5     11      6      7  -2.03277403909043     
      1     12      6      7  -5.44762500000000     
      4     12      6      7   2.16858395800581     
      2      7      1      8  -3.39180000000000     
      5      7      1      8  5.168950570473665E-002
      1      8      1      8  -4.47510000000000     
      4      8      1      8 -5.168950570473665E-002
      6      9      1      8   2.73316626166379     
      2     10      1      8 -5.168950570473665E-002
      5     10      1      8  -1.86673380555426     
      1     11      1      8  5.168950570473665E-002
      4     11      1      8   1.00030134944472     
      3     12      1      8 -0.133868893335186     
      6      7      2      8  8.952885009872519E-002
      2      8      2      8  -7.86690000000000     
      5      8      2      8 -5.168950570473664E-002
      6     10      2      8   1.50070503530841     
      2     11      2      8 -5.168950570473664E-002
      5     11      2      8  -1.73286491221907     
      1     12      2      8  8.952885009872519E-002
      4     12      2      8   1.50070503530841     
      1      7      3      8 -8.952885009872519E-002
      4      7      3      8 -0.245128490541184     
      3      8      3      8  -5.62902500000000     
      2      9      3      8  -5.44762500000000     
      5      9      3      8  -2.16858395800581     
      1     10      3      8   1.55585793916894     
      4     10      3      8   2.03277403909043     
      3     11      3      8  -1.35228395800581     
      2      7      4      8 -5.168950570473664E-002
      5      7      4      8 -0.283049999999999     
      1      8      4      8 -5.168950570473664E-002
      4      8      4      8  -5.77055000000000     
      6      9      4      8  -2.16858395800581     
      2     10      4      8  -4.54935000000000     
      5     10      4      8  0.178661319335270     
      1     11      4      8   1.79655000000000     
      4     11      4      8  0.994961319335270     
      3     12      4      8  -1.35228395800581     
      6      7      5      8 -0.245128490541184     
      2      8      5      8 -5.168950570473664E-002
      5      8      5      8  -5.91207500000000     
      6     10      5      8  -1.72332355665445     
      2     11      5      8  -3.65107500000000     
      5     11      5      8   1.17362263867054     
      1     12      5      8   1.55585793916893     
      4     12      5      8 -0.309450482435976     
      6      8      6      8  -6.05360000000000     
      6     11      6      8 -0.816300000000000     
      2     12      6      8  -2.75280000000000     
      5     12      6      8  0.816300000000000     
      7      8      7      8  -1.08330000000000     
      8     10      7      8  0.000000000000000E+000
      7     11      7      8  0.000000000000000E+000
     10     11      7      8   2.86703515499897     
      9     12      7      8  -2.86703515499897     
      3      7      1      9  -2.75280000000000     
      1      9      1      9  -6.05360000000000     
      4      9      1      9  0.816300000000000     
      3     10      1      9 -0.816300000000000     
      1      7      2      9 -8.952885009872519E-002
      4      7      2      9   1.55585793916894     
      3      8      2      9  -5.44762500000000     
      2      9      2      9  -5.62902500000000     
      5      9      2      9  -1.35228395800581     
      1     10      2      9 -0.245128490541184     
      4     10      2      9   2.03277403909043     
      3     11      2      9  -2.16858395800581     
      3      9      3      9  -8.80640000000000     
      3      7      4      9 -0.816300000000000     
      1      9      4      9  0.816300000000000     
      4      9      4      9  -5.47640000000000     
      3     10      4      9  -3.33000000000000     
      1      7      5      9   1.50070503530841     
      4      7      5      9  0.309450482435975     
      3      8      5      9  -2.16858395800581     
      2      9      5      9  -1.35228395800581     
      5      9      5      9  -5.36672000000000     
      1     10      5      9   1.72332355665445     
      4     10      5      9 -0.126647555049431     
      3     11      5      9  -3.22032000000000     
      2      7      6      9 -0.133868893335186     
      5      7      6      9   1.35228395800581     
      1      8      6      9   2.73316626166379     
      4      8      6      9  -2.16858395800581     
      6      9      6      9  -5.76285500000000     
      2     10      6      9  -1.35228395800581     
      5     10      6      9  0.396135000000002     
      1     11      6      9   2.16858395800581     
      4     11      6      9 -0.505814999999998     
      3     12      6      9  -2.71450500000000     
      7      9      7      9  -3.30080000000000     
      9     10      7      9  -1.63260000000000     
      8      9      8      9 -0.181400000000000     
      7     10      8      9  -1.80098642971012     
      9     11      8      9 -0.816300000000000     
      1      7      1     10  5.168950570473664E-002
      4      7      1     10  -3.65107500000000     
      3      8      1     10   1.55585793916893     
      2      9      1     10 -0.245128490541184     
      5      9      1     10   1.72332355665445     
      1     10      1     10  -5.91207500000000     
      4     10      1     10  -1.17362263867054     
      3     11      1     10  0.309450482435976     
      2      7      2     10 -5.168950570473664E-002
      5      7      2     10   1.79655000000000     
      1      8      2     10 -5.168950570473664E-002
      4      8      2     10  -4.54935000000000     
      6      9      2     10  -1.35228395800581     
      2     10      2     10  -5.77055000000000     
      5     10      2     10  0.994961319335270     
      1     11      2     10 -0.283049999999999     
      4     11      2     10  0.178661319335270     
      3     12      2     10  -2.16858395800581     
      3      7      3     10  0.816300000000000     
      1      9      3     10 -0.816300000000000     
      4      9      3     10  -3.33000000000000     
      3     10      3     10  -5.47639999999999     
      1      7      4     10  -1.73286491221907     
      4      7      4     10  -1.17362263867054     
      3      8      4     10   2.03277403909043     
      2      9      4     10   2.03277403909043     
      5      9      4     10 -0.126647555049431     
      1     10      4     10  -1.17362263867054     
      4     10      4     10  -8.66016000000000     
      3     11      4     10 -0.126647555049431     
      2      7      5     10   1.00030134944472     
      5      7      5     10 -0.994961319335270     
      1      8      5     10  -1.86673380555426     
      4      8      5     10  0.178661319335270     
      6      9      5     10  0.396135000000002     
      2     10      5     10  0.994961319335270     
      5     10      5     10  -5.90909500000000     
      1     11      5     10 -0.178661319335270     
      4     11      5     10  -2.86074500000000     
      3     12      5     10 -0.505814999999998     
      6      7      6     10   1.35228395800581     
      2      8      6     10   1.50070503530841     
      5      8      6     10  -1.72332355665445     
      6     10      6     10  -5.36672000000000     
      2     11      6     10 -0.309450482435975     
      5     11      6     10 -0.126647555049431     
      1     12      6     10   2.16858395800581     
      4     12      6     10  -3.22032000000000     
      8      9      7     10  -1.80098642971012     
      7     10      7     10  -2.26100000000000     
      9     11      7     10  -1.41387307421848     
      7      8      8     10  0.000000000000000E+000
      8     10      8     10  -1.22120000000000     
      7     11      8     10  -2.07960000000000     
     10     11      8     10 -0.816300000000000     
      9     12      8     10 -0.816300000000000     
      7      9      9     10  -1.63260000000000     
      9     10      9     10  -2.14640000000000     
      2      7      1     11  5.168950570473664E-002
      5      7      1     11  -4.54935000000000     
      1      8      1     11  5.168950570473664E-002
      4      8      1     11   1.79655000000000     
      6      9      1     11   2.16858395800581     
      2     10      1     11 -0.283049999999999     
      5     10      1     11 -0.178661319335270     
      1     11      1     11  -5.77055000000000     
      4     11      1     11 -0.994961319335270     
      3     12      1     11   1.35228395800581     
      6      7      2     11   1.55585793916893     
      2      8      2     11 -5.168950570473664E-002
      5      8      2     11  -3.65107500000000     
      6     10      2     11 -0.309450482435976     
      2     11      2     11  -5.91207500000000     
      5     11      2     11   1.17362263867054     
      1     12      2     11 -0.245128490541184     
      4     12      2     11  -1.72332355665445     
      1      7      3     11   1.50070503530841     
      4      7      3     11   1.72332355665445     
      3      8      3     11  -1.35228395800581     
      2      9      3     11  -2.16858395800581     
      5      9      3     11  -3.22032000000000     
      1     10      3     11  0.309450482435975     
      4     10      3     11 -0.126647555049431     
      3     11      3     11  -5.36672000000000     
      2      7      4     11  -1.86673380555426     
      5      7      4     11 -0.178661319335270     
      1      8      4     11   1.00030134944472     
      4      8      4     11  0.994961319335270     
      6      9      4     11 -0.505814999999998     
      2     10      4     11  0.178661319335270     
      5     10      4     11  -2.86074500000000     
      1     11      4     11 -0.994961319335270     
      4     11      4     11  -5.90909500000000     
      3     12      4     11  0.396135000000002     
      6      7      5     11  -2.03277403909043     
      2      8      5     11  -1.73286491221907     
      5      8      5     11   1.17362263867054     
      6     10      5     11 -0.126647555049431     
      2     11      5     11   1.17362263867054     
      5     11      5     11  -8.66016000000000     
      1     12      5     11  -2.03277403909043     
      4     12      5     11 -0.126647555049431     
      6      8      6     11 -0.816300000000000     
      6     11      6     11  -5.47640000000000     
      2     12      6     11  0.816300000000000     
      5     12      6     11  -3.33000000000000     
      7      8      7     11  0.000000000000000E+000
      8     10      7     11  -2.07960000000000     
      7     11      7     11  -1.22120000000000     
     10     11      7     11 -0.816300000000000     
      9     12      7     11 -0.816300000000000     
      8     11      8     11  -2.26100000000000     
      7     12      8     11  -1.80098642971012     
     10     12      8     11  -1.41387307421848     
      8      9      9     11 -0.816300000000000     
      7     10      9     11  -1.41387307421848     
      9     11      9     11  -2.14640000000000     
      7      8     10     11   2.86703515499897     
      8     10     10     11 -0.816300000000000     
      7     11     10     11 -0.816300000000000     
     10     11     10     11  -3.04835000000000     
      9     12     10     11  0.901950000000000     
      6      7      1     12  -5.44762500000000     
      2      8      1     12  8.952885009872519E-002
      5      8      1     12   1.55585793916894     
      6     10      1     12   2.16858395800581     
      2     11      1     12 -0.245128490541184     
      5     11      1     12  -2.03277403909043     
      1     12      1     12  -5.62902500000000     
      4     12      1     12   1.35228395800581     
      6      8      2     12  -2.75280000000000     
      6     11      2     12  0.816300000000000     
      2     12      2     12  -6.05360000000000     
      5     12      2     12 -0.816300000000000     
      2      7      3     12   2.73316626166379     
      5      7      3     12   2.16858395800581     
      1      8      3     12 -0.133868893335186     
      4      8      3     12  -1.35228395800581     
      6      9      3     12  -2.71450500000000     
      2     10      3     12  -2.16858395800581     
      5     10      3     12 -0.505814999999998     
      1     11      3     12   1.35228395800581     
      4     11      3     12  0.396135000000002     
      3     12      3     12  -5.76285500000000     
      6      7      4     12   2.16858395800581     
      2      8      4     12   1.50070503530841     
      5      8      4     12 -0.309450482435975     
      6     10      4     12  -3.22032000000000     
      2     11      4     12  -1.72332355665445     
      5     11      4     12 -0.126647555049431     
      1     12      4     12   1.35228395800581     
      4     12      4     12  -5.36672000000000     
      6      8      5     12  0.816300000000000     
      6     11      5     12  -3.33000000000000     
      2     12      5     12 -0.816300000000000     
      5     12      5     12  -5.47639999999999     
      6     12      6     12  -8.80640000000000     
      8     11      7     12  -1.80098642971012     
      7     12      7     12 -0.181400000000000     
     10     12      7     12 -0.816300000000000     
      8     12      8     12  -3.30080000000000     
     11     12      8     12  -1.63260000000000     
      7      8      9     12  -2.86703515499897     
      8     10      9     12 -0.816300000000000     
      7     11      9     12 -0.816300000000000     
     10     11      9     12  0.901950000000000     
      9     12      9     12  -3.04835000000000     
      8     11     10     12  -1.41387307421848     
      7     12     10     12 -0.816300000000000     
     10     12     10     12  -2.14640000000000     
      8     12     11     12  -1.63260000000000     
     11     12     11     12  -2.14640000000000     
