      1      2      1      2  -1.26870000000000     
      2      4      1      2  0.000000000000000E+000
      1      5      1      2  0.000000000000000E+000
      4      5      1      2   1.96243344982703     
      3      6      1      2  -1.96243344982703     
      1      3      1      3  -2.19580000000000     
      3      4      1      3 -0.760000000000000     
      2      3      2      3 -0.482350000000000     
      1      4      2      3 -0.989260818742965     
      3      5      2      3 -0.380000000000000     
      2      3      1      4 -0.989260818742965     
      1      4      1      4  -1.62465000000000     
      3      5      1      4 -0.658179306876174     
      1      2      2      4  0.000000000000000E+000
      2      4      2      4  -1.05350000000000     
      1      5      2      4  -1.14230000000000     
      4      5      2      4 -0.380000000000000     
      3      6      2      4 -0.380000000000000     
      1      3      3      4 -0.760000000000000     
      3      4      3      4  -1.65840000000000     
      1      2      1      5  0.000000000000000E+000
      2      4      1      5  -1.14230000000000     
      1      5      1      5  -1.05350000000000     
      4      5      1      5 -0.380000000000000     
      3      6      1      5 -0.380000000000000     
      2      5      2      5  -1.62465000000000     
      1      6      2      5 -0.989260818742965     
      4      6      2      5 -0.658179306876174     
      2      3      3      5 -0.380000000000000     
      1      4      3      5 -0.658179306876174     
      3      5      3      5  -1.65840000000000     
      1      2      4      5   1.96243344982703     
      2      4      4      5 -0.380000000000000     
      1      5      4      5 -0.380000000000000     
      4      5      4      5  -2.44475000000000     
      3      6      4      5  0.786350000000000     
      2      5      1      6 -0.989260818742965     
      1      6      1      6 -0.482350000000000     
      4      6      1      6 -0.380000000000000     
      2      6      2      6  -2.19580000000000     
      5      6      2      6 -0.760000000000000     
      1      2      3      6  -1.96243344982703     
      2      4      3      6 -0.380000000000000     
      1      5      3      6 -0.380000000000000     
      4      5      3      6  0.786350000000000     
      3      6      3      6  -2.44475000000000     
      2      5      4      6 -0.658179306876174     
      1      6      4      6 -0.380000000000000     
      4      6      4      6  -1.65840000000000     
      2      6      5      6 -0.760000000000000     
      5      6      5      6  -1.65840000000000     
      1      7      1      7  -7.23250000000000     
      4      7      1      7  0.506500587363924     
      3      8      1      7 -0.877284751377796     
      2      9      1      7 -0.877284751377796     
      5      9      1      7   3.04320130175445     
      1     10      1      7  0.506500587363924     
      4     10      1      7  -3.51398618153231     
      3     11      1      7   3.04320130175445     
      2      7      2      7  -4.25060000000000     
      5      7      2      7  0.506500587363924     
      1      8      2      7  -2.98190000000000     
      4      8      2      7 -0.506500587363924     
      6      9      2      7   1.65427291123572     
      2     10      2      7 -0.506500587363924     
      5     10      2      7  0.102720179530436     
      1     11      2      7  0.506500587363924     
      4     11      2      7  -1.85971327029659     
      3     12      2      7   3.61670636106274     
      3      7      3      7  -5.95080000000000     
      1      9      3      7  -3.75500000000000     
      4      9      3      7 -0.380000000000000     
      3     10      3      7  0.380000000000000     
      1      7      4      7  0.506500587363924     
      4      7      4      7  -6.00648750000000     
      3      8      4      7  9.645357934649307E-002
      2      9      4      7   1.08571439808946     
      5      9      4      7   1.38412452975677     
      1     10      4      7  -4.38183750000000     
      4     10      4      7  -1.97824933969407     
      3     11      4      7   2.04230383663294     
      2      7      5      7  0.506500587363924     
      5      7      5      7  -6.06217500000000     
      1      8      5      7  0.506500587363924     
      4      8      5      7  0.111375000000001     
      6      9      5      7   2.77737400954110     
      2     10      5      7   1.25367500000000     
      5     10      5      7  -1.17912466984703     
      1     11      5      7  -5.00867500000000     
      4     11      5      7 -0.799124669847032     
      3     12      5      7   3.15737400954110     
      6      7      6      7  -6.11786250000000     
      2      8      6      7  0.877284751377796     
      5      8      6      7  9.645357934649307E-002
      6     10      6      7   2.77737400954110     
      2     11      6      7   1.08571439808946     
      5     11      6      7  -3.42642836638970     
      1     12      6      7  -5.63551250000000     
      4     12      6      7   3.15737400954110     
      2      7      1      8  -2.98190000000000     
      5      7      1      8  0.506500587363924     
      1      8      1      8  -4.25060000000000     
      4      8      1      8 -0.506500587363924     
      6      9      1      8   3.61670636106274     
      2     10      1      8 -0.506500587363924     
      5     10      1      8  -1.85971327029659     
      1     11      1      8  0.506500587363924     
      4     11      1      8  0.102720179530436     
      3     12      1      8   1.65427291123572     
      6      7      2      8  0.877284751377796     
      2      8      2      8  -7.23250000000000     
      5      8      2      8 -0.506500587363924     
      6     10      2      8   3.04320130175445     
      2     11      2      8 -0.506500587363924     
      5     11      2      8  -3.51398618153231     
      1     12      2      8  0.877284751377796     
      4     12      2      8   3.04320130175445     
      1      7      3      8 -0.877284751377796     
      4      7      3      8  9.645357934649307E-002
      3      8      3      8  -6.11786250000000     
      2      9      3      8  -5.63551250000000     
      5      9      3      8  -3.15737400954110     
      1     10      3      8   1.08571439808946     
      4     10      3      8   3.42642836638970     
      3     11      3      8  -2.77737400954110     
      2      7      4      8 -0.506500587363924     
      5      7      4      8  0.111375000000001     
      1      8      4      8 -0.506500587363924     
      4      8      4      8  -6.06217500000000     
      6      9      4      8  -3.15737400954110     
      2     10      4      8  -5.00867500000000     
      5     10      4      8  0.799124669847032     
      1     11      4      8   1.25367500000000     
      4     11      4      8   1.17912466984703     
      3     12      4      8  -2.77737400954110     
      6      7      5      8  9.645357934649307E-002
      2      8      5      8 -0.506500587363924     
      5      8      5      8  -6.00648750000000     
      6     10      5      8  -2.04230383663294     
      2     11      5      8  -4.38183750000000     
      5     11      5      8   1.97824933969407     
      1     12      5      8   1.08571439808946     
      4     12      5      8  -1.38412452975677     
      6      8      6      8  -5.95080000000000     
      6     11      6      8 -0.380000000000000     
      2     12      6      8  -3.75500000000000     
      5     12      6      8  0.380000000000000     
      7      8      7      8  -1.26870000000000     
      8     10      7      8  0.000000000000000E+000
      7     11      7      8  0.000000000000000E+000
     10     11      7      8   1.96243344982703     
      9     12      7      8  -1.96243344982703     
      3      7      1      9  -3.75500000000000     
      1      9      1      9  -5.95080000000000     
      4      9      1      9  0.380000000000000     
      3     10      1      9 -0.380000000000000     
      1      7      2      9 -0.877284751377796     
      4      7      2      9   1.08571439808946     
      3      8      2      9  -5.63551250000000     
      2      9      2      9  -6.11786250000000     
      5      9      2      9  -2.77737400954110     
      1     10      2      9  9.645357934649307E-002
      4     10      2      9   3.42642836638970     
      3     11      2      9  -3.15737400954110     
      3      9      3      9  -9.70580000000000     
      3      7      4      9 -0.380000000000000     
      1      9      4      9  0.380000000000000     
      4      9      4      9  -5.68210000000000     
      3     10      4      9  -4.02370000000000     
      1      7      5      9   3.04320130175445     
      4      7      5      9   1.38412452975677     
      3      8      5      9  -3.15737400954110     
      2      9      5      9  -2.77737400954110     
      5      9      5      9  -4.60765000000000     
      1     10      5      9   2.04230383663294     
      4     10      5      9  -1.24066799346158     
      3     11      5      9  -2.94925000000000     
      2      7      6      9   1.65427291123572     
      5      7      6      9   2.77737400954110     
      1      8      6      9   3.61670636106274     
      4      8      6      9  -3.15737400954110     
      6      9      6      9  -4.46360000000000     
      2     10      6      9  -2.77737400954110     
      5     10      6      9 -0.144049999999998     
      1     11      6      9   3.15737400954110     
      4     11      6      9 -0.930399999999998     
      3     12      6      9  -2.01885000000000     
      7      9      7      9  -2.19580000000000     
      9     10      7      9 -0.760000000000000     
      8      9      8      9 -0.482350000000000     
      7     10      8      9 -0.989260818742965     
      9     11      8      9 -0.380000000000000     
      1      7      1     10  0.506500587363924     
      4      7      1     10  -4.38183750000000     
      3      8      1     10   1.08571439808946     
      2      9      1     10  9.645357934649307E-002
      5      9      1     10   2.04230383663294     
      1     10      1     10  -6.00648750000000     
      4     10      1     10  -1.97824933969407     
      3     11      1     10   1.38412452975677     
      2      7      2     10 -0.506500587363924     
      5      7      2     10   1.25367500000000     
      1      8      2     10 -0.506500587363924     
      4      8      2     10  -5.00867500000000     
      6      9      2     10  -2.77737400954110     
      2     10      2     10  -6.06217500000000     
      5     10      2     10   1.17912466984703     
      1     11      2     10  0.111375000000001     
      4     11      2     10  0.799124669847032     
      3     12      2     10  -3.15737400954110     
      3      7      3     10  0.380000000000000     
      1      9      3     10 -0.380000000000000     
      4      9      3     10  -4.02369999999999     
      3     10      3     10  -5.68209999999999     
      1      7      4     10  -3.51398618153231     
      4      7      4     10  -1.97824933969407     
      3      8      4     10   3.42642836638970     
      2      9      4     10   3.42642836638970     
      5      9      4     10  -1.24066799346158     
      1     10      4     10  -1.97824933969407     
      4     10      4     10  -8.27320000000000     
      3     11      4     10  -1.24066799346158     
      2      7      5     10  0.102720179530436     
      5      7      5     10  -1.17912466984703     
      1      8      5     10  -1.85971327029659     
      4      8      5     10  0.799124669847033     
      6      9      5     10 -0.144049999999998     
      2     10      5     10   1.17912466984703     
      5     10      5     10  -5.89620000000000     
      1     11      5     10 -0.799124669847033     
      4     11      5     10  -3.45145000000000     
      3     12      5     10 -0.930399999999998     
      6      7      6     10   2.77737400954110     
      2      8      6     10   3.04320130175445     
      5      8      6     10  -2.04230383663294     
      6     10      6     10  -4.60765000000000     
      2     11      6     10  -1.38412452975677     
      5     11      6     10  -1.24066799346158     
      1     12      6     10   3.15737400954110     
      4     12      6     10  -2.94925000000000     
      8      9      7     10 -0.989260818742965     
      7     10      7     10  -1.62465000000000     
      9     11      7     10 -0.658179306876174     
      7      8      8     10  0.000000000000000E+000
      8     10      8     10  -1.05350000000000     
      7     11      8     10  -1.14230000000000     
     10     11      8     10 -0.380000000000000     
      9     12      8     10 -0.380000000000000     
      7      9      9     10 -0.760000000000000     
      9     10      9     10  -1.65840000000000     
      2      7      1     11  0.506500587363924     
      5      7      1     11  -5.00867500000000     
      1      8      1     11  0.506500587363924     
      4      8      1     11   1.25367500000000     
      6      9      1     11   3.15737400954110     
      2     10      1     11  0.111375000000001     
      5     10      1     11 -0.799124669847032     
      1     11      1     11  -6.06217500000000     
      4     11      1     11  -1.17912466984703     
      3     12      1     11   2.77737400954110     
      6      7      2     11   1.08571439808946     
      2      8      2     11 -0.506500587363924     
      5      8      2     11  -4.38183750000000     
      6     10      2     11  -1.38412452975677     
      2     11      2     11  -6.00648750000000     
      5     11      2     11   1.97824933969407     
      1     12      2     11  9.645357934649307E-002
      4     12      2     11  -2.04230383663294     
      1      7      3     11   3.04320130175445     
      4      7      3     11   2.04230383663294     
      3      8      3     11  -2.77737400954110     
      2      9      3     11  -3.15737400954110     
      5      9      3     11  -2.94925000000000     
      1     10      3     11   1.38412452975677     
      4     10      3     11  -1.24066799346158     
      3     11      3     11  -4.60765000000000     
      2      7      4     11  -1.85971327029659     
      5      7      4     11 -0.799124669847033     
      1      8      4     11  0.102720179530436     
      4      8      4     11   1.17912466984703     
      6      9      4     11 -0.930399999999998     
      2     10      4     11  0.799124669847033     
      5     10      4     11  -3.45145000000000     
      1     11      4     11  -1.17912466984703     
      4     11      4     11  -5.89620000000000     
      3     12      4     11 -0.144049999999998     
      6      7      5     11  -3.42642836638970     
      2      8      5     11  -3.51398618153231     
      5      8      5     11   1.97824933969407     
      6     10      5     11  -1.24066799346158     
      2     11      5     11   1.97824933969407     
      5     11      5     11  -8.27320000000000     
      1     12      5     11  -3.42642836638970     
      4     12      5     11  -1.24066799346158     
      6      8      6     11 -0.380000000000000     
      6     11      6     11  -5.68210000000000     
      2     12      6     11  0.380000000000000     
      5     12      6     11  -4.02370000000000     
      7      8      7     11  0.000000000000000E+000
      8     10      7     11  -1.14230000000000     
      7     11      7     11  -1.05350000000000     
     10     11      7     11 -0.380000000000000     
      9     12      7     11 -0.380000000000000     
      8     11      8     11  -1.62465000000000     
      7     12      8     11 -0.989260818742965     
     10     12      8     11 -0.658179306876174     
      8      9      9     11 -0.380000000000000     
      7     10      9     11 -0.658179306876174     
      9     11      9     11  -1.65840000000000     
      7      8     10     11   1.96243344982703     
      8     10     10     11 -0.380000000000000     
      7     11     10     11 -0.380000000000000     
     10     11     10     11  -2.44475000000000     
      9     12     10     11  0.786350000000000     
      6      7      1     12  -5.63551250000000     
      2      8      1     12  0.877284751377796     
      5      8      1     12   1.08571439808946     
      6     10      1     12   3.15737400954110     
      2     11      1     12  9.645357934649307E-002
      5     11      1     12  -3.42642836638970     
      1     12      1     12  -6.11786250000000     
      4     12      1     12   2.77737400954110     
      6      8      2     12  -3.75500000000000     
      6     11      2     12  0.380000000000000     
      2     12      2     12  -5.95080000000000     
      5     12      2     12 -0.380000000000000     
      2      7      3     12   3.61670636106274     
      5      7      3     12   3.15737400954110     
      1      8      3     12   1.65427291123572     
      4      8      3     12  -2.77737400954110     
      6      9      3     12  -2.01885000000000     
      2     10      3     12  -3.15737400954110     
      5     10      3     12 -0.930399999999998     
      1     11      3     12   2.77737400954110     
      4     11      3     12 -0.144049999999998     
      3     12      3     12  -4.46360000000000     
      6      7      4     12   3.15737400954110     
      2      8      4     12   3.04320130175445     
      5      8      4     12  -1.38412452975677     
      6     10      4     12  -2.94925000000000     
      2     11      4     12  -2.04230383663294     
      5     11      4     12  -1.24066799346158     
      1     12      4     12   2.77737400954110     
      4     12      4     12  -4.60765000000000     
      6      8      5     12  0.380000000000000     
      6     11      5     12  -4.02369999999999     
      2     12      5     12 -0.380000000000000     
      5     12      5     12  -5.68209999999999     
      6     12      6     12  -9.70580000000000     
      8     11      7     12 -0.989260818742965     
      7     12      7     12 -0.482350000000000     
     10     12      7     12 -0.380000000000000     
      8     12      8     12  -2.19580000000000     
     11     12      8     12 -0.760000000000000     
      7      8      9     12  -1.96243344982703     
      8     10      9     12 -0.380000000000000     
      7     11      9     12 -0.380000000000000     
     10     11      9     12  0.786350000000000     
      9     12      9     12  -2.44475000000000     
      8     11     10     12 -0.658179306876174     
      7     12     10     12 -0.380000000000000     
     10     12     10     12  -1.65840000000000     
      8     12     11     12 -0.760000000000000     
     11     12     11     12  -1.65840000000000     
