 ! Total Interaction
  20
   1   1   1   1     1     0  -6.4024
   1   2   1   1     1     0  -1.3702
   2   2   1   1     1     0   5.0589
   1   1   1   2     1     0  -1.3702
   1   2   1   2     1     0 -10.9756
   2   2   1   2     1     0  -7.9513
   1   1   2   2     1     0   5.0589
   1   2   2   2     1     0  -7.9513
   2   2   2   2     1     0  -5.2617
   1   2   1   2     2     0  -8.6873
   2   2   2   2     3     0  -8.6873
   1   1   1   1     0     1  -1.2631
   2   2   1   1     0     1  -2.6498
   1   1   2   2     0     1  -2.6498
   2   2   2   2     0     1  -3.1368
   1   2   1   2     1     1   0.0580
   1   2   1   2     2     1  -2.0906
   2   2   1   2     2     1   0.7378
   1   2   2   2     2     1   0.7378
   2   2   2   2     2     1  -1.5689
