      1      2      1      2  -1.26310000000000     
      2      4      1      2  0.000000000000000E+000
      1      5      1      2  0.000000000000000E+000
      4      5      1      2   1.87369154878811     
      3      6      1      2  -1.87369154878811     
      1      3      1      3  -2.09060000000000     
      3      4      1      3 -0.737800000000000     
      2      3      2      3 -0.479150000000000     
      1      4      2      3 -0.930371091285623     
      3      5      2      3 -0.368900000000000     
      2      3      1      4 -0.930371091285623     
      1      4      1      4  -1.55345000000000     
      3      5      1      4 -0.638953542912159     
      1      2      2      4  0.000000000000000E+000
      2      4      2      4  -1.01630000000000     
      1      5      2      4  -1.07430000000000     
      4      5      2      4 -0.368900000000000     
      3      6      2      4 -0.368900000000000     
      1      3      3      4 -0.737800000000000     
      3      4      3      4  -1.56890000000000     
      1      2      1      5  0.000000000000000E+000
      2      4      1      5  -1.07430000000000     
      1      5      1      5  -1.01630000000000     
      4      5      1      5 -0.368900000000000     
      3      6      1      5 -0.368900000000000     
      2      5      2      5  -1.55345000000000     
      1      6      2      5 -0.930371091285623     
      4      6      2      5 -0.638953542912159     
      2      3      3      5 -0.368900000000000     
      1      4      3      5 -0.638953542912159     
      3      5      3      5  -1.56890000000000     
      1      2      4      5   1.87369154878811     
      2      4      4      5 -0.368900000000000     
      1      5      4      5 -0.368900000000000     
      4      5      4      5  -2.35285000000000     
      3      6      4      5  0.783950000000000     
      2      5      1      6 -0.930371091285623     
      1      6      1      6 -0.479150000000000     
      4      6      1      6 -0.368900000000000     
      2      6      2      6  -2.09060000000000     
      5      6      2      6 -0.737800000000000     
      1      2      3      6  -1.87369154878811     
      2      4      3      6 -0.368900000000000     
      1      5      3      6 -0.368900000000000     
      4      5      3      6  0.783950000000000     
      3      6      3      6  -2.35285000000000     
      2      5      4      6 -0.638953542912159     
      1      6      4      6 -0.368900000000000     
      4      6      4      6  -1.56890000000000     
      2      6      5      6 -0.737800000000000     
      5      6      5      6  -1.56890000000000     
      1      7      1      7  -6.40240000000000     
      4      7      1      7  0.484438855790904     
      3      8      1      7 -0.839072711390378     
      2      9      1      7 -0.839072711390378     
      5      9      1      7   2.77087364616289     
      1     10      1      7  0.484438855790904     
      4     10      1      7  -3.19952929100516     
      3     11      1      7   2.77087364616289     
      2      7      2      7  -3.83275000000000     
      5      7      2      7  0.484438855790904     
      1      8      2      7  -2.56965000000000     
      4      8      2      7 -0.484438855790904     
      6      9      2      7   1.46280119385982     
      2     10      2      7 -0.484438855790904     
      5     10      2      7  0.136963451642766     
      1     11      2      7  0.484438855790904     
      4     11      2      7  -1.73672809714535     
      3     12      2      7   3.33649274264793     
      3      7      3      7  -5.38895000000000     
      1      9      3      7  -3.29835000000000     
      4      9      3      7 -0.368900000000000     
      3     10      3      7  0.368900000000000     
      1      7      4      7  0.484438855790904     
      4      7      4      7  -5.40641250000000     
      3      8      4      7  3.024593722717256E-002
      2      9      4      7  0.960617028512795     
      5      9      4      7   1.22028585257887     
      1     10      4      7  -3.85296250000000     
      4     10      4      7  -1.77796473094941     
      3     11      4      7   1.85923939549103     
      2      7      5      7  0.484438855790904     
      5      7      5      7  -5.42387500000000     
      1      8      5      7  0.484438855790904     
      4      8      5      7  3.492500000000165E-002
      6      9      5      7   2.48249709642411     
      2     10      5      7   1.10922500000000     
      5     10      5      7  -1.07343236547470     
      1     11      5      7  -4.40757500000000     
      4     11      5      7 -0.704532365474704     
      3     12      5      7   2.85139709642411     
      6      7      6      7  -5.44133750000000     
      2      8      6      7  0.839072711390378     
      5      8      6      7  3.024593722717261E-002
      6     10      6      7   2.48249709642411     
      2     11      6      7  0.960617028512795     
      5     11      6      7  -3.07952524806991     
      1     12      6      7  -4.96218750000000     
      4     12      6      7   2.85139709642411     
      2      7      1      8  -2.56965000000000     
      5      7      1      8  0.484438855790904     
      1      8      1      8  -3.83275000000000     
      4      8      1      8 -0.484438855790904     
      6      9      1      8   3.33649274264793     
      2     10      1      8 -0.484438855790904     
      5     10      1      8  -1.73672809714535     
      1     11      1      8  0.484438855790904     
      4     11      1      8  0.136963451642766     
      3     12      1      8   1.46280119385982     
      6      7      2      8  0.839072711390378     
      2      8      2      8  -6.40240000000000     
      5      8      2      8 -0.484438855790904     
      6     10      2      8   2.77087364616289     
      2     11      2      8 -0.484438855790904     
      5     11      2      8  -3.19952929100516     
      1     12      2      8  0.839072711390378     
      4     12      2      8   2.77087364616289     
      1      7      3      8 -0.839072711390378     
      4      7      3      8  3.024593722717261E-002
      3      8      3      8  -5.44133750000000     
      2      9      3      8  -4.96218750000000     
      5      9      3      8  -2.85139709642411     
      1     10      3      8  0.960617028512795     
      4     10      3      8   3.07952524806991     
      3     11      3      8  -2.48249709642411     
      2      7      4      8 -0.484438855790904     
      5      7      4      8  3.492500000000165E-002
      1      8      4      8 -0.484438855790904     
      4      8      4      8  -5.42387500000000     
      6      9      4      8  -2.85139709642411     
      2     10      4      8  -4.40757500000000     
      5     10      4      8  0.704532365474704     
      1     11      4      8   1.10922500000000     
      4     11      4      8   1.07343236547470     
      3     12      4      8  -2.48249709642411     
      6      7      5      8  3.024593722717256E-002
      2      8      5      8 -0.484438855790904     
      5      8      5      8  -5.40641250000000     
      6     10      5      8  -1.85923939549103     
      2     11      5      8  -3.85296250000000     
      5     11      5      8   1.77796473094941     
      1     12      5      8  0.960617028512795     
      4     12      5      8  -1.22028585257887     
      6      8      6      8  -5.38895000000000     
      6     11      6      8 -0.368900000000000     
      2     12      6      8  -3.29835000000000     
      5     12      6      8  0.368900000000000     
      7      8      7      8  -1.26310000000000     
      8     10      7      8  0.000000000000000E+000
      7     11      7      8  0.000000000000000E+000
     10     11      7      8   1.87369154878811     
      9     12      7      8  -1.87369154878811     
      3      7      1      9  -3.29835000000000     
      1      9      1      9  -5.38895000000000     
      4      9      1      9  0.368900000000000     
      3     10      1      9 -0.368900000000000     
      1      7      2      9 -0.839072711390378     
      4      7      2      9  0.960617028512795     
      3      8      2      9  -4.96218750000000     
      2      9      2      9  -5.44133750000000     
      5      9      2      9  -2.48249709642411     
      1     10      2      9  3.024593722717261E-002
      4     10      2      9   3.07952524806991     
      3     11      2      9  -2.85139709642411     
      3      9      3      9  -8.68730000000000     
      3      7      4      9 -0.368900000000000     
      1      9      4      9  0.368900000000000     
      4      9      4      9  -5.12810000000000     
      3     10      4      9  -3.55920000000000     
      1      7      5      9   2.77087364616289     
      4      7      5      9   1.22028585257887     
      3      8      5      9  -2.85139709642411     
      2      9      5      9  -2.48249709642411     
      5      9      5      9  -4.10042000000000     
      1     10      5      9   1.85923939549103     
      4     10      5      9  -1.18666264928159     
      3     11      5      9  -2.53152000000000     
      2      7      6      9   1.46280119385982     
      5      7      6      9   2.48249709642411     
      1      8      6      9   3.33649274264793     
      4      8      6      9  -2.85139709642411     
      6      9      6      9  -3.97855500000000     
      2     10      6      9  -2.48249709642411     
      5     10      6      9 -0.121864999999998     
      1     11      6      9   2.85139709642411     
      4     11      6      9 -0.905814999999998     
      3     12      6      9  -1.62570500000000     
      7      9      7      9  -2.09060000000000     
      9     10      7      9 -0.737800000000000     
      8      9      8      9 -0.479150000000000     
      7     10      8      9 -0.930371091285623     
      9     11      8      9 -0.368900000000000     
      1      7      1     10  0.484438855790904     
      4      7      1     10  -3.85296250000000     
      3      8      1     10  0.960617028512795     
      2      9      1     10  3.024593722717256E-002
      5      9      1     10   1.85923939549103     
      1     10      1     10  -5.40641250000000     
      4     10      1     10  -1.77796473094941     
      3     11      1     10   1.22028585257887     
      2      7      2     10 -0.484438855790904     
      5      7      2     10   1.10922500000000     
      1      8      2     10 -0.484438855790904     
      4      8      2     10  -4.40757500000000     
      6      9      2     10  -2.48249709642411     
      2     10      2     10  -5.42387500000000     
      5     10      2     10   1.07343236547470     
      1     11      2     10  3.492500000000165E-002
      4     11      2     10  0.704532365474704     
      3     12      2     10  -2.85139709642411     
      3      7      3     10  0.368900000000000     
      1      9      3     10 -0.368900000000000     
      4      9      3     10  -3.55920000000000     
      3     10      3     10  -5.12810000000000     
      1      7      4     10  -3.19952929100516     
      4      7      4     10  -1.77796473094941     
      3      8      4     10   3.07952524806991     
      2      9      4     10   3.07952524806991     
      5      9      4     10  -1.18666264928159     
      1     10      4     10  -1.77796473094941     
      4     10      4     10  -7.31706000000000     
      3     11      4     10  -1.18666264928159     
      2      7      5     10  0.136963451642766     
      5      7      5     10  -1.07343236547470     
      1      8      5     10  -1.73672809714535     
      4      8      5     10  0.704532365474704     
      6      9      5     10 -0.121864999999998     
      2     10      5     10   1.07343236547470     
      5     10      5     10  -5.34879500000000     
      1     11      5     10 -0.704532365474704     
      4     11      5     10  -2.99594500000000     
      3     12      5     10 -0.905814999999998     
      6      7      6     10   2.48249709642411     
      2      8      6     10   2.77087364616289     
      5      8      6     10  -1.85923939549103     
      6     10      6     10  -4.10042000000000     
      2     11      6     10  -1.22028585257887     
      5     11      6     10  -1.18666264928159     
      1     12      6     10   2.85139709642411     
      4     12      6     10  -2.53152000000000     
      8      9      7     10 -0.930371091285623     
      7     10      7     10  -1.55345000000000     
      9     11      7     10 -0.638953542912159     
      7      8      8     10  0.000000000000000E+000
      8     10      8     10  -1.01630000000000     
      7     11      8     10  -1.07430000000000     
     10     11      8     10 -0.368900000000000     
      9     12      8     10 -0.368900000000000     
      7      9      9     10 -0.737800000000000     
      9     10      9     10  -1.56890000000000     
      2      7      1     11  0.484438855790904     
      5      7      1     11  -4.40757500000000     
      1      8      1     11  0.484438855790904     
      4      8      1     11   1.10922500000000     
      6      9      1     11   2.85139709642411     
      2     10      1     11  3.492500000000165E-002
      5     10      1     11 -0.704532365474704     
      1     11      1     11  -5.42387500000000     
      4     11      1     11  -1.07343236547470     
      3     12      1     11   2.48249709642411     
      6      7      2     11  0.960617028512795     
      2      8      2     11 -0.484438855790904     
      5      8      2     11  -3.85296250000000     
      6     10      2     11  -1.22028585257887     
      2     11      2     11  -5.40641250000000     
      5     11      2     11   1.77796473094941     
      1     12      2     11  3.024593722717256E-002
      4     12      2     11  -1.85923939549103     
      1      7      3     11   2.77087364616289     
      4      7      3     11   1.85923939549103     
      3      8      3     11  -2.48249709642411     
      2      9      3     11  -2.85139709642411     
      5      9      3     11  -2.53152000000000     
      1     10      3     11   1.22028585257887     
      4     10      3     11  -1.18666264928159     
      3     11      3     11  -4.10042000000000     
      2      7      4     11  -1.73672809714535     
      5      7      4     11 -0.704532365474704     
      1      8      4     11  0.136963451642766     
      4      8      4     11   1.07343236547470     
      6      9      4     11 -0.905814999999998     
      2     10      4     11  0.704532365474704     
      5     10      4     11  -2.99594500000000     
      1     11      4     11  -1.07343236547470     
      4     11      4     11  -5.34879500000000     
      3     12      4     11 -0.121864999999998     
      6      7      5     11  -3.07952524806991     
      2      8      5     11  -3.19952929100516     
      5      8      5     11   1.77796473094941     
      6     10      5     11  -1.18666264928159     
      2     11      5     11   1.77796473094941     
      5     11      5     11  -7.31706000000000     
      1     12      5     11  -3.07952524806991     
      4     12      5     11  -1.18666264928159     
      6      8      6     11 -0.368900000000000     
      6     11      6     11  -5.12810000000000     
      2     12      6     11  0.368900000000000     
      5     12      6     11  -3.55920000000000     
      7      8      7     11  0.000000000000000E+000
      8     10      7     11  -1.07430000000000     
      7     11      7     11  -1.01630000000000     
     10     11      7     11 -0.368900000000000     
      9     12      7     11 -0.368900000000000     
      8     11      8     11  -1.55345000000000     
      7     12      8     11 -0.930371091285623     
     10     12      8     11 -0.638953542912159     
      8      9      9     11 -0.368900000000000     
      7     10      9     11 -0.638953542912159     
      9     11      9     11  -1.56890000000000     
      7      8     10     11   1.87369154878811     
      8     10     10     11 -0.368900000000000     
      7     11     10     11 -0.368900000000000     
     10     11     10     11  -2.35285000000000     
      9     12     10     11  0.783950000000000     
      6      7      1     12  -4.96218750000000     
      2      8      1     12  0.839072711390378     
      5      8      1     12  0.960617028512795     
      6     10      1     12   2.85139709642411     
      2     11      1     12  3.024593722717261E-002
      5     11      1     12  -3.07952524806991     
      1     12      1     12  -5.44133750000000     
      4     12      1     12   2.48249709642411     
      6      8      2     12  -3.29835000000000     
      6     11      2     12  0.368900000000000     
      2     12      2     12  -5.38895000000000     
      5     12      2     12 -0.368900000000000     
      2      7      3     12   3.33649274264793     
      5      7      3     12   2.85139709642411     
      1      8      3     12   1.46280119385982     
      4      8      3     12  -2.48249709642411     
      6      9      3     12  -1.62570500000000     
      2     10      3     12  -2.85139709642411     
      5     10      3     12 -0.905814999999998     
      1     11      3     12   2.48249709642411     
      4     11      3     12 -0.121864999999998     
      3     12      3     12  -3.97855500000000     
      6      7      4     12   2.85139709642411     
      2      8      4     12   2.77087364616289     
      5      8      4     12  -1.22028585257887     
      6     10      4     12  -2.53152000000000     
      2     11      4     12  -1.85923939549103     
      5     11      4     12  -1.18666264928159     
      1     12      4     12   2.48249709642411     
      4     12      4     12  -4.10042000000000     
      6      8      5     12  0.368900000000000     
      6     11      5     12  -3.55920000000000     
      2     12      5     12 -0.368900000000000     
      5     12      5     12  -5.12810000000000     
      6     12      6     12  -8.68730000000000     
      8     11      7     12 -0.930371091285623     
      7     12      7     12 -0.479150000000000     
     10     12      7     12 -0.368900000000000     
      8     12      8     12  -2.09060000000000     
     11     12      8     12 -0.737800000000000     
      7      8      9     12  -1.87369154878811     
      8     10      9     12 -0.368900000000000     
      7     11      9     12 -0.368900000000000     
     10     11      9     12  0.783950000000000     
      9     12      9     12  -2.35285000000000     
      8     11     10     12 -0.638953542912159     
      7     12     10     12 -0.368900000000000     
     10     12     10     12  -1.56890000000000     
      8     12     11     12 -0.737800000000000     
     11     12     11     12  -1.56890000000000     
