      1      1      1      1           2           0   4.45076435766937     
      1      1      1      1           0           0  -10.2351500000000     
      1      1      1      2           2           0  -1.67814542278076     
      1      1      2      1           2           0  -1.67814542278076     
      1      1      2      2           4           0  -7.46062457899548     
      1      1      2      2           2           0   5.30451963530050     
      1      2      1      1           2           0   1.67814542278076     
      1      2      1      2           2           0 -9.564605160433803E-002
      1      2      1      2           0           0  -15.3163394668998     
      1      2      2      1           4           0   11.0957885670997     
      1      2      2      1           2           0  -4.75229275263201     
      1      2      2      2           4           0   9.01690933829095     
      1      2      2      2           2           0   3.85888269062969     
      2      1      1      1           2           0   1.67814542278076     
      2      1      1      2           4           0   11.0957885670997     
      2      1      1      2           2           0  -4.75229275263201     
      2      1      2      1           2           0 -9.564605160433803E-002
      2      1      2      1           0           0  -15.3163394668998     
      2      1      2      2           4           0   9.01690933829095     
      2      1      2      2           2           0   3.85888269062969     
      2      2      1      1           4           0  -7.46062457899548     
      2      2      1      1           2           0   5.30451963530050     
      2      2      1      2           4           0  -9.01690933829095     
      2      2      1      2           2           0  -3.85888269062969     
      2      2      2      1           4           0  -9.01690933829095     
      2      2      2      1           2           0  -3.85888269062969     
      2      2      2      2           6           0   4.30121113515426     
      2      2      2      2           4           0  -7.68611472143924     
      2      2      2      2           2           0   8.74911690452671     
      2      2      2      2           0           0  -21.8943750000000     
      1      1      1      1           2           0   4.45076435766937     
      1      1      1      1           0           0  -10.2351500000000     
      1      1      1      2           2           0  -1.67814542278076     
      1      1      2      1           2           0  -1.67814542278076     
      1      1      2      2           4           0  -7.46062457899548     
      1      1      2      2           2           0   5.30451963530050     
      1      2      1      1           2           0   1.67814542278076     
      1      2      1      2           2           0 -9.564605160433803E-002
      1      2      1      2           0           0  -15.3163394668998     
      1      2      2      1           4           0   11.0957885670997     
      1      2      2      1           2           0  -4.75229275263201     
      1      2      2      2           4           0   9.01690933829095     
      1      2      2      2           2           0   3.85888269062969     
      2      1      1      1           2           0   1.67814542278076     
      2      1      1      2           4           0   11.0957885670997     
      2      1      1      2           2           0  -4.75229275263201     
      2      1      2      1           2           0 -9.564605160433803E-002
      2      1      2      1           0           0  -15.3163394668998     
      2      1      2      2           4           0   9.01690933829095     
      2      1      2      2           2           0   3.85888269062969     
      2      2      1      1           4           0  -7.46062457899548     
      2      2      1      1           2           0   5.30451963530050     
      2      2      1      2           4           0  -9.01690933829095     
      2      2      1      2           2           0  -3.85888269062969     
      2      2      2      1           4           0  -9.01690933829095     
      2      2      2      1           2           0  -3.85888269062969     
      2      2      2      2           6           0   4.30121113515426     
      2      2      2      2           4           0  -7.68611472143924     
      2      2      2      2           2           0   8.74911690452671     
      2      2      2      2           0           0  -21.8943750000000     
          60           6
   1   1   3   3   0   0   0   0-10.2352   1   1
   1   1   3   3   2   0   0   0  4.4508   1   1
   1   1   3   4   2   0   0   0 -1.6781   1   1
   1   1   4   3   2   0   0   0  1.6781   1   1
   1   1   4   4   0   0   0   0-15.3163   1   1
   1   1   4   4   2   0   0   0 -0.0956   1   1
   1   2   3   3   2   0   0   0 -1.6781   1   1
   1   2   3   4   2   0   0   0  5.3045   1   1
   1   2   3   4   4   0   0   0 -7.4606   1   1
   1   2   4   3   2   0   0   0 -4.7523   1   1
   1   2   4   3   4   0   0   0 11.0958   1   1
   1   2   4   4   2   0   0   0  3.8589   1   1
   1   2   4   4   4   0   0   0  9.0169   1   1
   2   1   3   3   2   0   0   0  1.6781   1   1
   2   1   3   4   2   0   0   0 -4.7523   1   1
   2   1   3   4   4   0   0   0 11.0958   1   1
   2   1   4   3   2   0   0   0  5.3045   1   1
   2   1   4   3   4   0   0   0 -7.4606   1   1
   2   1   4   4   2   0   0   0 -3.8589   1   1
   2   1   4   4   4   0   0   0 -9.0169   1   1
   2   2   3   3   0   0   0   0-15.3163   1   1
   2   2   3   3   2   0   0   0 -0.0956   1   1
   2   2   3   4   2   0   0   0  3.8589   1   1
   2   2   3   4   4   0   0   0  9.0169   1   1
   2   2   4   3   2   0   0   0 -3.8589   1   1
   2   2   4   3   4   0   0   0 -9.0169   1   1
   2   2   4   4   0   0   0   0-21.8944   1   1
   2   2   4   4   2   0   0   0  8.7491   1   1
   2   2   4   4   4   0   0   0 -7.6861   1   1
   2   2   4   4   6   0   0   0  4.3012   1   1
   3   3   1   1   0   0   0   0-10.2352   1   1
   3   3   1   1   2   0   0   0  4.4508   1   1
   3   3   1   2   2   0   0   0 -1.6781   1   1
   3   3   2   1   2   0   0   0  1.6781   1   1
   3   3   2   2   0   0   0   0-15.3163   1   1
   3   3   2   2   2   0   0   0 -0.0956   1   1
   3   4   1   1   2   0   0   0 -1.6781   1   1
   3   4   1   2   2   0   0   0  5.3045   1   1
   3   4   1   2   4   0   0   0 -7.4606   1   1
   3   4   2   1   2   0   0   0 -4.7523   1   1
   3   4   2   1   4   0   0   0 11.0958   1   1
   3   4   2   2   2   0   0   0  3.8589   1   1
   3   4   2   2   4   0   0   0  9.0169   1   1
   4   3   1   1   2   0   0   0  1.6781   1   1
   4   3   1   2   2   0   0   0 -4.7523   1   1
   4   3   1   2   4   0   0   0 11.0958   1   1
   4   3   2   1   2   0   0   0  5.3045   1   1
   4   3   2   1   4   0   0   0 -7.4606   1   1
   4   3   2   2   2   0   0   0 -3.8589   1   1
   4   3   2   2   4   0   0   0 -9.0169   1   1
   4   4   1   1   0   0   0   0-15.3163   1   1
   4   4   1   1   2   0   0   0 -0.0956   1   1
   4   4   1   2   2   0   0   0  3.8589   1   1
   4   4   1   2   4   0   0   0  9.0169   1   1
   4   4   2   1   2   0   0   0 -3.8589   1   1
   4   4   2   1   4   0   0   0 -9.0169   1   1
   4   4   2   2   0   0   0   0-21.8944   1   1
   4   4   2   2   2   0   0   0  8.7491   1   1
   4   4   2   2   4   0   0   0 -7.6861   1   1
   4   4   2   2   6   0   0   0  4.3012   1   1
