 ! Total Interaction
  20
   1   1   1   1     1     0  -8.6279
   1   2   1   1     1     0  -0.1827
   2   2   1   1     1     0   3.4199
   1   1   1   2     1     0  -0.1827
   1   2   1   2     1     0 -13.5786
   2   2   1   2     1     0  -6.5510
   1   1   2   2     1     0   3.4199
   1   2   2   2     1     0  -6.5510
   2   2   2   2     1     0  -9.3440
   1   2   1   2     2     0  -9.8007
   2   2   2   2     3     0  -9.8007
   1   1   1   1     0     1  -1.1214
   2   2   1   1     0     1  -3.9625
   1   1   2   2     0     1  -3.9625
   2   2   2   2     0     1  -3.9233
   1   2   1   2     1     1   0.8001
   1   2   1   2     2     1  -3.2253
   2   2   1   2     2     1   1.6012
   1   2   2   2     2     1   1.6012
   2   2   2   2     2     1  -2.0930
