      1      1      1      1           2           0   6.50081969350789     
      1      1      1      1           0           0  -13.5025500000000     
      1      1      1      2           2           0 -0.223760888003243     
      1      1      2      1           2           0 -0.223760888003243     
      1      1      2      2           4           0  -6.75998302857411     
      1      1      2      2           2           0   2.25636515958521     
      1      2      1      1           2           0  0.223760888003243     
      1      2      1      2           2           0  0.169451666228165     
      1      2      1      2           0           0  -18.2902891672142     
      1      2      2      1           4           0   13.8947866579351     
      1      2      2      1           2           0  -4.00499943170642     
      1      2      2      2           4           0   8.21424453269501     
      1      2      2      2           2           0   1.81911842854997     
      2      1      1      1           2           0  0.223760888003243     
      2      1      1      2           4           0   13.8947866579351     
      2      1      1      2           2           0  -4.00499943170642     
      2      1      2      1           2           0  0.169451666228165     
      2      1      2      1           0           0  -18.2902891672142     
      2      1      2      2           4           0   8.21424453269501     
      2      1      2      2           2           0   1.81911842854997     
      2      2      1      1           4           0  -6.75998302857411     
      2      2      1      1           2           0   2.25636515958521     
      2      2      1      2           4           0  -8.21424453269501     
      2      2      1      2           2           0  -1.81911842854997     
      2      2      2      1           4           0  -8.21424453269501     
      2      2      2      1           2           0  -1.81911842854997     
      2      2      2      2           6           0   8.44195745329246     
      2      2      2      2           4           0  -9.48745754309341     
      2      2      2      2           2           0   6.31758603857518     
      2      2      2      2           0           0  -27.7563000000000     
      1      1      1      1           2           0   6.50081969350789     
      1      1      1      1           0           0  -13.5025500000000     
      1      1      1      2           2           0 -0.223760888003243     
      1      1      2      1           2           0 -0.223760888003243     
      1      1      2      2           4           0  -6.75998302857411     
      1      1      2      2           2           0   2.25636515958521     
      1      2      1      1           2           0  0.223760888003243     
      1      2      1      2           2           0  0.169451666228165     
      1      2      1      2           0           0  -18.2902891672142     
      1      2      2      1           4           0   13.8947866579351     
      1      2      2      1           2           0  -4.00499943170642     
      1      2      2      2           4           0   8.21424453269501     
      1      2      2      2           2           0   1.81911842854997     
      2      1      1      1           2           0  0.223760888003243     
      2      1      1      2           4           0   13.8947866579351     
      2      1      1      2           2           0  -4.00499943170642     
      2      1      2      1           2           0  0.169451666228165     
      2      1      2      1           0           0  -18.2902891672142     
      2      1      2      2           4           0   8.21424453269501     
      2      1      2      2           2           0   1.81911842854997     
      2      2      1      1           4           0  -6.75998302857411     
      2      2      1      1           2           0   2.25636515958521     
      2      2      1      2           4           0  -8.21424453269501     
      2      2      1      2           2           0  -1.81911842854997     
      2      2      2      1           4           0  -8.21424453269501     
      2      2      2      1           2           0  -1.81911842854997     
      2      2      2      2           6           0   8.44195745329246     
      2      2      2      2           4           0  -9.48745754309341     
      2      2      2      2           2           0   6.31758603857518     
      2      2      2      2           0           0  -27.7563000000000     
          60           6
   1   1   3   3   0   0   0   0-13.5026   1   1
   1   1   3   3   2   0   0   0  6.5008   1   1
   1   1   3   4   2   0   0   0 -0.2238   1   1
   1   1   4   3   2   0   0   0  0.2238   1   1
   1   1   4   4   0   0   0   0-18.2903   1   1
   1   1   4   4   2   0   0   0  0.1695   1   1
   1   2   3   3   2   0   0   0 -0.2238   1   1
   1   2   3   4   2   0   0   0  2.2564   1   1
   1   2   3   4   4   0   0   0 -6.7600   1   1
   1   2   4   3   2   0   0   0 -4.0050   1   1
   1   2   4   3   4   0   0   0 13.8948   1   1
   1   2   4   4   2   0   0   0  1.8191   1   1
   1   2   4   4   4   0   0   0  8.2142   1   1
   2   1   3   3   2   0   0   0  0.2238   1   1
   2   1   3   4   2   0   0   0 -4.0050   1   1
   2   1   3   4   4   0   0   0 13.8948   1   1
   2   1   4   3   2   0   0   0  2.2564   1   1
   2   1   4   3   4   0   0   0 -6.7600   1   1
   2   1   4   4   2   0   0   0 -1.8191   1   1
   2   1   4   4   4   0   0   0 -8.2142   1   1
   2   2   3   3   0   0   0   0-18.2903   1   1
   2   2   3   3   2   0   0   0  0.1695   1   1
   2   2   3   4   2   0   0   0  1.8191   1   1
   2   2   3   4   4   0   0   0  8.2142   1   1
   2   2   4   3   2   0   0   0 -1.8191   1   1
   2   2   4   3   4   0   0   0 -8.2142   1   1
   2   2   4   4   0   0   0   0-27.7563   1   1
   2   2   4   4   2   0   0   0  6.3176   1   1
   2   2   4   4   4   0   0   0 -9.4875   1   1
   2   2   4   4   6   0   0   0  8.4420   1   1
   3   3   1   1   0   0   0   0-13.5026   1   1
   3   3   1   1   2   0   0   0  6.5008   1   1
   3   3   1   2   2   0   0   0 -0.2238   1   1
   3   3   2   1   2   0   0   0  0.2238   1   1
   3   3   2   2   0   0   0   0-18.2903   1   1
   3   3   2   2   2   0   0   0  0.1695   1   1
   3   4   1   1   2   0   0   0 -0.2238   1   1
   3   4   1   2   2   0   0   0  2.2564   1   1
   3   4   1   2   4   0   0   0 -6.7600   1   1
   3   4   2   1   2   0   0   0 -4.0050   1   1
   3   4   2   1   4   0   0   0 13.8948   1   1
   3   4   2   2   2   0   0   0  1.8191   1   1
   3   4   2   2   4   0   0   0  8.2142   1   1
   4   3   1   1   2   0   0   0  0.2238   1   1
   4   3   1   2   2   0   0   0 -4.0050   1   1
   4   3   1   2   4   0   0   0 13.8948   1   1
   4   3   2   1   2   0   0   0  2.2564   1   1
   4   3   2   1   4   0   0   0 -6.7600   1   1
   4   3   2   2   2   0   0   0 -1.8191   1   1
   4   3   2   2   4   0   0   0 -8.2142   1   1
   4   4   1   1   0   0   0   0-18.2903   1   1
   4   4   1   1   2   0   0   0  0.1695   1   1
   4   4   1   2   2   0   0   0  1.8191   1   1
   4   4   1   2   4   0   0   0  8.2142   1   1
   4   4   2   1   2   0   0   0 -1.8191   1   1
   4   4   2   1   4   0   0   0 -8.2142   1   1
   4   4   2   2   0   0   0   0-27.7563   1   1
   4   4   2   2   2   0   0   0  6.3176   1   1
   4   4   2   2   4   0   0   0 -9.4875   1   1
   4   4   2   2   6   0   0   0  8.4420   1   1
