      1      1      1      1           2           0   6.31592326979991     
      1      1      1      1           0           0  -13.3109000000000     
      1      1      1      2           2           0  -2.09235413828539     
      1      1      2      1           2           0  -2.09235413828539     
      1      1      2      2           4           0  -9.03957367485527     
      1      1      2      2           2           0   5.90034799370880     
      1      2      1      1           2           0   2.09235413828539     
      1      2      1      2           2           0  0.573876309626038     
      1      2      1      2           0           0  -19.3601240494799     
      1      2      2      1           4           0   13.9762633848652     
      1      2      2      1           2           0  -6.07512490627764     
      1      2      2      2           4           0   10.3222317060916     
      1      2      2      2           2           0   4.35489873484536     
      2      1      1      1           2           0   2.09235413828539     
      2      1      1      2           4           0   13.9762633848652     
      2      1      1      2           2           0  -6.07512490627764     
      2      1      2      1           2           0  0.573876309626038     
      2      1      2      1           0           0  -19.3601240494799     
      2      1      2      2           4           0   10.3222317060916     
      2      1      2      2           2           0   4.35489873484536     
      2      2      1      1           4           0  -9.03957367485528     
      2      2      1      1           2           0   5.90034799370881     
      2      2      1      2           4           0  -10.3222317060916     
      2      2      1      2           2           0  -4.35489873484536     
      2      2      2      1           4           0  -10.3222317060916     
      2      2      2      1           2           0  -4.35489873484536     
      2      2      2      2           6           0   5.84111777073319     
      2      2      2      2           4           0  -9.47521507091660     
      2      2      2      2           2           0   11.2218445989363     
      2      2      2      2           0           0  -28.4397250000000     
      1      1      1      1           2           0   6.31592326979991     
      1      1      1      1           0           0  -13.3109000000000     
      1      1      1      2           2           0  -2.09235413828539     
      1      1      2      1           2           0  -2.09235413828539     
      1      1      2      2           4           0  -9.03957367485527     
      1      1      2      2           2           0   5.90034799370880     
      1      2      1      1           2           0   2.09235413828539     
      1      2      1      2           2           0  0.573876309626038     
      1      2      1      2           0           0  -19.3601240494799     
      1      2      2      1           4           0   13.9762633848652     
      1      2      2      1           2           0  -6.07512490627764     
      1      2      2      2           4           0   10.3222317060916     
      1      2      2      2           2           0   4.35489873484536     
      2      1      1      1           2           0   2.09235413828539     
      2      1      1      2           4           0   13.9762633848652     
      2      1      1      2           2           0  -6.07512490627764     
      2      1      2      1           2           0  0.573876309626038     
      2      1      2      1           0           0  -19.3601240494799     
      2      1      2      2           4           0   10.3222317060916     
      2      1      2      2           2           0   4.35489873484536     
      2      2      1      1           4           0  -9.03957367485528     
      2      2      1      1           2           0   5.90034799370881     
      2      2      1      2           4           0  -10.3222317060916     
      2      2      1      2           2           0  -4.35489873484536     
      2      2      2      1           4           0  -10.3222317060916     
      2      2      2      1           2           0  -4.35489873484536     
      2      2      2      2           6           0   5.84111777073319     
      2      2      2      2           4           0  -9.47521507091660     
      2      2      2      2           2           0   11.2218445989363     
      2      2      2      2           0           0  -28.4397250000000     
          60           6
   1   1   3   3   0   0   0   0-13.3109   1   1
   1   1   3   3   2   0   0   0  6.3159   1   1
   1   1   3   4   2   0   0   0 -2.0924   1   1
   1   1   4   3   2   0   0   0  2.0924   1   1
   1   1   4   4   0   0   0   0-19.3601   1   1
   1   1   4   4   2   0   0   0  0.5739   1   1
   1   2   3   3   2   0   0   0 -2.0924   1   1
   1   2   3   4   2   0   0   0  5.9003   1   1
   1   2   3   4   4   0   0   0 -9.0396   1   1
   1   2   4   3   2   0   0   0 -6.0751   1   1
   1   2   4   3   4   0   0   0 13.9763   1   1
   1   2   4   4   2   0   0   0  4.3549   1   1
   1   2   4   4   4   0   0   0 10.3222   1   1
   2   1   3   3   2   0   0   0  2.0924   1   1
   2   1   3   4   2   0   0   0 -6.0751   1   1
   2   1   3   4   4   0   0   0 13.9763   1   1
   2   1   4   3   2   0   0   0  5.9003   1   1
   2   1   4   3   4   0   0   0 -9.0396   1   1
   2   1   4   4   2   0   0   0 -4.3549   1   1
   2   1   4   4   4   0   0   0-10.3222   1   1
   2   2   3   3   0   0   0   0-19.3601   1   1
   2   2   3   3   2   0   0   0  0.5739   1   1
   2   2   3   4   2   0   0   0  4.3549   1   1
   2   2   3   4   4   0   0   0 10.3222   1   1
   2   2   4   3   2   0   0   0 -4.3549   1   1
   2   2   4   3   4   0   0   0-10.3222   1   1
   2   2   4   4   0   0   0   0-28.4397   1   1
   2   2   4   4   2   0   0   0 11.2218   1   1
   2   2   4   4   4   0   0   0 -9.4752   1   1
   2   2   4   4   6   0   0   0  5.8411   1   1
   3   3   1   1   0   0   0   0-13.3109   1   1
   3   3   1   1   2   0   0   0  6.3159   1   1
   3   3   1   2   2   0   0   0 -2.0924   1   1
   3   3   2   1   2   0   0   0  2.0924   1   1
   3   3   2   2   0   0   0   0-19.3601   1   1
   3   3   2   2   2   0   0   0  0.5739   1   1
   3   4   1   1   2   0   0   0 -2.0924   1   1
   3   4   1   2   2   0   0   0  5.9003   1   1
   3   4   1   2   4   0   0   0 -9.0396   1   1
   3   4   2   1   2   0   0   0 -6.0751   1   1
   3   4   2   1   4   0   0   0 13.9763   1   1
   3   4   2   2   2   0   0   0  4.3549   1   1
   3   4   2   2   4   0   0   0 10.3222   1   1
   4   3   1   1   2   0   0   0  2.0924   1   1
   4   3   1   2   2   0   0   0 -6.0751   1   1
   4   3   1   2   4   0   0   0 13.9763   1   1
   4   3   2   1   2   0   0   0  5.9003   1   1
   4   3   2   1   4   0   0   0 -9.0396   1   1
   4   3   2   2   2   0   0   0 -4.3549   1   1
   4   3   2   2   4   0   0   0-10.3222   1   1
   4   4   1   1   0   0   0   0-19.3601   1   1
   4   4   1   1   2   0   0   0  0.5739   1   1
   4   4   1   2   2   0   0   0  4.3549   1   1
   4   4   1   2   4   0   0   0 10.3222   1   1
   4   4   2   1   2   0   0   0 -4.3549   1   1
   4   4   2   1   4   0   0   0-10.3222   1   1
   4   4   2   2   0   0   0   0-28.4397   1   1
   4   4   2   2   2   0   0   0 11.2218   1   1
   4   4   2   2   4   0   0   0 -9.4752   1   1
   4   4   2   2   6   0   0   0  5.8411   1   1
