 ! Total Interaction
  20
   1   1   1   1     1     0  -8.4787
   1   2   1   1     1     0  -1.7084
   2   2   1   1     1     0   5.8891
   1   1   1   2     1     0  -1.7084
   1   2   1   2     1     0 -13.5190
   2   2   1   2     1     0  -9.0768
   1   1   2   2     1     0   5.8891
   1   2   2   2     1     0  -9.0768
   2   2   2   2     1     0  -6.9240
   1   2   1   2     2     0 -11.1952
   2   2   2   2     3     0 -11.1952
   1   1   1   1     0     1  -1.1857
   2   2   1   1     0     1  -3.5332
   1   1   2   2     0     1  -3.5332
   2   2   2   2     0     1  -3.6840
   1   2   1   2     1     1   0.3532
   1   2   1   2     2     1  -2.8088
   2   2   1   2     2     1   0.8789
   1   2   2   2     2     1   0.8789
   2   2   2   2     2     1  -2.1873
