      1      2      1      2  -1.18570000000000     
      2      4      1      2  0.000000000000000E+000
      1      5      1      2  0.000000000000000E+000
      4      5      1      2   2.49834967928831     
      3      6      1      2  -2.49834967928831     
      1      3      1      3  -2.80880000000000     
      3      4      1      3 -0.878900000000000     
      2      3      2      3 -0.437300000000000     
      1      4      2      3  -1.36918616338320     
      3      5      2      3 -0.439450000000000     
      2      3      1      4  -1.36918616338320     
      1      4      1      4  -2.01830000000000     
      3      5      1      4 -0.761149727386143     
      1      2      2      4  0.000000000000000E+000
      2      4      2      4  -1.22780000000000     
      1      5      2      4  -1.58100000000000     
      4      5      2      4 -0.439450000000000     
      3      6      2      4 -0.439450000000000     
      1      3      3      4 -0.878900000000000     
      3      4      3      4  -2.18730000000000     
      1      2      1      5  0.000000000000000E+000
      2      4      1      5  -1.58100000000000     
      1      5      1      5  -1.22780000000000     
      4      5      1      5 -0.439450000000000     
      3      6      1      5 -0.439450000000000     
      2      5      2      5  -2.01830000000000     
      1      6      2      5  -1.36918616338320     
      4      6      2      5 -0.761149727386143     
      2      3      3      5 -0.439450000000000     
      1      4      3      5 -0.761149727386143     
      3      5      3      5  -2.18730000000000     
      1      2      4      5   2.49834967928831     
      2      4      4      5 -0.439450000000000     
      1      5      4      5 -0.439450000000000     
      4      5      4      5  -2.93565000000000     
      3      6      4      5  0.748350000000000     
      2      5      1      6  -1.36918616338320     
      1      6      1      6 -0.437300000000000     
      4      6      1      6 -0.439450000000000     
      2      6      2      6  -2.80880000000000     
      5      6      2      6 -0.878900000000000     
      1      2      3      6  -2.49834967928831     
      2      4      3      6 -0.439450000000000     
      1      5      3      6 -0.439450000000000     
      4      5      3      6  0.748350000000000     
      3      6      3      6  -2.93565000000000     
      2      5      4      6 -0.761149727386143     
      1      6      4      6 -0.439450000000000     
      4      6      4      6  -2.18730000000000     
      2      6      5      6 -0.878900000000000     
      5      6      5      6  -2.18730000000000     
      1      7      1      7  -8.47870000000000     
      4      7      1      7  0.604010612489549     
      3      8      1      7  -1.04617706914270     
      2      9      1      7  -1.04617706914270     
      5      9      1      7   3.22559291340367     
      1     10      1      7  0.604010612489549     
      4     10      1      7  -3.72459387369952     
      3     11      1      7   3.22559291340367     
      2      7      2      7  -4.83220000000000     
      5      7      2      7  0.604010612489549     
      1      8      2      7  -3.64650000000000     
      4      8      2      7 -0.604010612489549     
      6      9      2      7   1.54427056563049     
      2     10      2      7 -0.604010612489549     
      5     10      2      7  0.318026371219275     
      1     11      2      7  0.604010612489549     
      4     11      2      7  -2.18032330806904     
      3     12      2      7   4.04262024491880     
      3      7      3      7  -7.00200000000000     
      1      9      3      7  -4.19320000000000     
      4      9      3      7 -0.439450000000000     
      3     10      3      7  0.439450000000000     
      1      7      4      7  0.604010612489549     
      4      7      4      7  -6.89722500000000     
      3      8      4      7 -0.181475623363029     
      2      9      4      7   1.18771054002017     
      5      9      4      7   1.37713989814970     
      1     10      4      7  -4.87892500000000     
      4     10      4      7  -2.02963418181701     
      3     11      4      7   2.13828962553585     
      2      7      5      7  0.604010612489549     
      5      7      5      7  -6.79245000000000     
      1      8      5      7  0.604010612489549     
      4      8      5      7 -0.209549999999998     
      6      9      5      7   2.82472627272552     
      2     10      5      7   1.37145000000000     
      5     10      5      7  -1.23454209090851     
      1     11      5      7  -5.56465000000000     
      4     11      5      7 -0.795092090908505     
      3     12      5      7   3.26417627272552     
      6      7      6      7  -6.68767500000000     
      2      8      6      7   1.04617706914270     
      5      8      6      7 -0.181475623363028     
      6     10      6      7   2.82472627272552     
      2     11      6      7   1.18771054002017     
      5     11      6      7  -3.51542952368555     
      1     12      6      7  -6.25037500000000     
      4     12      6      7   3.26417627272552     
      2      7      1      8  -3.64650000000000     
      5      7      1      8  0.604010612489549     
      1      8      1      8  -4.83220000000000     
      4      8      1      8 -0.604010612489549     
      6      9      1      8   4.04262024491880     
      2     10      1      8 -0.604010612489549     
      5     10      1      8  -2.18032330806904     
      1     11      1      8  0.604010612489549     
      4     11      1      8  0.318026371219275     
      3     12      1      8   1.54427056563049     
      6      7      2      8   1.04617706914270     
      2      8      2      8  -8.47870000000000     
      5      8      2      8 -0.604010612489549     
      6     10      2      8   3.22559291340367     
      2     11      2      8 -0.604010612489549     
      5     11      2      8  -3.72459387369952     
      1     12      2      8   1.04617706914270     
      4     12      2      8   3.22559291340367     
      1      7      3      8  -1.04617706914270     
      4      7      3      8 -0.181475623363028     
      3      8      3      8  -6.68767500000000     
      2      9      3      8  -6.25037500000000     
      5      9      3      8  -3.26417627272552     
      1     10      3      8   1.18771054002017     
      4     10      3      8   3.51542952368555     
      3     11      3      8  -2.82472627272552     
      2      7      4      8 -0.604010612489549     
      5      7      4      8 -0.209549999999998     
      1      8      4      8 -0.604010612489549     
      4      8      4      8  -6.79245000000000     
      6      9      4      8  -3.26417627272552     
      2     10      4      8  -5.56465000000000     
      5     10      4      8  0.795092090908505     
      1     11      4      8   1.37145000000000     
      4     11      4      8   1.23454209090851     
      3     12      4      8  -2.82472627272552     
      6      7      5      8 -0.181475623363029     
      2      8      5      8 -0.604010612489549     
      5      8      5      8  -6.89722500000000     
      6     10      5      8  -2.13828962553585     
      2     11      5      8  -4.87892500000000     
      5     11      5      8   2.02963418181701     
      1     12      5      8   1.18771054002017     
      4     12      5      8  -1.37713989814970     
      6      8      6      8  -7.00200000000000     
      6     11      6      8 -0.439450000000000     
      2     12      6      8  -4.19320000000000     
      5     12      6      8  0.439450000000000     
      7      8      7      8  -1.18570000000000     
      8     10      7      8  0.000000000000000E+000
      7     11      7      8  0.000000000000000E+000
     10     11      7      8   2.49834967928831     
      9     12      7      8  -2.49834967928831     
      3      7      1      9  -4.19320000000000     
      1      9      1      9  -7.00200000000000     
      4      9      1      9  0.439450000000000     
      3     10      1      9 -0.439450000000000     
      1      7      2      9  -1.04617706914270     
      4      7      2      9   1.18771054002017     
      3      8      2      9  -6.25037500000000     
      2      9      2      9  -6.68767500000000     
      5      9      2      9  -2.82472627272552     
      1     10      2      9 -0.181475623363028     
      4     10      2      9   3.51542952368555     
      3     11      2      9  -3.26417627272552     
      3      9      3      9  -11.1952000000000     
      3      7      4      9 -0.439450000000000     
      1      9      4      9  0.439450000000000     
      4      9      4      9  -6.69125000000000     
      3     10      4      9  -4.50394999999999     
      1      7      5      9   3.22559291340367     
      4      7      5      9   1.37713989814970     
      3      8      5      9  -3.26417627272552     
      2      9      5      9  -2.82472627272552     
      5      9      5      9  -5.40989000000000     
      1     10      5      9   2.13828962553585     
      4     10      5      9  -1.47958708185763     
      3     11      5      9  -3.22259000000000     
      2      7      6      9   1.54427056563049     
      5      7      6      9   2.82472627272552     
      1      8      6      9   4.04262024491880     
      4      8      6      9  -3.26417627272552     
      6      9      6      9  -5.14338500000000     
      2     10      6      9  -2.82472627272552     
      5     10      6      9 -0.266504999999998     
      1     11      6      9   3.26417627272552     
      4     11      6      9  -1.01485500000000     
      3     12      6      9  -2.20773500000000     
      7      9      7      9  -2.80880000000000     
      9     10      7      9 -0.878900000000000     
      8      9      8      9 -0.437300000000000     
      7     10      8      9  -1.36918616338320     
      9     11      8      9 -0.439450000000000     
      1      7      1     10  0.604010612489549     
      4      7      1     10  -4.87892500000000     
      3      8      1     10   1.18771054002017     
      2      9      1     10 -0.181475623363029     
      5      9      1     10   2.13828962553585     
      1     10      1     10  -6.89722500000000     
      4     10      1     10  -2.02963418181701     
      3     11      1     10   1.37713989814970     
      2      7      2     10 -0.604010612489549     
      5      7      2     10   1.37145000000000     
      1      8      2     10 -0.604010612489549     
      4      8      2     10  -5.56465000000000     
      6      9      2     10  -2.82472627272552     
      2     10      2     10  -6.79245000000000     
      5     10      2     10   1.23454209090851     
      1     11      2     10 -0.209549999999998     
      4     11      2     10  0.795092090908505     
      3     12      2     10  -3.26417627272552     
      3      7      3     10  0.439450000000000     
      1      9      3     10 -0.439450000000000     
      4      9      3     10  -4.50394999999999     
      3     10      3     10  -6.69124999999999     
      1      7      4     10  -3.72459387369952     
      4      7      4     10  -2.02963418181701     
      3      8      4     10   3.51542952368555     
      2      9      4     10   3.51542952368555     
      5      9      4     10  -1.47958708185763     
      1     10      4     10  -2.02963418181701     
      4     10      4     10  -9.48671999999999     
      3     11      4     10  -1.47958708185763     
      2      7      5     10  0.318026371219275     
      5      7      5     10  -1.23454209090851     
      1      8      5     10  -2.18032330806904     
      4      8      5     10  0.795092090908505     
      6      9      5     10 -0.266504999999998     
      2     10      5     10   1.23454209090851     
      5     10      5     10  -6.85186500000000     
      1     11      5     10 -0.795092090908505     
      4     11      5     10  -3.91621500000000     
      3     12      5     10  -1.01485500000000     
      6      7      6     10   2.82472627272552     
      2      8      6     10   3.22559291340367     
      5      8      6     10  -2.13828962553585     
      6     10      6     10  -5.40989000000000     
      2     11      6     10  -1.37713989814970     
      5     11      6     10  -1.47958708185763     
      1     12      6     10   3.26417627272552     
      4     12      6     10  -3.22259000000000     
      8      9      7     10  -1.36918616338320     
      7     10      7     10  -2.01830000000000     
      9     11      7     10 -0.761149727386143     
      7      8      8     10  0.000000000000000E+000
      8     10      8     10  -1.22780000000000     
      7     11      8     10  -1.58100000000000     
     10     11      8     10 -0.439450000000000     
      9     12      8     10 -0.439450000000000     
      7      9      9     10 -0.878900000000000     
      9     10      9     10  -2.18730000000000     
      2      7      1     11  0.604010612489549     
      5      7      1     11  -5.56465000000000     
      1      8      1     11  0.604010612489549     
      4      8      1     11   1.37145000000000     
      6      9      1     11   3.26417627272552     
      2     10      1     11 -0.209549999999998     
      5     10      1     11 -0.795092090908505     
      1     11      1     11  -6.79245000000000     
      4     11      1     11  -1.23454209090851     
      3     12      1     11   2.82472627272552     
      6      7      2     11   1.18771054002017     
      2      8      2     11 -0.604010612489549     
      5      8      2     11  -4.87892500000000     
      6     10      2     11  -1.37713989814970     
      2     11      2     11  -6.89722500000000     
      5     11      2     11   2.02963418181701     
      1     12      2     11 -0.181475623363029     
      4     12      2     11  -2.13828962553585     
      1      7      3     11   3.22559291340367     
      4      7      3     11   2.13828962553585     
      3      8      3     11  -2.82472627272552     
      2      9      3     11  -3.26417627272552     
      5      9      3     11  -3.22259000000000     
      1     10      3     11   1.37713989814970     
      4     10      3     11  -1.47958708185763     
      3     11      3     11  -5.40989000000000     
      2      7      4     11  -2.18032330806904     
      5      7      4     11 -0.795092090908505     
      1      8      4     11  0.318026371219275     
      4      8      4     11   1.23454209090851     
      6      9      4     11  -1.01485500000000     
      2     10      4     11  0.795092090908505     
      5     10      4     11  -3.91621500000000     
      1     11      4     11  -1.23454209090851     
      4     11      4     11  -6.85186500000000     
      3     12      4     11 -0.266504999999998     
      6      7      5     11  -3.51542952368555     
      2      8      5     11  -3.72459387369952     
      5      8      5     11   2.02963418181701     
      6     10      5     11  -1.47958708185763     
      2     11      5     11   2.02963418181701     
      5     11      5     11  -9.48671999999999     
      1     12      5     11  -3.51542952368555     
      4     12      5     11  -1.47958708185763     
      6      8      6     11 -0.439450000000000     
      6     11      6     11  -6.69125000000000     
      2     12      6     11  0.439450000000000     
      5     12      6     11  -4.50394999999999     
      7      8      7     11  0.000000000000000E+000
      8     10      7     11  -1.58100000000000     
      7     11      7     11  -1.22780000000000     
     10     11      7     11 -0.439450000000000     
      9     12      7     11 -0.439450000000000     
      8     11      8     11  -2.01830000000000     
      7     12      8     11  -1.36918616338320     
     10     12      8     11 -0.761149727386143     
      8      9      9     11 -0.439450000000000     
      7     10      9     11 -0.761149727386143     
      9     11      9     11  -2.18730000000000     
      7      8     10     11   2.49834967928831     
      8     10     10     11 -0.439450000000000     
      7     11     10     11 -0.439450000000000     
     10     11     10     11  -2.93565000000000     
      9     12     10     11  0.748350000000000     
      6      7      1     12  -6.25037500000000     
      2      8      1     12   1.04617706914270     
      5      8      1     12   1.18771054002017     
      6     10      1     12   3.26417627272552     
      2     11      1     12 -0.181475623363028     
      5     11      1     12  -3.51542952368555     
      1     12      1     12  -6.68767500000000     
      4     12      1     12   2.82472627272552     
      6      8      2     12  -4.19320000000000     
      6     11      2     12  0.439450000000000     
      2     12      2     12  -7.00200000000000     
      5     12      2     12 -0.439450000000000     
      2      7      3     12   4.04262024491880     
      5      7      3     12   3.26417627272552     
      1      8      3     12   1.54427056563049     
      4      8      3     12  -2.82472627272552     
      6      9      3     12  -2.20773500000000     
      2     10      3     12  -3.26417627272552     
      5     10      3     12  -1.01485500000000     
      1     11      3     12   2.82472627272552     
      4     11      3     12 -0.266504999999998     
      3     12      3     12  -5.14338500000000     
      6      7      4     12   3.26417627272552     
      2      8      4     12   3.22559291340367     
      5      8      4     12  -1.37713989814970     
      6     10      4     12  -3.22259000000000     
      2     11      4     12  -2.13828962553585     
      5     11      4     12  -1.47958708185763     
      1     12      4     12   2.82472627272552     
      4     12      4     12  -5.40989000000000     
      6      8      5     12  0.439450000000000     
      6     11      5     12  -4.50394999999999     
      2     12      5     12 -0.439450000000000     
      5     12      5     12  -6.69124999999999     
      6     12      6     12  -11.1952000000000     
      8     11      7     12  -1.36918616338320     
      7     12      7     12 -0.437300000000000     
     10     12      7     12 -0.439450000000000     
      8     12      8     12  -2.80880000000000     
     11     12      8     12 -0.878900000000000     
      7      8      9     12  -2.49834967928831     
      8     10      9     12 -0.439450000000000     
      7     11      9     12 -0.439450000000000     
     10     11      9     12  0.748350000000000     
      9     12      9     12  -2.93565000000000     
      8     11     10     12 -0.761149727386143     
      7     12     10     12 -0.439450000000000     
     10     12     10     12  -2.18730000000000     
      8     12     11     12 -0.878900000000000     
     11     12     11     12  -2.18730000000000     
