 ! Total Interaction
  20
   1   1   1   1     1     0  -6.3675
   1   2   1   1     1     0  -1.3584
   2   2   1   1     1     0   5.0405
   1   1   1   2     1     0  -1.3584
   1   2   1   2     1     0 -10.9412
   2   2   1   2     1     0  -7.9331
   1   1   2   2     1     0   5.0405
   1   2   2   2     1     0  -7.9331
   2   2   2   2     1     0  -5.2446
   1   2   1   2     2     0  -8.6406
   2   2   2   2     3     0  -8.6406
   1   1   1   1     0     1  -1.2615
   2   2   1   1     0     1  -2.6269
   1   1   2   2     0     1  -2.6269
   2   2   2   2     0     1  -3.1190
   1   2   1   2     1     1   0.0528
   1   2   1   2     2     1  -2.0713
   2   2   1   2     2     1   0.7337
   1   2   2   2     2     1   0.7337
   2   2   2   2     2     1  -1.5526
