      1      2      1      2  -1.25280000000000     
      2      4      1      2  0.000000000000000E+000
      1      5      1      2  0.000000000000000E+000
      4      5      1      2   2.51701729831164     
      3      6      1      2  -2.51701729831164     
      1      3      1      3  -2.88560000000000     
      3      4      1      3  -1.45870000000000     
      2      3      2      3 -0.295025000000000     
      1      4      2      3  -1.49566917360592     
      3      5      2      3 -0.729350000000000     
      2      3      1      4  -1.49566917360592     
      1      4      1      4  -2.02207500000000     
      3      5      1      4  -1.26327125650036     
      1      2      2      4  0.000000000000000E+000
      2      4      2      4  -1.15855000000000     
      1      5      2      4  -1.72705000000000     
      4      5      2      4 -0.729350000000000     
      3      6      2      4 -0.729350000000000     
      1      3      3      4  -1.45870000000000     
      3      4      3      4  -1.85420000000000     
      1      2      1      5  0.000000000000000E+000
      2      4      1      5  -1.72705000000000     
      1      5      1      5  -1.15855000000000     
      4      5      1      5 -0.729350000000000     
      3      6      1      5 -0.729350000000000     
      2      5      2      5  -2.02207500000000     
      1      6      2      5  -1.49566917360592     
      4      6      2      5  -1.26327125650036     
      2      3      3      5 -0.729350000000000     
      1      4      3      5  -1.26327125650036     
      3      5      3      5  -1.85420000000000     
      1      2      4      5   2.51701729831164     
      2      4      4      5 -0.729350000000000     
      1      5      4      5 -0.729350000000000     
      4      5      4      5  -2.81200000000000     
      3      6      4      5  0.957800000000000     
      2      5      1      6  -1.49566917360592     
      1      6      1      6 -0.295025000000000     
      4      6      1      6 -0.729350000000000     
      2      6      2      6  -2.88560000000000     
      5      6      2      6  -1.45870000000000     
      1      2      3      6  -2.51701729831164     
      2      4      3      6 -0.729350000000000     
      1      5      3      6 -0.729350000000000     
      4      5      3      6  0.957800000000000     
      3      6      3      6  -2.81200000000000     
      2      5      4      6  -1.26327125650036     
      1      6      4      6 -0.729350000000000     
      4      6      4      6  -1.85420000000000     
      2      6      5      6  -1.45870000000000     
      5      6      5      6  -1.85420000000000     
      1      7      1      7  -7.84180000000000     
      4      7      1      7  0.109354063710500     
      3      8      1      7 -0.189406794360709     
      2      9      1      7 -0.189406794360709     
      5      9      1      7   2.02405393900459     
      1     10      1      7  0.109354063710500     
      4     10      1      7  -2.33717617307725     
      3     11      1      7   2.02405393900459     
      2      7      2      7  -4.54730000000000     
      5      7      2      7  0.109354063710500     
      1      8      2      7  -3.29450000000000     
      4      8      2      7 -0.109354063710500     
      6      9      2      7  0.494373480652117     
      2     10      2      7 -0.109354063710500     
      5     10      2      7  0.674214605886506     
      1     11      2      7  0.109354063710500     
      4     11      2      7  -1.84280269242513     
      3     12      2      7   3.01139077896375     
      3      7      3      7  -6.02530000000000     
      1      9      3      7  -3.13970000000000     
      4      9      3      7 -0.729350000000000     
      3     10      3      7  0.729350000000000     
      1      7      4      7  0.109354063710500     
      4      7      4      7  -6.06183750000000     
      3      8      4      7  6.328480638154899E-002
      2      9      4      7   1.55895397998746     
      5      9      4      7  0.704872829775806     
      1     10      4      7  -4.03976250000000     
      4     10      4      7  -1.54326703603103     
      3     11      4      7   1.96814408627617     
      2      7      5      7  0.109354063710500     
      5      7      5      7  -6.09837500000000     
      1      8      5      7  0.109354063710500     
      4      8      5      7  7.307500000000222E-002
      6      9      5      7   1.95022555404655     
      2     10      5      7   1.80012500000000     
      5     10      5      7  -1.13630851801552     
      1     11      5      7  -4.93982500000000     
      4     11      5      7 -0.406958518015515     
      3     12      5      7   2.67957555404655     
      6      7      6      7  -6.13491250000000     
      2      8      6      7  0.189406794360709     
      5      8      6      7  6.328480638154899E-002
      6     10      6      7   1.95022555404655     
      2     11      6      7   1.55895397998746     
      5     11      6      7  -2.67301691605198     
      1     12      6      7  -5.83988750000000     
      4     12      6      7   2.67957555404655     
      2      7      1      8  -3.29450000000000     
      5      7      1      8  0.109354063710500     
      1      8      1      8  -4.54730000000000     
      4      8      1      8 -0.109354063710500     
      6      9      1      8   3.01139077896375     
      2     10      1      8 -0.109354063710500     
      5     10      1      8  -1.84280269242513     
      1     11      1      8  0.109354063710500     
      4     11      1      8  0.674214605886506     
      3     12      1      8  0.494373480652117     
      6      7      2      8  0.189406794360709     
      2      8      2      8  -7.84180000000000     
      5      8      2      8 -0.109354063710500     
      6     10      2      8   2.02405393900459     
      2     11      2      8 -0.109354063710500     
      5     11      2      8  -2.33717617307725     
      1     12      2      8  0.189406794360709     
      4     12      2      8   2.02405393900459     
      1      7      3      8 -0.189406794360709     
      4      7      3      8  6.328480638154899E-002
      3      8      3      8  -6.13491250000000     
      2      9      3      8  -5.83988750000000     
      5      9      3      8  -2.67957555404655     
      1     10      3      8   1.55895397998746     
      4     10      3      8   2.67301691605198     
      3     11      3      8  -1.95022555404655     
      2      7      4      8 -0.109354063710500     
      5      7      4      8  7.307500000000222E-002
      1      8      4      8 -0.109354063710500     
      4      8      4      8  -6.09837500000000     
      6      9      4      8  -2.67957555404655     
      2     10      4      8  -4.93982500000000     
      5     10      4      8  0.406958518015515     
      1     11      4      8   1.80012500000000     
      4     11      4      8   1.13630851801552     
      3     12      4      8  -1.95022555404655     
      6      7      5      8  6.328480638154899E-002
      2      8      5      8 -0.109354063710500     
      5      8      5      8  -6.06183750000000     
      6     10      5      8  -1.96814408627617     
      2     11      5      8  -4.03976250000000     
      5     11      5      8   1.54326703603103     
      1     12      5      8   1.55895397998746     
      4     12      5      8 -0.704872829775806     
      6      8      6      8  -6.02530000000000     
      6     11      6      8 -0.729350000000000     
      2     12      6      8  -3.13970000000000     
      5     12      6      8  0.729350000000000     
      7      8      7      8  -1.25280000000000     
      8     10      7      8  0.000000000000000E+000
      7     11      7      8  0.000000000000000E+000
     10     11      7      8   2.51701729831164     
      9     12      7      8  -2.51701729831164     
      3      7      1      9  -3.13970000000000     
      1      9      1      9  -6.02530000000000     
      4      9      1      9  0.729350000000000     
      3     10      1      9 -0.729350000000000     
      1      7      2      9 -0.189406794360709     
      4      7      2      9   1.55895397998746     
      3      8      2      9  -5.83988750000000     
      2      9      2      9  -6.13491250000000     
      5      9      2      9  -1.95022555404655     
      1     10      2      9  6.328480638154899E-002
      4     10      2      9   2.67301691605198     
      3     11      2      9  -2.67957555404655     
      3      9      3      9  -9.16500000000000     
      3      7      4      9 -0.729350000000000     
      1      9      4      9  0.729350000000000     
      4      9      4      9  -5.50960000000000     
      3     10      4      9  -3.65539999999999     
      1      7      5      9   2.02405393900459     
      4      7      5      9  0.704872829775807     
      3      8      5      9  -2.67957555404655     
      2      9      5      9  -1.95022555404655     
      5      9      5      9  -5.27764000000000     
      1     10      5      9   1.96814408627617     
      4     10      5      9 -0.267844336882446     
      3     11      5      9  -3.42344000000000     
      2      7      6      9  0.494373480652117     
      5      7      6      9   1.95022555404655     
      1      8      6      9   3.01139077896375     
      4      8      6      9  -2.67957555404655     
      6      9      6      9  -5.64056000000000     
      2     10      6      9  -1.95022555404655     
      5     10      6      9  0.362920000000002     
      1     11      6      9   2.67957555404655     
      4     11      6      9 -0.594879999999998     
      3     12      6      9  -2.82856000000000     
      7      9      7      9  -2.88560000000000     
      9     10      7      9  -1.45870000000000     
      8      9      8      9 -0.295025000000000     
      7     10      8      9  -1.49566917360592     
      9     11      8      9 -0.729350000000000     
      1      7      1     10  0.109354063710500     
      4      7      1     10  -4.03976250000000     
      3      8      1     10   1.55895397998746     
      2      9      1     10  6.328480638154899E-002
      5      9      1     10   1.96814408627617     
      1     10      1     10  -6.06183750000000     
      4     10      1     10  -1.54326703603103     
      3     11      1     10  0.704872829775806     
      2      7      2     10 -0.109354063710500     
      5      7      2     10   1.80012500000000     
      1      8      2     10 -0.109354063710500     
      4      8      2     10  -4.93982500000000     
      6      9      2     10  -1.95022555404655     
      2     10      2     10  -6.09837500000000     
      5     10      2     10   1.13630851801552     
      1     11      2     10  7.307500000000222E-002
      4     11      2     10  0.406958518015515     
      3     12      2     10  -2.67957555404655     
      3      7      3     10  0.729350000000000     
      1      9      3     10 -0.729350000000000     
      4      9      3     10  -3.65539999999999     
      3     10      3     10  -5.50959999999999     
      1      7      4     10  -2.33717617307725     
      4      7      4     10  -1.54326703603103     
      3      8      4     10   2.67301691605197     
      2      9      4     10   2.67301691605197     
      5      9      4     10 -0.267844336882446     
      1     10      4     10  -1.54326703603103     
      4     10      4     10  -8.85572000000000     
      3     11      4     10 -0.267844336882446     
      2      7      5     10  0.674214605886506     
      5      7      5     10  -1.13630851801552     
      1      8      5     10  -1.84280269242513     
      4      8      5     10  0.406958518015515     
      6      9      5     10  0.362920000000003     
      2     10      5     10   1.13630851801552     
      5     10      5     10  -5.94984000000000     
      1     11      5     10 -0.406958518015515     
      4     11      5     10  -3.13784000000000     
      3     12      5     10 -0.594879999999998     
      6      7      6     10   1.95022555404655     
      2      8      6     10   2.02405393900459     
      5      8      6     10  -1.96814408627617     
      6     10      6     10  -5.27764000000000     
      2     11      6     10 -0.704872829775807     
      5     11      6     10 -0.267844336882446     
      1     12      6     10   2.67957555404655     
      4     12      6     10  -3.42344000000000     
      8      9      7     10  -1.49566917360592     
      7     10      7     10  -2.02207500000000     
      9     11      7     10  -1.26327125650036     
      7      8      8     10  0.000000000000000E+000
      8     10      8     10  -1.15855000000000     
      7     11      8     10  -1.72705000000000     
     10     11      8     10 -0.729350000000000     
      9     12      8     10 -0.729350000000000     
      7      9      9     10  -1.45870000000000     
      9     10      9     10  -1.85420000000000     
      2      7      1     11  0.109354063710500     
      5      7      1     11  -4.93982500000000     
      1      8      1     11  0.109354063710500     
      4      8      1     11   1.80012500000000     
      6      9      1     11   2.67957555404655     
      2     10      1     11  7.307500000000222E-002
      5     10      1     11 -0.406958518015515     
      1     11      1     11  -6.09837500000000     
      4     11      1     11  -1.13630851801552     
      3     12      1     11   1.95022555404655     
      6      7      2     11   1.55895397998746     
      2      8      2     11 -0.109354063710500     
      5      8      2     11  -4.03976250000000     
      6     10      2     11 -0.704872829775806     
      2     11      2     11  -6.06183750000000     
      5     11      2     11   1.54326703603103     
      1     12      2     11  6.328480638154899E-002
      4     12      2     11  -1.96814408627617     
      1      7      3     11   2.02405393900459     
      4      7      3     11   1.96814408627617     
      3      8      3     11  -1.95022555404655     
      2      9      3     11  -2.67957555404655     
      5      9      3     11  -3.42344000000000     
      1     10      3     11  0.704872829775807     
      4     10      3     11 -0.267844336882446     
      3     11      3     11  -5.27764000000000     
      2      7      4     11  -1.84280269242513     
      5      7      4     11 -0.406958518015515     
      1      8      4     11  0.674214605886506     
      4      8      4     11   1.13630851801552     
      6      9      4     11 -0.594879999999998     
      2     10      4     11  0.406958518015515     
      5     10      4     11  -3.13784000000000     
      1     11      4     11  -1.13630851801552     
      4     11      4     11  -5.94984000000000     
      3     12      4     11  0.362920000000003     
      6      7      5     11  -2.67301691605197     
      2      8      5     11  -2.33717617307725     
      5      8      5     11   1.54326703603103     
      6     10      5     11 -0.267844336882446     
      2     11      5     11   1.54326703603103     
      5     11      5     11  -8.85572000000000     
      1     12      5     11  -2.67301691605197     
      4     12      5     11 -0.267844336882446     
      6      8      6     11 -0.729350000000000     
      6     11      6     11  -5.50960000000000     
      2     12      6     11  0.729350000000000     
      5     12      6     11  -3.65539999999999     
      7      8      7     11  0.000000000000000E+000
      8     10      7     11  -1.72705000000000     
      7     11      7     11  -1.15855000000000     
     10     11      7     11 -0.729350000000000     
      9     12      7     11 -0.729350000000000     
      8     11      8     11  -2.02207500000000     
      7     12      8     11  -1.49566917360592     
     10     12      8     11  -1.26327125650036     
      8      9      9     11 -0.729350000000000     
      7     10      9     11  -1.26327125650036     
      9     11      9     11  -1.85420000000000     
      7      8     10     11   2.51701729831164     
      8     10     10     11 -0.729350000000000     
      7     11     10     11 -0.729350000000000     
     10     11     10     11  -2.81200000000000     
      9     12     10     11  0.957800000000000     
      6      7      1     12  -5.83988750000000     
      2      8      1     12  0.189406794360709     
      5      8      1     12   1.55895397998746     
      6     10      1     12   2.67957555404655     
      2     11      1     12  6.328480638154899E-002
      5     11      1     12  -2.67301691605198     
      1     12      1     12  -6.13491250000000     
      4     12      1     12   1.95022555404655     
      6      8      2     12  -3.13970000000000     
      6     11      2     12  0.729350000000000     
      2     12      2     12  -6.02530000000000     
      5     12      2     12 -0.729350000000000     
      2      7      3     12   3.01139077896375     
      5      7      3     12   2.67957555404655     
      1      8      3     12  0.494373480652117     
      4      8      3     12  -1.95022555404655     
      6      9      3     12  -2.82856000000000     
      2     10      3     12  -2.67957555404655     
      5     10      3     12 -0.594879999999998     
      1     11      3     12   1.95022555404655     
      4     11      3     12  0.362920000000002     
      3     12      3     12  -5.64056000000000     
      6      7      4     12   2.67957555404655     
      2      8      4     12   2.02405393900459     
      5      8      4     12 -0.704872829775807     
      6     10      4     12  -3.42344000000000     
      2     11      4     12  -1.96814408627617     
      5     11      4     12 -0.267844336882446     
      1     12      4     12   1.95022555404655     
      4     12      4     12  -5.27764000000000     
      6      8      5     12  0.729350000000000     
      6     11      5     12  -3.65539999999999     
      2     12      5     12 -0.729350000000000     
      5     12      5     12  -5.50959999999999     
      6     12      6     12  -9.16500000000000     
      8     11      7     12  -1.49566917360592     
      7     12      7     12 -0.295025000000000     
     10     12      7     12 -0.729350000000000     
      8     12      8     12  -2.88560000000000     
     11     12      8     12  -1.45870000000000     
      7      8      9     12  -2.51701729831164     
      8     10      9     12 -0.729350000000000     
      7     11      9     12 -0.729350000000000     
     10     11      9     12  0.957800000000000     
      9     12      9     12  -2.81200000000000     
      8     11     10     12  -1.26327125650036     
      7     12     10     12 -0.729350000000000     
     10     12     10     12  -1.85420000000000     
      8     12     11     12  -1.45870000000000     
     11     12     11     12  -1.85420000000000     
