 ! Total Interaction
  20
   1   1   1   1     1     0  -7.8418
   1   2   1   1     1     0  -0.3093
   2   2   1   1     1     0   3.6954
   1   1   1   2     1     0  -0.3093
   1   2   1   2     1     0 -12.9114
   2   2   1   2     1     0  -6.9017
   1   1   2   2     1     0   3.6954
   1   2   2   2     1     0  -6.9017
   2   2   2   2     1     0  -8.3918
   1   2   1   2     2     0  -9.1650
   2   2   2   2     3     0  -9.1650
   1   1   1   1     0     1  -1.2528
   2   2   1   1     0     1  -3.5596
   1   1   2   2     0     1  -3.5596
   2   2   2   2     0     1  -3.7698
   1   2   1   2     1     1   0.5685
   1   2   1   2     2     1  -2.8856
   2   2   1   2     2     1   1.4587
   1   2   2   2     2     1   1.4587
   2   2   2   2     2     1  -1.8542
