      1      1      1      1           2           0   5.70624138553567     
      1      1      1      1           0           0  -12.3891000000000     
      1      1      1      2           2           0 -0.378813588721419     
      1      1      2      1           2           0 -0.378813588721419     
      1      1      2      2           4           0  -6.73367448857899     
      1      1      2      2           2           0   2.88033392540873     
      1      2      1      1           2           0  0.378813588721419     
      1      2      1      2           2           0 -0.200124129448449     
      1      2      1      2           0           0  -17.1971374388388     
      1      2      2      1           4           0   13.0583854309513     
      1      2      2      1           2           0  -3.87916594053654     
      1      2      2      2           4           0   8.47356191329470     
      1      2      2      2           2           0   2.22900360285970     
      2      1      1      1           2           0  0.378813588721419     
      2      1      1      2           4           0   13.0583854309513     
      2      1      1      2           2           0  -3.87916594053654     
      2      1      2      1           2           0 -0.200124129448449     
      2      1      2      1           0           0  -17.1971374388388     
      2      1      2      2           4           0   8.47356191329470     
      2      1      2      2           2           0   2.22900360285970     
      2      2      1      1           4           0  -6.73367448857899     
      2      2      1      1           2           0   2.88033392540873     
      2      2      1      2           4           0  -8.47356191329470     
      2      2      1      2           2           0  -2.22900360285970     
      2      2      2      1           4           0  -8.47356191329470     
      2      2      2      1           2           0  -2.22900360285970     
      2      2      2      2           6           0   7.48366632842486     
      2      2      2      2           4           0  -8.98523667534696     
      2      2      2      2           2           0   6.23843131666928     
      2      2      2      2           0           0  -25.5928000000000     
      1      1      1      1           2           0   5.70624138553567     
      1      1      1      1           0           0  -12.3891000000000     
      1      1      1      2           2           0 -0.378813588721419     
      1      1      2      1           2           0 -0.378813588721419     
      1      1      2      2           4           0  -6.73367448857899     
      1      1      2      2           2           0   2.88033392540873     
      1      2      1      1           2           0  0.378813588721419     
      1      2      1      2           2           0 -0.200124129448449     
      1      2      1      2           0           0  -17.1971374388388     
      1      2      2      1           4           0   13.0583854309513     
      1      2      2      1           2           0  -3.87916594053654     
      1      2      2      2           4           0   8.47356191329470     
      1      2      2      2           2           0   2.22900360285970     
      2      1      1      1           2           0  0.378813588721419     
      2      1      1      2           4           0   13.0583854309513     
      2      1      1      2           2           0  -3.87916594053654     
      2      1      2      1           2           0 -0.200124129448449     
      2      1      2      1           0           0  -17.1971374388388     
      2      1      2      2           4           0   8.47356191329470     
      2      1      2      2           2           0   2.22900360285970     
      2      2      1      1           4           0  -6.73367448857899     
      2      2      1      1           2           0   2.88033392540873     
      2      2      1      2           4           0  -8.47356191329470     
      2      2      1      2           2           0  -2.22900360285970     
      2      2      2      1           4           0  -8.47356191329470     
      2      2      2      1           2           0  -2.22900360285970     
      2      2      2      2           6           0   7.48366632842486     
      2      2      2      2           4           0  -8.98523667534696     
      2      2      2      2           2           0   6.23843131666928     
      2      2      2      2           0           0  -25.5928000000000     
          60           6
   1   1   3   3   0   0   0   0-12.3891   1   1
   1   1   3   3   2   0   0   0  5.7062   1   1
   1   1   3   4   2   0   0   0 -0.3788   1   1
   1   1   4   3   2   0   0   0  0.3788   1   1
   1   1   4   4   0   0   0   0-17.1971   1   1
   1   1   4   4   2   0   0   0 -0.2001   1   1
   1   2   3   3   2   0   0   0 -0.3788   1   1
   1   2   3   4   2   0   0   0  2.8803   1   1
   1   2   3   4   4   0   0   0 -6.7337   1   1
   1   2   4   3   2   0   0   0 -3.8792   1   1
   1   2   4   3   4   0   0   0 13.0584   1   1
   1   2   4   4   2   0   0   0  2.2290   1   1
   1   2   4   4   4   0   0   0  8.4736   1   1
   2   1   3   3   2   0   0   0  0.3788   1   1
   2   1   3   4   2   0   0   0 -3.8792   1   1
   2   1   3   4   4   0   0   0 13.0584   1   1
   2   1   4   3   2   0   0   0  2.8803   1   1
   2   1   4   3   4   0   0   0 -6.7337   1   1
   2   1   4   4   2   0   0   0 -2.2290   1   1
   2   1   4   4   4   0   0   0 -8.4736   1   1
   2   2   3   3   0   0   0   0-17.1971   1   1
   2   2   3   3   2   0   0   0 -0.2001   1   1
   2   2   3   4   2   0   0   0  2.2290   1   1
   2   2   3   4   4   0   0   0  8.4736   1   1
   2   2   4   3   2   0   0   0 -2.2290   1   1
   2   2   4   3   4   0   0   0 -8.4736   1   1
   2   2   4   4   0   0   0   0-25.5928   1   1
   2   2   4   4   2   0   0   0  6.2384   1   1
   2   2   4   4   4   0   0   0 -8.9852   1   1
   2   2   4   4   6   0   0   0  7.4837   1   1
   3   3   1   1   0   0   0   0-12.3891   1   1
   3   3   1   1   2   0   0   0  5.7062   1   1
   3   3   1   2   2   0   0   0 -0.3788   1   1
   3   3   2   1   2   0   0   0  0.3788   1   1
   3   3   2   2   0   0   0   0-17.1971   1   1
   3   3   2   2   2   0   0   0 -0.2001   1   1
   3   4   1   1   2   0   0   0 -0.3788   1   1
   3   4   1   2   2   0   0   0  2.8803   1   1
   3   4   1   2   4   0   0   0 -6.7337   1   1
   3   4   2   1   2   0   0   0 -3.8792   1   1
   3   4   2   1   4   0   0   0 13.0584   1   1
   3   4   2   2   2   0   0   0  2.2290   1   1
   3   4   2   2   4   0   0   0  8.4736   1   1
   4   3   1   1   2   0   0   0  0.3788   1   1
   4   3   1   2   2   0   0   0 -3.8792   1   1
   4   3   1   2   4   0   0   0 13.0584   1   1
   4   3   2   1   2   0   0   0  2.8803   1   1
   4   3   2   1   4   0   0   0 -6.7337   1   1
   4   3   2   2   2   0   0   0 -2.2290   1   1
   4   3   2   2   4   0   0   0 -8.4736   1   1
   4   4   1   1   0   0   0   0-17.1971   1   1
   4   4   1   1   2   0   0   0 -0.2001   1   1
   4   4   1   2   2   0   0   0  2.2290   1   1
   4   4   1   2   4   0   0   0  8.4736   1   1
   4   4   2   1   2   0   0   0 -2.2290   1   1
   4   4   2   1   4   0   0   0 -8.4736   1   1
   4   4   2   2   0   0   0   0-25.5928   1   1
   4   4   2   2   2   0   0   0  6.2384   1   1
   4   4   2   2   4   0   0   0 -8.9852   1   1
   4   4   2   2   6   0   0   0  7.4837   1   1
