      1      1      1      1           2           0   4.79656830140049     
      1      1      1      1           0           0  -10.8437000000000     
      1      1      1      2           2           0  -1.84115896516298     
      1      1      2      1           2           0  -1.84115896516298     
      1      1      2      2           4           0  -7.86773262036159     
      1      1      2      2           2           0   5.37301907073650     
      1      2      1      1           2           0   1.84115896516298     
      1      2      1      2           2           0  0.236273818243792     
      1      2      1      2           0           0  -16.1333306418827     
      1      2      2      1           4           0   11.5316541176139     
      1      2      2      1           2           0  -4.97750265888615     
      1      2      2      2           4           0   9.20374437896967     
      1      2      2      2           2           0   3.87820347152960     
      2      1      1      1           2           0   1.84115896516298     
      2      1      1      2           4           0   11.5316541176139     
      2      1      1      2           2           0  -4.97750265888615     
      2      1      2      1           2           0  0.236273818243792     
      2      1      2      1           0           0  -16.1333306418827     
      2      1      2      2           4           0   9.20374437896967     
      2      1      2      2           2           0   3.87820347152960     
      2      2      1      1           4           0  -7.86773262036159     
      2      2      1      1           2           0   5.37301907073651     
      2      2      1      2           4           0  -9.20374437896967     
      2      2      1      2           2           0  -3.87820347152960     
      2      2      2      1           4           0  -9.20374437896967     
      2      2      2      1           2           0  -3.87820347152960     
      2      2      2      2           6           0   4.33522226825800     
      2      2      2      2           4           0  -7.94188735704556     
      2      2      2      2           2           0   9.34746251625542     
      2      2      2      2           0           0  -23.2596000000000     
      1      1      1      1           2           0   4.79656830140049     
      1      1      1      1           0           0  -10.8437000000000     
      1      1      1      2           2           0  -1.84115896516298     
      1      1      2      1           2           0  -1.84115896516298     
      1      1      2      2           4           0  -7.86773262036159     
      1      1      2      2           2           0   5.37301907073650     
      1      2      1      1           2           0   1.84115896516298     
      1      2      1      2           2           0  0.236273818243792     
      1      2      1      2           0           0  -16.1333306418827     
      1      2      2      1           4           0   11.5316541176139     
      1      2      2      1           2           0  -4.97750265888615     
      1      2      2      2           4           0   9.20374437896967     
      1      2      2      2           2           0   3.87820347152960     
      2      1      1      1           2           0   1.84115896516298     
      2      1      1      2           4           0   11.5316541176139     
      2      1      1      2           2           0  -4.97750265888615     
      2      1      2      1           2           0  0.236273818243792     
      2      1      2      1           0           0  -16.1333306418827     
      2      1      2      2           4           0   9.20374437896967     
      2      1      2      2           2           0   3.87820347152960     
      2      2      1      1           4           0  -7.86773262036159     
      2      2      1      1           2           0   5.37301907073651     
      2      2      1      2           4           0  -9.20374437896967     
      2      2      1      2           2           0  -3.87820347152960     
      2      2      2      1           4           0  -9.20374437896967     
      2      2      2      1           2           0  -3.87820347152960     
      2      2      2      2           6           0   4.33522226825800     
      2      2      2      2           4           0  -7.94188735704556     
      2      2      2      2           2           0   9.34746251625542     
      2      2      2      2           0           0  -23.2596000000000     
          60           6
   1   1   3   3   0   0   0   0-10.8437   1   1
   1   1   3   3   2   0   0   0  4.7966   1   1
   1   1   3   4   2   0   0   0 -1.8412   1   1
   1   1   4   3   2   0   0   0  1.8412   1   1
   1   1   4   4   0   0   0   0-16.1333   1   1
   1   1   4   4   2   0   0   0  0.2363   1   1
   1   2   3   3   2   0   0   0 -1.8412   1   1
   1   2   3   4   2   0   0   0  5.3730   1   1
   1   2   3   4   4   0   0   0 -7.8677   1   1
   1   2   4   3   2   0   0   0 -4.9775   1   1
   1   2   4   3   4   0   0   0 11.5317   1   1
   1   2   4   4   2   0   0   0  3.8782   1   1
   1   2   4   4   4   0   0   0  9.2037   1   1
   2   1   3   3   2   0   0   0  1.8412   1   1
   2   1   3   4   2   0   0   0 -4.9775   1   1
   2   1   3   4   4   0   0   0 11.5317   1   1
   2   1   4   3   2   0   0   0  5.3730   1   1
   2   1   4   3   4   0   0   0 -7.8677   1   1
   2   1   4   4   2   0   0   0 -3.8782   1   1
   2   1   4   4   4   0   0   0 -9.2037   1   1
   2   2   3   3   0   0   0   0-16.1333   1   1
   2   2   3   3   2   0   0   0  0.2363   1   1
   2   2   3   4   2   0   0   0  3.8782   1   1
   2   2   3   4   4   0   0   0  9.2037   1   1
   2   2   4   3   2   0   0   0 -3.8782   1   1
   2   2   4   3   4   0   0   0 -9.2037   1   1
   2   2   4   4   0   0   0   0-23.2596   1   1
   2   2   4   4   2   0   0   0  9.3475   1   1
   2   2   4   4   4   0   0   0 -7.9419   1   1
   2   2   4   4   6   0   0   0  4.3352   1   1
   3   3   1   1   0   0   0   0-10.8437   1   1
   3   3   1   1   2   0   0   0  4.7966   1   1
   3   3   1   2   2   0   0   0 -1.8412   1   1
   3   3   2   1   2   0   0   0  1.8412   1   1
   3   3   2   2   0   0   0   0-16.1333   1   1
   3   3   2   2   2   0   0   0  0.2363   1   1
   3   4   1   1   2   0   0   0 -1.8412   1   1
   3   4   1   2   2   0   0   0  5.3730   1   1
   3   4   1   2   4   0   0   0 -7.8677   1   1
   3   4   2   1   2   0   0   0 -4.9775   1   1
   3   4   2   1   4   0   0   0 11.5317   1   1
   3   4   2   2   2   0   0   0  3.8782   1   1
   3   4   2   2   4   0   0   0  9.2037   1   1
   4   3   1   1   2   0   0   0  1.8412   1   1
   4   3   1   2   2   0   0   0 -4.9775   1   1
   4   3   1   2   4   0   0   0 11.5317   1   1
   4   3   2   1   2   0   0   0  5.3730   1   1
   4   3   2   1   4   0   0   0 -7.8677   1   1
   4   3   2   2   2   0   0   0 -3.8782   1   1
   4   3   2   2   4   0   0   0 -9.2037   1   1
   4   4   1   1   0   0   0   0-16.1333   1   1
   4   4   1   1   2   0   0   0  0.2363   1   1
   4   4   1   2   2   0   0   0  3.8782   1   1
   4   4   1   2   4   0   0   0  9.2037   1   1
   4   4   2   1   2   0   0   0 -3.8782   1   1
   4   4   2   1   4   0   0   0 -9.2037   1   1
   4   4   2   2   0   0   0   0-23.2596   1   1
   4   4   2   2   2   0   0   0  9.3475   1   1
   4   4   2   2   4   0   0   0 -7.9419   1   1
   4   4   2   2   6   0   0   0  4.3352   1   1
