 ! Total Interaction
  20
   1   1   1   1     1     0  -6.8065
   1   2   1   1     1     0  -1.5033
   2   2   1   1     1     0   5.2341
   1   1   1   2     1     0  -1.5033
   1   2   1   2     1     0 -11.3241
   2   2   1   2     1     0  -8.0913
   1   1   2   2     1     0   5.2341
   1   2   2   2     1     0  -8.0913
   2   2   2   2     1     0  -5.4551
   1   2   1   2     2     0  -9.2133
   2   2   2   2     3     0  -9.2133
   1   1   1   1     0     1  -1.2679
   2   2   1   1     0     1  -2.9297
   1   1   2   2     0     1  -2.9297
   2   2   2   2     0     1  -3.3395
   1   2   1   2     1     1   0.1318
   1   2   1   2     2     1  -2.3241
   2   2   1   2     2     1   0.7863
   1   2   2   2     2     1   0.7863
   2   2   2   2     2     1  -1.7681
