      1      2      1      2  -1.26790000000000     
      2      4      1      2  0.000000000000000E+000
      1      5      1      2  0.000000000000000E+000
      4      5      1      2   2.07161073684223     
      3      6      1      2  -2.07161073684223     
      1      3      1      3  -2.32410000000000     
      3      4      1      3 -0.786300000000000     
      2      3      2      3 -0.482175000000000     
      1      4      2      3  -1.06343589457710     
      3      5      2      3 -0.393150000000000     
      2      3      1      4  -1.06343589457710     
      1      4      1      4  -1.71012500000000     
      3      5      1      4 -0.680955774995704     
      1      2      2      4  0.000000000000000E+000
      2      4      2      4  -1.09615000000000     
      1      5      2      4  -1.22795000000000     
      4      5      2      4 -0.393150000000000     
      3      6      2      4 -0.393150000000000     
      1      3      3      4 -0.786300000000000     
      3      4      3      4  -1.76810000000000     
      1      2      1      5  0.000000000000000E+000
      2      4      1      5  -1.22795000000000     
      1      5      1      5  -1.09615000000000     
      4      5      1      5 -0.393150000000000     
      3      6      1      5 -0.393150000000000     
      2      5      2      5  -1.71012500000000     
      1      6      2      5  -1.06343589457710     
      4      6      2      5 -0.680955774995704     
      2      3      3      5 -0.393150000000000     
      1      4      3      5 -0.680955774995704     
      3      5      3      5  -1.76810000000000     
      1      2      4      5   2.07161073684223     
      2      4      4      5 -0.393150000000000     
      1      5      4      5 -0.393150000000000     
      4      5      4      5  -2.55380000000000     
      3      6      4      5  0.785700000000000     
      2      5      1      6  -1.06343589457710     
      1      6      1      6 -0.482175000000000     
      4      6      1      6 -0.393150000000000     
      2      6      2      6  -2.32410000000000     
      5      6      2      6 -0.786300000000000     
      1      2      3      6  -2.07161073684223     
      2      4      3      6 -0.393150000000000     
      1      5      3      6 -0.393150000000000     
      4      5      3      6  0.785700000000000     
      3      6      3      6  -2.55380000000000     
      2      5      4      6 -0.680955774995704     
      1      6      4      6 -0.393150000000000     
      4      6      4      6  -1.76810000000000     
      2      6      5      6 -0.786300000000000     
      5      6      5      6  -1.76810000000000     
      1      7      1      7  -6.80650000000000     
      4      7      1      7  0.531496812078869     
      3      8      1      7 -0.920579482581488     
      2      9      1      7 -0.920579482581488     
      5      9      1      7   2.86683463823779     
      1     10      1      7  0.531496812078869     
      4     10      1      7  -3.31033550021746     
      3     11      1      7   2.86683463823779     
      2      7      2      7  -4.03720000000000     
      5      7      2      7  0.531496812078869     
      1      8      2      7  -2.76930000000000     
      4      8      2      7 -0.531496812078869     
      6      9      2      7   1.44694625674198     
      2     10      2      7 -0.531496812078869     
      5     10      2      7  0.208221493366748     
      1     11      2      7  0.531496812078869     
      4     11      2      7  -1.86338924347548     
      3     12      2      7   3.51855699358421     
      3      7      3      7  -5.76870000000000     
      1      9      3      7  -3.44460000000000     
      4      9      3      7 -0.393150000000000     
      3     10      3      7  0.393150000000000     
      1      7      4      7  0.531496812078869     
      4      7      4      7  -5.72556250000000     
      3      8      4      7 -7.471634171150177E-002
      2      9      4      7  0.988719552865601     
      5      9      4      7   1.22639561996055     
      1     10      4      7  -4.01543750000000     
      4     10      4      7  -1.80926968263441     
      3     11      4      7   1.90735139495626     
      2      7      5      7  0.531496812078869     
      5      7      5      7  -5.68242500000000     
      1      8      5      7  0.531496812078869     
      4      8      5      7 -8.627499999999910E-002
      6      9      5      7   2.51732952395161     
      2     10      5      7   1.14167500000000     
      5     10      5      7  -1.10120984131720     
      1     11      5      7  -4.58627500000000     
      4     11      5      7 -0.708059841317203     
      3     12      5      7   2.91047952395161     
      6      7      6      7  -5.63928750000000     
      2      8      6      7  0.920579482581488     
      5      8      6      7 -7.471634171150221E-002
      6     10      6      7   2.51732952395161     
      2     11      6      7  0.988719552865600     
      5     11      6      7  -3.13374701491681     
      1     12      6      7  -5.15711250000000     
      4     12      6      7   2.91047952395161     
      2      7      1      8  -2.76930000000000     
      5      7      1      8  0.531496812078869     
      1      8      1      8  -4.03720000000000     
      4      8      1      8 -0.531496812078869     
      6      9      1      8   3.51855699358421     
      2     10      1      8 -0.531496812078869     
      5     10      1      8  -1.86338924347548     
      1     11      1      8  0.531496812078869     
      4     11      1      8  0.208221493366748     
      3     12      1      8   1.44694625674198     
      6      7      2      8  0.920579482581488     
      2      8      2      8  -6.80650000000000     
      5      8      2      8 -0.531496812078869     
      6     10      2      8   2.86683463823779     
      2     11      2      8 -0.531496812078869     
      5     11      2      8  -3.31033550021746     
      1     12      2      8  0.920579482581488     
      4     12      2      8   2.86683463823779     
      1      7      3      8 -0.920579482581488     
      4      7      3      8 -7.471634171150221E-002
      3      8      3      8  -5.63928750000000     
      2      9      3      8  -5.15711250000000     
      5      9      3      8  -2.91047952395161     
      1     10      3      8  0.988719552865600     
      4     10      3      8   3.13374701491681     
      3     11      3      8  -2.51732952395161     
      2      7      4      8 -0.531496812078869     
      5      7      4      8 -8.627499999999910E-002
      1      8      4      8 -0.531496812078869     
      4      8      4      8  -5.68242500000000     
      6      9      4      8  -2.91047952395161     
      2     10      4      8  -4.58627500000000     
      5     10      4      8  0.708059841317203     
      1     11      4      8   1.14167500000000     
      4     11      4      8   1.10120984131720     
      3     12      4      8  -2.51732952395161     
      6      7      5      8 -7.471634171150177E-002
      2      8      5      8 -0.531496812078869     
      5      8      5      8  -5.72556250000000     
      6     10      5      8  -1.90735139495626     
      2     11      5      8  -4.01543750000000     
      5     11      5      8   1.80926968263441     
      1     12      5      8  0.988719552865601     
      4     12      5      8  -1.22639561996055     
      6      8      6      8  -5.76870000000000     
      6     11      6      8 -0.393150000000000     
      2     12      6      8  -3.44460000000000     
      5     12      6      8  0.393150000000000     
      7      8      7      8  -1.26790000000000     
      8     10      7      8  0.000000000000000E+000
      7     11      7      8  0.000000000000000E+000
     10     11      7      8   2.07161073684223     
      9     12      7      8  -2.07161073684223     
      3      7      1      9  -3.44460000000000     
      1      9      1      9  -5.76870000000000     
      4      9      1      9  0.393150000000000     
      3     10      1      9 -0.393150000000000     
      1      7      2      9 -0.920579482581488     
      4      7      2      9  0.988719552865600     
      3      8      2      9  -5.15711250000000     
      2      9      2      9  -5.63928750000000     
      5      9      2      9  -2.51732952395161     
      1     10      2      9 -7.471634171150221E-002
      4     10      2      9   3.13374701491681     
      3     11      2      9  -2.91047952395161     
      3      9      3      9  -9.21330000000000     
      3      7      4      9 -0.393150000000000     
      1      9      4      9  0.393150000000000     
      4      9      4      9  -5.49070000000000     
      3     10      4      9  -3.72260000000000     
      1      7      5      9   2.86683463823779     
      4      7      5      9   1.22639561996055     
      3      8      5      9  -2.91047952395161     
      2      9      5      9  -2.51732952395161     
      5      9      5      9  -4.36324000000000     
      1     10      5      9   1.90735139495626     
      4     10      5      9  -1.30187866900107     
      3     11      5      9  -2.59514000000000     
      2      7      6      9   1.44694625674198     
      5      7      6      9   2.51732952395161     
      1      8      6      9   3.51855699358421     
      4      8      6      9  -2.91047952395161     
      6      9      6      9  -4.19236000000000     
      2     10      6      9  -2.51732952395161     
      5     10      6      9 -0.170879999999998     
      1     11      6      9   2.91047952395161     
      4     11      6      9 -0.956579999999998     
      3     12      6      9  -1.63856000000000     
      7      9      7      9  -2.32410000000000     
      9     10      7      9 -0.786300000000000     
      8      9      8      9 -0.482175000000000     
      7     10      8      9  -1.06343589457710     
      9     11      8      9 -0.393150000000000     
      1      7      1     10  0.531496812078869     
      4      7      1     10  -4.01543750000000     
      3      8      1     10  0.988719552865601     
      2      9      1     10 -7.471634171150177E-002
      5      9      1     10   1.90735139495626     
      1     10      1     10  -5.72556250000000     
      4     10      1     10  -1.80926968263441     
      3     11      1     10   1.22639561996055     
      2      7      2     10 -0.531496812078869     
      5      7      2     10   1.14167500000000     
      1      8      2     10 -0.531496812078869     
      4      8      2     10  -4.58627500000000     
      6      9      2     10  -2.51732952395161     
      2     10      2     10  -5.68242500000000     
      5     10      2     10   1.10120984131720     
      1     11      2     10 -8.627499999999910E-002
      4     11      2     10  0.708059841317203     
      3     12      2     10  -2.91047952395161     
      3      7      3     10  0.393150000000000     
      1      9      3     10 -0.393150000000000     
      4      9      3     10  -3.72260000000000     
      3     10      3     10  -5.49070000000000     
      1      7      4     10  -3.31033550021746     
      4      7      4     10  -1.80926968263441     
      3      8      4     10   3.13374701491681     
      2      9      4     10   3.13374701491681     
      5      9      4     10  -1.30187866900107     
      1     10      4     10  -1.80926968263441     
      4     10      4     10  -7.71002000000000     
      3     11      4     10  -1.30187866900107     
      2      7      5     10  0.208221493366748     
      5      7      5     10  -1.10120984131720     
      1      8      5     10  -1.86338924347548     
      4      8      5     10  0.708059841317203     
      6      9      5     10 -0.170879999999998     
      2     10      5     10   1.10120984131720     
      5     10      5     10  -5.69564000000000     
      1     11      5     10 -0.708059841317203     
      4     11      5     10  -3.14184000000000     
      3     12      5     10 -0.956579999999998     
      6      7      6     10   2.51732952395161     
      2      8      6     10   2.86683463823779     
      5      8      6     10  -1.90735139495626     
      6     10      6     10  -4.36324000000000     
      2     11      6     10  -1.22639561996055     
      5     11      6     10  -1.30187866900107     
      1     12      6     10   2.91047952395161     
      4     12      6     10  -2.59514000000000     
      8      9      7     10  -1.06343589457710     
      7     10      7     10  -1.71012500000000     
      9     11      7     10 -0.680955774995704     
      7      8      8     10  0.000000000000000E+000
      8     10      8     10  -1.09615000000000     
      7     11      8     10  -1.22795000000000     
     10     11      8     10 -0.393150000000000     
      9     12      8     10 -0.393150000000000     
      7      9      9     10 -0.786300000000000     
      9     10      9     10  -1.76810000000000     
      2      7      1     11  0.531496812078869     
      5      7      1     11  -4.58627500000000     
      1      8      1     11  0.531496812078869     
      4      8      1     11   1.14167500000000     
      6      9      1     11   2.91047952395161     
      2     10      1     11 -8.627499999999910E-002
      5     10      1     11 -0.708059841317203     
      1     11      1     11  -5.68242500000000     
      4     11      1     11  -1.10120984131720     
      3     12      1     11   2.51732952395161     
      6      7      2     11  0.988719552865601     
      2      8      2     11 -0.531496812078869     
      5      8      2     11  -4.01543750000000     
      6     10      2     11  -1.22639561996055     
      2     11      2     11  -5.72556250000000     
      5     11      2     11   1.80926968263441     
      1     12      2     11 -7.471634171150177E-002
      4     12      2     11  -1.90735139495626     
      1      7      3     11   2.86683463823779     
      4      7      3     11   1.90735139495626     
      3      8      3     11  -2.51732952395161     
      2      9      3     11  -2.91047952395161     
      5      9      3     11  -2.59514000000000     
      1     10      3     11   1.22639561996055     
      4     10      3     11  -1.30187866900107     
      3     11      3     11  -4.36324000000000     
      2      7      4     11  -1.86338924347548     
      5      7      4     11 -0.708059841317203     
      1      8      4     11  0.208221493366748     
      4      8      4     11   1.10120984131720     
      6      9      4     11 -0.956579999999998     
      2     10      4     11  0.708059841317203     
      5     10      4     11  -3.14184000000000     
      1     11      4     11  -1.10120984131720     
      4     11      4     11  -5.69564000000000     
      3     12      4     11 -0.170879999999998     
      6      7      5     11  -3.13374701491681     
      2      8      5     11  -3.31033550021746     
      5      8      5     11   1.80926968263441     
      6     10      5     11  -1.30187866900107     
      2     11      5     11   1.80926968263441     
      5     11      5     11  -7.71002000000000     
      1     12      5     11  -3.13374701491681     
      4     12      5     11  -1.30187866900107     
      6      8      6     11 -0.393150000000000     
      6     11      6     11  -5.49070000000000     
      2     12      6     11  0.393150000000000     
      5     12      6     11  -3.72260000000000     
      7      8      7     11  0.000000000000000E+000
      8     10      7     11  -1.22795000000000     
      7     11      7     11  -1.09615000000000     
     10     11      7     11 -0.393150000000000     
      9     12      7     11 -0.393150000000000     
      8     11      8     11  -1.71012500000000     
      7     12      8     11  -1.06343589457710     
     10     12      8     11 -0.680955774995704     
      8      9      9     11 -0.393150000000000     
      7     10      9     11 -0.680955774995704     
      9     11      9     11  -1.76810000000000     
      7      8     10     11   2.07161073684223     
      8     10     10     11 -0.393150000000000     
      7     11     10     11 -0.393150000000000     
     10     11     10     11  -2.55380000000000     
      9     12     10     11  0.785700000000000     
      6      7      1     12  -5.15711250000000     
      2      8      1     12  0.920579482581488     
      5      8      1     12  0.988719552865600     
      6     10      1     12   2.91047952395161     
      2     11      1     12 -7.471634171150221E-002
      5     11      1     12  -3.13374701491681     
      1     12      1     12  -5.63928750000000     
      4     12      1     12   2.51732952395161     
      6      8      2     12  -3.44460000000000     
      6     11      2     12  0.393150000000000     
      2     12      2     12  -5.76870000000000     
      5     12      2     12 -0.393150000000000     
      2      7      3     12   3.51855699358421     
      5      7      3     12   2.91047952395161     
      1      8      3     12   1.44694625674198     
      4      8      3     12  -2.51732952395161     
      6      9      3     12  -1.63856000000000     
      2     10      3     12  -2.91047952395161     
      5     10      3     12 -0.956579999999998     
      1     11      3     12   2.51732952395161     
      4     11      3     12 -0.170879999999998     
      3     12      3     12  -4.19236000000000     
      6      7      4     12   2.91047952395161     
      2      8      4     12   2.86683463823779     
      5      8      4     12  -1.22639561996055     
      6     10      4     12  -2.59514000000000     
      2     11      4     12  -1.90735139495626     
      5     11      4     12  -1.30187866900107     
      1     12      4     12   2.51732952395161     
      4     12      4     12  -4.36324000000000     
      6      8      5     12  0.393150000000000     
      6     11      5     12  -3.72260000000000     
      2     12      5     12 -0.393150000000000     
      5     12      5     12  -5.49070000000000     
      6     12      6     12  -9.21330000000000     
      8     11      7     12  -1.06343589457710     
      7     12      7     12 -0.482175000000000     
     10     12      7     12 -0.393150000000000     
      8     12      8     12  -2.32410000000000     
     11     12      8     12 -0.786300000000000     
      7      8      9     12  -2.07161073684223     
      8     10      9     12 -0.393150000000000     
      7     11      9     12 -0.393150000000000     
     10     11      9     12  0.785700000000000     
      9     12      9     12  -2.55380000000000     
      8     11     10     12 -0.680955774995704     
      7     12     10     12 -0.393150000000000     
     10     12     10     12  -1.76810000000000     
      8     12     11     12 -0.786300000000000     
     11     12     11     12  -1.76810000000000     
