      1      2      1      2  -1.32830000000000     
      2      4      1      2  0.000000000000000E+000
      1      5      1      2  0.000000000000000E+000
      4      5      1      2   2.18326289759158     
      3      6      1      2  -2.18326289759158     
      1      3      1      3  -2.47280000000000     
      3      4      1      3  -1.28100000000000     
      2      3      2      3 -0.356000000000000     
      1      4      2      3  -1.22213504982060     
      3      5      2      3 -0.640500000000000     
      2      3      1      4  -1.22213504982060     
      1      4      1      4  -1.76720000000000     
      3      5      1      4  -1.10937854224787     
      1      2      2      4  0.000000000000000E+000
      2      4      2      4  -1.06160000000000     
      1      5      2      4  -1.41120000000000     
      4      5      2      4 -0.640500000000000     
      3      6      2      4 -0.640500000000000     
      1      3      3      4  -1.28100000000000     
      3      4      3      4  -1.56700000000000     
      1      2      1      5  0.000000000000000E+000
      2      4      1      5  -1.41120000000000     
      1      5      1      5  -1.06160000000000     
      4      5      1      5 -0.640500000000000     
      3      6      1      5 -0.640500000000000     
      2      5      2      5  -1.76720000000000     
      1      6      2      5  -1.22213504982060     
      4      6      2      5  -1.10937854224787     
      2      3      3      5 -0.640500000000000     
      1      4      3      5  -1.10937854224787     
      3      5      3      5  -1.56700000000000     
      1      2      4      5   2.18326289759158     
      2      4      4      5 -0.640500000000000     
      1      5      4      5 -0.640500000000000     
      4      5      4      5  -2.53930000000000     
      3      6      4      5  0.972300000000000     
      2      5      1      6  -1.22213504982060     
      1      6      1      6 -0.356000000000000     
      4      6      1      6 -0.640500000000000     
      2      6      2      6  -2.47280000000000     
      5      6      2      6  -1.28100000000000     
      1      2      3      6  -2.18326289759158     
      2      4      3      6 -0.640500000000000     
      1      5      3      6 -0.640500000000000     
      4      5      3      6  0.972300000000000     
      3      6      3      6  -2.53930000000000     
      2      5      4      6  -1.10937854224787     
      1      6      4      6 -0.640500000000000     
      4      6      4      6  -1.56700000000000     
      2      6      5      6  -1.28100000000000     
      5      6      5      6  -1.56700000000000     
      1      7      1      7  -6.28950000000000     
      4      7      1      7  0.137602979618902     
      3      8      1      7 -0.238335351972803     
      2      9      1      7 -0.238335351972803     
      5      9      1      7   1.86658370372186     
      1     10      1      7  0.137602979618902     
      4     10      1      7  -2.15534520761756     
      3     11      1      7   1.86658370372186     
      2      7      2      7  -3.80890000000000     
      5      7      2      7  0.137602979618902     
      1      8      2      7  -2.48060000000000     
      4      8      2      7 -0.137602979618902     
      6      9      2      7  0.524877456917382     
      2     10      2      7 -0.137602979618902     
      5     10      2      7  0.552795146891401     
      1     11      2      7  0.137602979618902     
      4     11      2      7  -1.63046775070018     
      3     12      2      7   2.70814035450897     
      3      7      3      7  -5.01730000000000     
      1      9      3      7  -2.54450000000000     
      4      9      3      7 -0.640500000000000     
      3     10      3      7  0.640500000000000     
      1      7      4      7  0.137602979618902     
      4      7      4      7  -5.05737500000000     
      3      8      4      7  6.941193611332430E-002
      2      9      4      7   1.29154698593392     
      5      9      4      7  0.646013025867291     
      1     10      4      7  -3.29017500000000     
      4     10      4      7  -1.38645158876897     
      3     11      4      7   1.75539156811516     
      2      7      5      7  0.137602979618902     
      5      7      5      7  -5.09745000000000     
      1      8      5      7  0.137602979618902     
      4      8      5      7  8.015000000000183E-002
      6      9      5      7   1.75942738315346     
      2     10      5      7   1.49135000000000     
      5     10      5      7  -1.01347579438449     
      1     11      5      7  -4.03585000000000     
      4     11      5      7 -0.372975794384485     
      3     12      5      7   2.39992738315346     
      6      7      6      7  -5.13752500000000     
      2      8      6      7  0.238335351972803     
      5      8      6      7  6.941193611332386E-002
      6     10      6      7   1.75942738315346     
      2     11      6      7   1.29154698593392     
      5     11      6      7  -2.40140459398245     
      1     12      6      7  -4.78152500000000     
      4     12      6      7   2.39992738315346     
      2      7      1      8  -2.48060000000000     
      5      7      1      8  0.137602979618902     
      1      8      1      8  -3.80890000000000     
      4      8      1      8 -0.137602979618902     
      6      9      1      8   2.70814035450897     
      2     10      1      8 -0.137602979618902     
      5     10      1      8  -1.63046775070018     
      1     11      1      8  0.137602979618902     
      4     11      1      8  0.552795146891401     
      3     12      1      8  0.524877456917382     
      6      7      2      8  0.238335351972803     
      2      8      2      8  -6.28950000000000     
      5      8      2      8 -0.137602979618902     
      6     10      2      8   1.86658370372186     
      2     11      2      8 -0.137602979618902     
      5     11      2      8  -2.15534520761756     
      1     12      2      8  0.238335351972803     
      4     12      2      8   1.86658370372186     
      1      7      3      8 -0.238335351972803     
      4      7      3      8  6.941193611332386E-002
      3      8      3      8  -5.13752500000000     
      2      9      3      8  -4.78152500000000     
      5      9      3      8  -2.39992738315346     
      1     10      3      8   1.29154698593392     
      4     10      3      8   2.40140459398245     
      3     11      3      8  -1.75942738315346     
      2      7      4      8 -0.137602979618902     
      5      7      4      8  8.015000000000183E-002
      1      8      4      8 -0.137602979618902     
      4      8      4      8  -5.09745000000000     
      6      9      4      8  -2.39992738315346     
      2     10      4      8  -4.03585000000000     
      5     10      4      8  0.372975794384485     
      1     11      4      8   1.49135000000000     
      4     11      4      8   1.01347579438449     
      3     12      4      8  -1.75942738315346     
      6      7      5      8  6.941193611332430E-002
      2      8      5      8 -0.137602979618902     
      5      8      5      8  -5.05737500000000     
      6     10      5      8  -1.75539156811516     
      2     11      5      8  -3.29017500000000     
      5     11      5      8   1.38645158876897     
      1     12      5      8   1.29154698593392     
      4     12      5      8 -0.646013025867291     
      6      8      6      8  -5.01730000000000     
      6     11      6      8 -0.640500000000000     
      2     12      6      8  -2.54450000000000     
      5     12      6      8  0.640500000000000     
      7      8      7      8  -1.32830000000000     
      8     10      7      8  0.000000000000000E+000
      7     11      7      8  0.000000000000000E+000
     10     11      7      8   2.18326289759158     
      9     12      7      8  -2.18326289759158     
      3      7      1      9  -2.54450000000000     
      1      9      1      9  -5.01730000000000     
      4      9      1      9  0.640500000000000     
      3     10      1      9 -0.640500000000000     
      1      7      2      9 -0.238335351972803     
      4      7      2      9   1.29154698593392     
      3      8      2      9  -4.78152500000000     
      2      9      2      9  -5.13752500000000     
      5      9      2      9  -1.75942738315346     
      1     10      2      9  6.941193611332386E-002
      4     10      2      9   2.40140459398245     
      3     11      2      9  -2.39992738315346     
      3      9      3      9  -7.56180000000000     
      3      7      4      9 -0.640500000000000     
      1      9      4      9  0.640500000000000     
      4      9      4      9  -4.56440000000000     
      3     10      4      9  -2.99740000000000     
      1      7      5      9   1.86658370372186     
      4      7      5      9  0.646013025867291     
      3      8      5      9  -2.39992738315346     
      2      9      5      9  -1.75942738315346     
      5      9      5      9  -4.27247000000000     
      1     10      5      9   1.75539156811516     
      4     10      5      9 -0.337091728169051     
      3     11      5      9  -2.70547000000000     
      2      7      6      9  0.524877456917382     
      5      7      6      9   1.75942738315346     
      1      8      6      9   2.70814035450897     
      4      8      6      9  -2.39992738315346     
      6      9      6      9  -4.61265500000000     
      2     10      6      9  -1.75942738315346     
      5     10      6      9  0.340185000000002     
      1     11      6      9   2.39992738315346     
      4     11      6      9 -0.632114999999999     
      3     12      6      9  -2.07335500000000     
      7      9      7      9  -2.47280000000000     
      9     10      7      9  -1.28100000000000     
      8      9      8      9 -0.356000000000000     
      7     10      8      9  -1.22213504982060     
      9     11      8      9 -0.640500000000000     
      1      7      1     10  0.137602979618902     
      4      7      1     10  -3.29017500000000     
      3      8      1     10   1.29154698593392     
      2      9      1     10  6.941193611332430E-002
      5      9      1     10   1.75539156811516     
      1     10      1     10  -5.05737500000000     
      4     10      1     10  -1.38645158876897     
      3     11      1     10  0.646013025867291     
      2      7      2     10 -0.137602979618902     
      5      7      2     10   1.49135000000000     
      1      8      2     10 -0.137602979618902     
      4      8      2     10  -4.03585000000000     
      6      9      2     10  -1.75942738315346     
      2     10      2     10  -5.09745000000000     
      5     10      2     10   1.01347579438449     
      1     11      2     10  8.015000000000183E-002
      4     11      2     10  0.372975794384485     
      3     12      2     10  -2.39992738315346     
      3      7      3     10  0.640500000000000     
      1      9      3     10 -0.640500000000000     
      4      9      3     10  -2.99740000000000     
      3     10      3     10  -4.56440000000000     
      1      7      4     10  -2.15534520761756     
      4      7      4     10  -1.38645158876897     
      3      8      4     10   2.40140459398245     
      2      9      4     10   2.40140459398245     
      5      9      4     10 -0.337091728169051     
      1     10      4     10  -1.38645158876897     
      4     10      4     10  -7.17256000000000     
      3     11      4     10 -0.337091728169051     
      2      7      5     10  0.552795146891401     
      5      7      5     10  -1.01347579438449     
      1      8      5     10  -1.63046775070018     
      4      8      5     10  0.372975794384485     
      6      9      5     10  0.340185000000002     
      2     10      5     10   1.01347579438449     
      5     10      5     10  -5.00189500000000     
      1     11      5     10 -0.372975794384485     
      4     11      5     10  -2.46259500000000     
      3     12      5     10 -0.632114999999998     
      6      7      6     10   1.75942738315346     
      2      8      6     10   1.86658370372186     
      5      8      6     10  -1.75539156811516     
      6     10      6     10  -4.27247000000000     
      2     11      6     10 -0.646013025867291     
      5     11      6     10 -0.337091728169051     
      1     12      6     10   2.39992738315346     
      4     12      6     10  -2.70547000000000     
      8      9      7     10  -1.22213504982060     
      7     10      7     10  -1.76720000000000     
      9     11      7     10  -1.10937854224787     
      7      8      8     10  0.000000000000000E+000
      8     10      8     10  -1.06160000000000     
      7     11      8     10  -1.41120000000000     
     10     11      8     10 -0.640500000000000     
      9     12      8     10 -0.640500000000000     
      7      9      9     10  -1.28100000000000     
      9     10      9     10  -1.56700000000000     
      2      7      1     11  0.137602979618902     
      5      7      1     11  -4.03585000000000     
      1      8      1     11  0.137602979618902     
      4      8      1     11   1.49135000000000     
      6      9      1     11   2.39992738315346     
      2     10      1     11  8.015000000000183E-002
      5     10      1     11 -0.372975794384485     
      1     11      1     11  -5.09745000000000     
      4     11      1     11  -1.01347579438449     
      3     12      1     11   1.75942738315346     
      6      7      2     11   1.29154698593392     
      2      8      2     11 -0.137602979618902     
      5      8      2     11  -3.29017500000000     
      6     10      2     11 -0.646013025867291     
      2     11      2     11  -5.05737500000000     
      5     11      2     11   1.38645158876897     
      1     12      2     11  6.941193611332430E-002
      4     12      2     11  -1.75539156811516     
      1      7      3     11   1.86658370372186     
      4      7      3     11   1.75539156811516     
      3      8      3     11  -1.75942738315346     
      2      9      3     11  -2.39992738315346     
      5      9      3     11  -2.70547000000000     
      1     10      3     11  0.646013025867291     
      4     10      3     11 -0.337091728169051     
      3     11      3     11  -4.27247000000000     
      2      7      4     11  -1.63046775070018     
      5      7      4     11 -0.372975794384485     
      1      8      4     11  0.552795146891401     
      4      8      4     11   1.01347579438449     
      6      9      4     11 -0.632114999999998     
      2     10      4     11  0.372975794384485     
      5     10      4     11  -2.46259500000000     
      1     11      4     11  -1.01347579438449     
      4     11      4     11  -5.00189500000000     
      3     12      4     11  0.340185000000002     
      6      7      5     11  -2.40140459398245     
      2      8      5     11  -2.15534520761756     
      5      8      5     11   1.38645158876897     
      6     10      5     11 -0.337091728169051     
      2     11      5     11   1.38645158876897     
      5     11      5     11  -7.17256000000000     
      1     12      5     11  -2.40140459398245     
      4     12      5     11 -0.337091728169051     
      6      8      6     11 -0.640500000000000     
      6     11      6     11  -4.56440000000000     
      2     12      6     11  0.640500000000000     
      5     12      6     11  -2.99740000000000     
      7      8      7     11  0.000000000000000E+000
      8     10      7     11  -1.41120000000000     
      7     11      7     11  -1.06160000000000     
     10     11      7     11 -0.640500000000000     
      9     12      7     11 -0.640500000000000     
      8     11      8     11  -1.76720000000000     
      7     12      8     11  -1.22213504982060     
     10     12      8     11  -1.10937854224787     
      8      9      9     11 -0.640500000000000     
      7     10      9     11  -1.10937854224787     
      9     11      9     11  -1.56700000000000     
      7      8     10     11   2.18326289759158     
      8     10     10     11 -0.640500000000000     
      7     11     10     11 -0.640500000000000     
     10     11     10     11  -2.53930000000000     
      9     12     10     11  0.972300000000000     
      6      7      1     12  -4.78152500000000     
      2      8      1     12  0.238335351972803     
      5      8      1     12   1.29154698593392     
      6     10      1     12   2.39992738315346     
      2     11      1     12  6.941193611332386E-002
      5     11      1     12  -2.40140459398245     
      1     12      1     12  -5.13752500000000     
      4     12      1     12   1.75942738315346     
      6      8      2     12  -2.54450000000000     
      6     11      2     12  0.640500000000000     
      2     12      2     12  -5.01730000000000     
      5     12      2     12 -0.640500000000000     
      2      7      3     12   2.70814035450897     
      5      7      3     12   2.39992738315346     
      1      8      3     12  0.524877456917382     
      4      8      3     12  -1.75942738315346     
      6      9      3     12  -2.07335500000000     
      2     10      3     12  -2.39992738315346     
      5     10      3     12 -0.632114999999999     
      1     11      3     12   1.75942738315346     
      4     11      3     12  0.340185000000002     
      3     12      3     12  -4.61265500000000     
      6      7      4     12   2.39992738315346     
      2      8      4     12   1.86658370372186     
      5      8      4     12 -0.646013025867291     
      6     10      4     12  -2.70547000000000     
      2     11      4     12  -1.75539156811516     
      5     11      4     12 -0.337091728169051     
      1     12      4     12   1.75942738315346     
      4     12      4     12  -4.27247000000000     
      6      8      5     12  0.640500000000000     
      6     11      5     12  -2.99740000000000     
      2     12      5     12 -0.640500000000000     
      5     12      5     12  -4.56440000000000     
      6     12      6     12  -7.56180000000000     
      8     11      7     12  -1.22213504982060     
      7     12      7     12 -0.356000000000000     
     10     12      7     12 -0.640500000000000     
      8     12      8     12  -2.47280000000000     
     11     12      8     12  -1.28100000000000     
      7      8      9     12  -2.18326289759158     
      8     10      9     12 -0.640500000000000     
      7     11      9     12 -0.640500000000000     
     10     11      9     12  0.972300000000000     
      9     12      9     12  -2.53930000000000     
      8     11     10     12  -1.10937854224787     
      7     12     10     12 -0.640500000000000     
     10     12     10     12  -1.56700000000000     
      8     12     11     12  -1.28100000000000     
     11     12     11     12  -1.56700000000000     
