      1      1      1      1           2           0   4.29652523325536     
      1      1      1      1           0           0  -10.0984000000000     
      1      1      1      2           2           0 -0.476670703945607     
      1      1      2      1           2           0 -0.476670703945607     
      1      1      2      2           4           0  -6.05558592529242     
      1      1      2      2           2           0   2.77569812685030     
      1      2      1      1           2           0  0.476670703945607     
      1      2      1      2           2           0 -0.219499814920195     
      1      2      1      2           0           0  -14.3610912385254     
      1      2      2      1           4           0   10.6918149361147     
      1      2      2      1           2           0  -3.11565629392508     
      1      2      2      2           4           0   7.58923674977253     
      1      2      2      2           2           0   2.04287255987791     
      2      1      1      1           2           0  0.476670703945607     
      2      1      1      2           4           0   10.6918149361147     
      2      1      1      2           2           0  -3.11565629392508     
      2      1      2      1           2           0 -0.219499814920195     
      2      1      2      1           0           0  -14.3610912385254     
      2      1      2      2           4           0   7.58923674977253     
      2      1      2      2           2           0   2.04287255987791     
      2      2      1      1           4           0  -6.05558592529243     
      2      2      1      1           2           0   2.77569812685030     
      2      2      1      2           4           0  -7.58923674977253     
      2      2      1      2           2           0  -2.04287255987791     
      2      2      2      1           4           0  -7.58923674977253     
      2      2      2      1           2           0  -2.04287255987791     
      2      2      2      2           6           0   5.48558170955233     
      2      2      2      2           4           0  -7.46306694068364     
      2      2      2      2           2           0   5.27661484297224     
      2      2      2      2           0           0  -21.0113250000000     
      1      1      1      1           2           0   4.29652523325536     
      1      1      1      1           0           0  -10.0984000000000     
      1      1      1      2           2           0 -0.476670703945607     
      1      1      2      1           2           0 -0.476670703945607     
      1      1      2      2           4           0  -6.05558592529242     
      1      1      2      2           2           0   2.77569812685030     
      1      2      1      1           2           0  0.476670703945607     
      1      2      1      2           2           0 -0.219499814920195     
      1      2      1      2           0           0  -14.3610912385254     
      1      2      2      1           4           0   10.6918149361147     
      1      2      2      1           2           0  -3.11565629392508     
      1      2      2      2           4           0   7.58923674977253     
      1      2      2      2           2           0   2.04287255987791     
      2      1      1      1           2           0  0.476670703945607     
      2      1      1      2           4           0   10.6918149361147     
      2      1      1      2           2           0  -3.11565629392508     
      2      1      2      1           2           0 -0.219499814920195     
      2      1      2      1           0           0  -14.3610912385254     
      2      1      2      2           4           0   7.58923674977253     
      2      1      2      2           2           0   2.04287255987791     
      2      2      1      1           4           0  -6.05558592529243     
      2      2      1      1           2           0   2.77569812685030     
      2      2      1      2           4           0  -7.58923674977253     
      2      2      1      2           2           0  -2.04287255987791     
      2      2      2      1           4           0  -7.58923674977253     
      2      2      2      1           2           0  -2.04287255987791     
      2      2      2      2           6           0   5.48558170955233     
      2      2      2      2           4           0  -7.46306694068364     
      2      2      2      2           2           0   5.27661484297224     
      2      2      2      2           0           0  -21.0113250000000     
          60           6
   1   1   3   3   0   0   0   0-10.0984   1   1
   1   1   3   3   2   0   0   0  4.2965   1   1
   1   1   3   4   2   0   0   0 -0.4767   1   1
   1   1   4   3   2   0   0   0  0.4767   1   1
   1   1   4   4   0   0   0   0-14.3611   1   1
   1   1   4   4   2   0   0   0 -0.2195   1   1
   1   2   3   3   2   0   0   0 -0.4767   1   1
   1   2   3   4   2   0   0   0  2.7757   1   1
   1   2   3   4   4   0   0   0 -6.0556   1   1
   1   2   4   3   2   0   0   0 -3.1157   1   1
   1   2   4   3   4   0   0   0 10.6918   1   1
   1   2   4   4   2   0   0   0  2.0429   1   1
   1   2   4   4   4   0   0   0  7.5892   1   1
   2   1   3   3   2   0   0   0  0.4767   1   1
   2   1   3   4   2   0   0   0 -3.1157   1   1
   2   1   3   4   4   0   0   0 10.6918   1   1
   2   1   4   3   2   0   0   0  2.7757   1   1
   2   1   4   3   4   0   0   0 -6.0556   1   1
   2   1   4   4   2   0   0   0 -2.0429   1   1
   2   1   4   4   4   0   0   0 -7.5892   1   1
   2   2   3   3   0   0   0   0-14.3611   1   1
   2   2   3   3   2   0   0   0 -0.2195   1   1
   2   2   3   4   2   0   0   0  2.0429   1   1
   2   2   3   4   4   0   0   0  7.5892   1   1
   2   2   4   3   2   0   0   0 -2.0429   1   1
   2   2   4   3   4   0   0   0 -7.5892   1   1
   2   2   4   4   0   0   0   0-21.0113   1   1
   2   2   4   4   2   0   0   0  5.2766   1   1
   2   2   4   4   4   0   0   0 -7.4631   1   1
   2   2   4   4   6   0   0   0  5.4856   1   1
   3   3   1   1   0   0   0   0-10.0984   1   1
   3   3   1   1   2   0   0   0  4.2965   1   1
   3   3   1   2   2   0   0   0 -0.4767   1   1
   3   3   2   1   2   0   0   0  0.4767   1   1
   3   3   2   2   0   0   0   0-14.3611   1   1
   3   3   2   2   2   0   0   0 -0.2195   1   1
   3   4   1   1   2   0   0   0 -0.4767   1   1
   3   4   1   2   2   0   0   0  2.7757   1   1
   3   4   1   2   4   0   0   0 -6.0556   1   1
   3   4   2   1   2   0   0   0 -3.1157   1   1
   3   4   2   1   4   0   0   0 10.6918   1   1
   3   4   2   2   2   0   0   0  2.0429   1   1
   3   4   2   2   4   0   0   0  7.5892   1   1
   4   3   1   1   2   0   0   0  0.4767   1   1
   4   3   1   2   2   0   0   0 -3.1157   1   1
   4   3   1   2   4   0   0   0 10.6918   1   1
   4   3   2   1   2   0   0   0  2.7757   1   1
   4   3   2   1   4   0   0   0 -6.0556   1   1
   4   3   2   2   2   0   0   0 -2.0429   1   1
   4   3   2   2   4   0   0   0 -7.5892   1   1
   4   4   1   1   0   0   0   0-14.3611   1   1
   4   4   1   1   2   0   0   0 -0.2195   1   1
   4   4   1   2   2   0   0   0  2.0429   1   1
   4   4   1   2   4   0   0   0  7.5892   1   1
   4   4   2   1   2   0   0   0 -2.0429   1   1
   4   4   2   1   4   0   0   0 -7.5892   1   1
   4   4   2   2   0   0   0   0-21.0113   1   1
   4   4   2   2   2   0   0   0  5.2766   1   1
   4   4   2   2   4   0   0   0 -7.4631   1   1
   4   4   2   2   6   0   0   0  5.4856   1   1
