 ! Total Interaction
  20
   1   1   1   1     1     0  -6.2895
   1   2   1   1     1     0  -0.3892
   2   2   1   1     1     0   3.4079
   1   1   1   2     1     0  -0.3892
   1   2   1   2     1     0 -10.7048
   2   2   1   2     1     0  -6.2004
   1   1   2   2     1     0   3.4079
   1   2   2   2     1     0  -6.2004
   2   2   2   2     1     0  -6.5887
   1   2   1   2     2     0  -7.5618
   2   2   2   2     3     0  -7.5618
   1   1   1   1     0     1  -1.3283
   2   2   1   1     0     1  -3.0876
   1   1   2   2     0     1  -3.0876
   2   2   2   2     0     1  -3.5116
   1   2   1   2     1     1   0.3496
   1   2   1   2     2     1  -2.4728
   2   2   1   2     2     1   1.2810
   1   2   2   2     2     1   1.2810
   2   2   2   2     2     1  -1.5670
