      1      2      1      2  -1.15500000000000     
      2      4      1      2  0.000000000000000E+000
      1      5      1      2  0.000000000000000E+000
      4      5      1      2   2.73989735574163     
      3      6      1      2  -2.73989735574163     
      1      3      1      3  -3.15250000000000     
      3      4      1      3  -1.57090000000000     
      2      3      2      3 -0.228400000000000     
      1      4      2      3  -1.68822992213739     
      3      5      2      3 -0.785450000000000     
      2      3      1      4  -1.68822992213739     
      1      4      1      4  -2.17780000000000     
      3      5      1      4  -1.36043930680497     
      1      2      2      4  0.000000000000000E+000
      2      4      2      4  -1.20310000000000     
      1      5      2      4  -1.94940000000000     
      4      5      2      4 -0.785450000000000     
      3      6      2      4 -0.785450000000000     
      1      3      3      4  -1.57090000000000     
      3      4      3      4  -2.04170000000000     
      1      2      1      5  0.000000000000000E+000
      2      4      1      5  -1.94940000000000     
      1      5      1      5  -1.20310000000000     
      4      5      1      5 -0.785450000000000     
      3      6      1      5 -0.785450000000000     
      2      5      2      5  -2.17780000000000     
      1      6      2      5  -1.68822992213739     
      4      6      2      5  -1.36043930680497     
      2      3      3      5 -0.785450000000000     
      1      4      3      5  -1.36043930680498     
      3      5      3      5  -2.04170000000000     
      1      2      4      5   2.73989735574163     
      2      4      4      5 -0.785450000000000     
      1      5      4      5 -0.785450000000000     
      4      5      4      5  -2.96830000000000     
      3      6      4      5  0.926600000000000     
      2      5      1      6  -1.68822992213739     
      1      6      1      6 -0.228400000000000     
      4      6      1      6 -0.785450000000000     
      2      6      2      6  -3.15250000000000     
      5      6      2      6  -1.57090000000000     
      1      2      3      6  -2.73989735574163     
      2      4      3      6 -0.785450000000000     
      1      5      3      6 -0.785450000000000     
      4      5      3      6  0.926600000000000     
      3      6      3      6  -2.96830000000000     
      2      5      4      6  -1.36043930680498     
      1      6      4      6 -0.785450000000000     
      4      6      4      6  -2.04170000000000     
      2      6      5      6  -1.57090000000000     
      5      6      5      6  -2.04170000000000     
      1      7      1      7  -7.59750000000000     
      4      7      1      7  7.594326829943522E-002
      3      8      1      7 -0.131537599187457     
      2      9      1      7 -0.131537599187457     
      5      9      1      7   1.61578154464024     
      1     10      1      7  7.594326829943522E-002
      4     10      1      7  -1.86574381949934     
      3     11      1      7   1.61578154464024     
      2      7      2      7  -4.37625000000000     
      5      7      2      7  7.594326829943522E-002
      1      8      2      7  -3.22125000000000     
      4      8      2      7 -7.594326829943522E-002
      6      9      2      7  2.935918675369131E-002
      2     10      2      7 -7.594326829943522E-002
      5     10      2      7  0.903512722995981     
      1     11      2      7  7.594326829943522E-002
      4     11      2      7  -1.83638463274565     
      3     12      2      7   2.76925654249533     
      3      7      3      7  -5.89515000000000     
      1      9      3      7  -2.74265000000000     
      4      9      3      7 -0.785450000000000     
      3     10      3      7  0.785450000000000     
      1      7      4      7  7.594326829943522E-002
      4      7      4      7  -5.79368750000000     
      3      8      4      7 -0.175738205062956     
      2      9      4      7   1.51249171707443     
      5      9      4      7  0.396547176510099     
      1     10      4      7  -3.61588750000000     
      4     10      4      7  -1.24334323820898     
      3     11      4      7   1.75698648331507     
      2      7      5      7  7.594326829943523E-002
      5      7      5      7  -5.69222500000000     
      1      8      5      7  7.594326829943523E-002
      4      8      5      7 -0.202924999999999     
      6      9      5      7   1.47228985731348     
      2     10      5      7   1.74647500000000     
      5     10      5      7  -1.01439661910449     
      1     11      5      7  -4.48912500000000     
      4     11      5      7 -0.228946619104492     
      3     12      5      7   2.25773985731348     
      6      7      6      7  -5.59076250000000     
      2      8      6      7  0.131537599187457     
      5      8      6      7 -0.175738205062957     
      6     10      6      7   1.47228985731348     
      2     11      6      7   1.51249171707443     
      5     11      6      7  -2.15353365982517     
      1     12      6      7  -5.36236250000000     
      4     12      6      7   2.25773985731348     
      2      7      1      8  -3.22125000000000     
      5      7      1      8  7.594326829943522E-002
      1      8      1      8  -4.37625000000000     
      4      8      1      8 -7.594326829943522E-002
      6      9      1      8   2.76925654249533     
      2     10      1      8 -7.594326829943522E-002
      5     10      1      8  -1.83638463274565     
      1     11      1      8  7.594326829943522E-002
      4     11      1      8  0.903512722995981     
      3     12      1      8  2.935918675369131E-002
      6      7      2      8  0.131537599187457     
      2      8      2      8  -7.59750000000000     
      5      8      2      8 -7.594326829943522E-002
      6     10      2      8   1.61578154464024     
      2     11      2      8 -7.594326829943522E-002
      5     11      2      8  -1.86574381949934     
      1     12      2      8  0.131537599187457     
      4     12      2      8   1.61578154464024     
      1      7      3      8 -0.131537599187457     
      4      7      3      8 -0.175738205062957     
      3      8      3      8  -5.59076250000000     
      2      9      3      8  -5.36236250000000     
      5      9      3      8  -2.25773985731348     
      1     10      3      8   1.51249171707443     
      4     10      3      8   2.15353365982517     
      3     11      3      8  -1.47228985731348     
      2      7      4      8 -7.594326829943523E-002
      5      7      4      8 -0.202924999999999     
      1      8      4      8 -7.594326829943523E-002
      4      8      4      8  -5.69222500000000     
      6      9      4      8  -2.25773985731348     
      2     10      4      8  -4.48912500000000     
      5     10      4      8  0.228946619104492     
      1     11      4      8   1.74647500000000     
      4     11      4      8   1.01439661910449     
      3     12      4      8  -1.47228985731348     
      6      7      5      8 -0.175738205062956     
      2      8      5      8 -7.594326829943522E-002
      5      8      5      8  -5.79368750000000     
      6     10      5      8  -1.75698648331507     
      2     11      5      8  -3.61588750000000     
      5     11      5      8   1.24334323820898     
      1     12      5      8   1.51249171707443     
      4     12      5      8 -0.396547176510099     
      6      8      6      8  -5.89515000000000     
      6     11      6      8 -0.785450000000000     
      2     12      6      8  -2.74265000000000     
      5     12      6      8  0.785450000000000     
      7      8      7      8  -1.15500000000000     
      8     10      7      8  0.000000000000000E+000
      7     11      7      8  0.000000000000000E+000
     10     11      7      8   2.73989735574163     
      9     12      7      8  -2.73989735574163     
      3      7      1      9  -2.74265000000000     
      1      9      1      9  -5.89515000000000     
      4      9      1      9  0.785450000000000     
      3     10      1      9 -0.785450000000000     
      1      7      2      9 -0.131537599187457     
      4      7      2      9   1.51249171707443     
      3      8      2      9  -5.36236250000000     
      2      9      2      9  -5.59076250000000     
      5      9      2      9  -1.47228985731348     
      1     10      2      9 -0.175738205062957     
      4     10      2      9   2.15353365982517     
      3     11      2      9  -2.25773985731348     
      3      9      3      9  -8.63780000000000     
      3      7      4      9 -0.785450000000000     
      1      9      4      9  0.785450000000000     
      4      9      4      9  -5.33975000000000     
      3     10      4      9  -3.29805000000000     
      1      7      5      9   1.61578154464024     
      4      7      5      9  0.396547176510099     
      3      8      5      9  -2.25773985731348     
      2      9      5      9  -1.47228985731348     
      5      9      5      9  -5.17865000000000     
      1     10      5      9   1.75698648331507     
      4     10      5      9 -0.186022256732894     
      3     11      5      9  -3.13695000000000     
      2      7      6      9  2.935918675369109E-002
      5      7      6      9   1.47228985731348     
      1      8      6      9   2.76925654249533     
      4      8      6      9  -2.25773985731348     
      6      9      6      9  -5.56140000000000     
      2     10      6      9  -1.47228985731348     
      5     10      6      9  0.382750000000002     
      1     11      6      9   2.25773985731348     
      4     11      6      9 -0.543849999999998     
      3     12      6      9  -2.59310000000000     
      7      9      7      9  -3.15250000000000     
      9     10      7      9  -1.57090000000000     
      8      9      8      9 -0.228400000000000     
      7     10      8      9  -1.68822992213739     
      9     11      8      9 -0.785450000000000     
      1      7      1     10  7.594326829943522E-002
      4      7      1     10  -3.61588750000000     
      3      8      1     10   1.51249171707443     
      2      9      1     10 -0.175738205062956     
      5      9      1     10   1.75698648331507     
      1     10      1     10  -5.79368750000000     
      4     10      1     10  -1.24334323820898     
      3     11      1     10  0.396547176510099     
      2      7      2     10 -7.594326829943523E-002
      5      7      2     10   1.74647500000000     
      1      8      2     10 -7.594326829943523E-002
      4      8      2     10  -4.48912500000000     
      6      9      2     10  -1.47228985731348     
      2     10      2     10  -5.69222500000000     
      5     10      2     10   1.01439661910449     
      1     11      2     10 -0.202924999999999     
      4     11      2     10  0.228946619104492     
      3     12      2     10  -2.25773985731348     
      3      7      3     10  0.785450000000000     
      1      9      3     10 -0.785450000000000     
      4      9      3     10  -3.29805000000000     
      3     10      3     10  -5.33975000000000     
      1      7      4     10  -1.86574381949934     
      4      7      4     10  -1.24334323820898     
      3      8      4     10   2.15353365982517     
      2      9      4     10   2.15353365982517     
      5      9      4     10 -0.186022256732894     
      1     10      4     10  -1.24334323820898     
      4     10      4     10  -8.42300000000000     
      3     11      4     10 -0.186022256732894     
      2      7      5     10  0.903512722995981     
      5      7      5     10  -1.01439661910449     
      1      8      5     10  -1.83638463274565     
      4      8      5     10  0.228946619104492     
      6      9      5     10  0.382750000000002     
      2     10      5     10   1.01439661910449     
      5     10      5     10  -5.77620000000000     
      1     11      5     10 -0.228946619104492     
      4     11      5     10  -2.80790000000000     
      3     12      5     10 -0.543849999999998     
      6      7      6     10   1.47228985731348     
      2      8      6     10   1.61578154464024     
      5      8      6     10  -1.75698648331507     
      6     10      6     10  -5.17865000000000     
      2     11      6     10 -0.396547176510099     
      5     11      6     10 -0.186022256732894     
      1     12      6     10   2.25773985731348     
      4     12      6     10  -3.13695000000000     
      8      9      7     10  -1.68822992213739     
      7     10      7     10  -2.17780000000000     
      9     11      7     10  -1.36043930680497     
      7      8      8     10  0.000000000000000E+000
      8     10      8     10  -1.20310000000000     
      7     11      8     10  -1.94940000000000     
     10     11      8     10 -0.785450000000000     
      9     12      8     10 -0.785450000000000     
      7      9      9     10  -1.57090000000000     
      9     10      9     10  -2.04170000000000     
      2      7      1     11  7.594326829943523E-002
      5      7      1     11  -4.48912500000000     
      1      8      1     11  7.594326829943523E-002
      4      8      1     11   1.74647500000000     
      6      9      1     11   2.25773985731348     
      2     10      1     11 -0.202924999999999     
      5     10      1     11 -0.228946619104492     
      1     11      1     11  -5.69222500000000     
      4     11      1     11  -1.01439661910449     
      3     12      1     11   1.47228985731348     
      6      7      2     11   1.51249171707443     
      2      8      2     11 -7.594326829943522E-002
      5      8      2     11  -3.61588750000000     
      6     10      2     11 -0.396547176510099     
      2     11      2     11  -5.79368750000000     
      5     11      2     11   1.24334323820898     
      1     12      2     11 -0.175738205062956     
      4     12      2     11  -1.75698648331507     
      1      7      3     11   1.61578154464024     
      4      7      3     11   1.75698648331507     
      3      8      3     11  -1.47228985731348     
      2      9      3     11  -2.25773985731348     
      5      9      3     11  -3.13695000000000     
      1     10      3     11  0.396547176510099     
      4     10      3     11 -0.186022256732894     
      3     11      3     11  -5.17865000000000     
      2      7      4     11  -1.83638463274565     
      5      7      4     11 -0.228946619104492     
      1      8      4     11  0.903512722995981     
      4      8      4     11   1.01439661910449     
      6      9      4     11 -0.543849999999998     
      2     10      4     11  0.228946619104492     
      5     10      4     11  -2.80790000000000     
      1     11      4     11  -1.01439661910449     
      4     11      4     11  -5.77620000000000     
      3     12      4     11  0.382750000000002     
      6      7      5     11  -2.15353365982517     
      2      8      5     11  -1.86574381949934     
      5      8      5     11   1.24334323820898     
      6     10      5     11 -0.186022256732894     
      2     11      5     11   1.24334323820898     
      5     11      5     11  -8.42300000000000     
      1     12      5     11  -2.15353365982517     
      4     12      5     11 -0.186022256732894     
      6      8      6     11 -0.785450000000000     
      6     11      6     11  -5.33975000000000     
      2     12      6     11  0.785450000000000     
      5     12      6     11  -3.29805000000000     
      7      8      7     11  0.000000000000000E+000
      8     10      7     11  -1.94940000000000     
      7     11      7     11  -1.20310000000000     
     10     11      7     11 -0.785450000000000     
      9     12      7     11 -0.785450000000000     
      8     11      8     11  -2.17780000000000     
      7     12      8     11  -1.68822992213739     
     10     12      8     11  -1.36043930680497     
      8      9      9     11 -0.785450000000000     
      7     10      9     11  -1.36043930680498     
      9     11      9     11  -2.04170000000000     
      7      8     10     11   2.73989735574163     
      8     10     10     11 -0.785450000000000     
      7     11     10     11 -0.785450000000000     
     10     11     10     11  -2.96830000000000     
      9     12     10     11  0.926600000000000     
      6      7      1     12  -5.36236250000000     
      2      8      1     12  0.131537599187457     
      5      8      1     12   1.51249171707443     
      6     10      1     12   2.25773985731348     
      2     11      1     12 -0.175738205062957     
      5     11      1     12  -2.15353365982517     
      1     12      1     12  -5.59076250000000     
      4     12      1     12   1.47228985731348     
      6      8      2     12  -2.74265000000000     
      6     11      2     12  0.785450000000000     
      2     12      2     12  -5.89515000000000     
      5     12      2     12 -0.785450000000000     
      2      7      3     12   2.76925654249533     
      5      7      3     12   2.25773985731348     
      1      8      3     12  2.935918675369109E-002
      4      8      3     12  -1.47228985731348     
      6      9      3     12  -2.59310000000000     
      2     10      3     12  -2.25773985731348     
      5     10      3     12 -0.543849999999998     
      1     11      3     12   1.47228985731348     
      4     11      3     12  0.382750000000002     
      3     12      3     12  -5.56140000000000     
      6      7      4     12   2.25773985731348     
      2      8      4     12   1.61578154464024     
      5      8      4     12 -0.396547176510099     
      6     10      4     12  -3.13695000000000     
      2     11      4     12  -1.75698648331507     
      5     11      4     12 -0.186022256732894     
      1     12      4     12   1.47228985731348     
      4     12      4     12  -5.17865000000000     
      6      8      5     12  0.785450000000000     
      6     11      5     12  -3.29805000000000     
      2     12      5     12 -0.785450000000000     
      5     12      5     12  -5.33975000000000     
      6     12      6     12  -8.63780000000000     
      8     11      7     12  -1.68822992213739     
      7     12      7     12 -0.228400000000000     
     10     12      7     12 -0.785450000000000     
      8     12      8     12  -3.15250000000000     
     11     12      8     12  -1.57090000000000     
      7      8      9     12  -2.73989735574163     
      8     10      9     12 -0.785450000000000     
      7     11      9     12 -0.785450000000000     
     10     11      9     12  0.926600000000000     
      9     12      9     12  -2.96830000000000     
      8     11     10     12  -1.36043930680498     
      7     12     10     12 -0.785450000000000     
     10     12     10     12  -2.04170000000000     
      8     12     11     12  -1.57090000000000     
     11     12     11     12  -2.04170000000000     
