      1      1      1      1           2           0   5.57936866388125     
      1      1      1      1           0           0  -11.9737500000000     
      1      1      1      2           2           0 -0.263075198374913     
      1      1      2      1           2           0 -0.263075198374913     
      1      1      2      2           4           0  -6.19224587615558     
      1      1      2      2           2           0   1.66663314776653     
      1      2      1      1           2           0  0.263075198374913     
      1      2      1      2           2           0  0.555732999908679     
      1      2      1      2           0           0  -16.2435332337307     
      1      2      2      1           4           0   11.9906070699957     
      1      2      2      1           2           0  -3.23791743030435     
      1      2      2      2           4           0   7.13960031325415     
      1      2      2      2           2           0   1.25399227748073     
      2      1      1      1           2           0  0.263075198374913     
      2      1      1      2           4           0   11.9906070699957     
      2      1      1      2           2           0  -3.23791743030435     
      2      1      2      1           2           0  0.555732999908679     
      2      1      2      1           0           0  -16.2435332337307     
      2      1      2      2           4           0   7.13960031325415     
      2      1      2      2           2           0   1.25399227748073     
      2      2      1      1           4           0  -6.19224587615558     
      2      2      1      1           2           0   1.66663314776654     
      2      2      1      2           4           0  -7.13960031325415     
      2      2      1      2           2           0  -1.25399227748073     
      2      2      2      1           4           0  -7.13960031325415     
      2      2      2      1           2           0  -1.25399227748073     
      2      2      2      2           6           0   6.86069772472159     
      2      2      2      2           4           0  -8.23051901158123     
      2      2      2      2           2           0   5.42149223277135     
      2      2      2      2           0           0  -24.7176000000000     
      1      1      1      1           2           0   5.57936866388125     
      1      1      1      1           0           0  -11.9737500000000     
      1      1      1      2           2           0 -0.263075198374913     
      1      1      2      1           2           0 -0.263075198374913     
      1      1      2      2           4           0  -6.19224587615558     
      1      1      2      2           2           0   1.66663314776653     
      1      2      1      1           2           0  0.263075198374913     
      1      2      1      2           2           0  0.555732999908679     
      1      2      1      2           0           0  -16.2435332337307     
      1      2      2      1           4           0   11.9906070699957     
      1      2      2      1           2           0  -3.23791743030435     
      1      2      2      2           4           0   7.13960031325415     
      1      2      2      2           2           0   1.25399227748073     
      2      1      1      1           2           0  0.263075198374913     
      2      1      1      2           4           0   11.9906070699957     
      2      1      1      2           2           0  -3.23791743030435     
      2      1      2      1           2           0  0.555732999908679     
      2      1      2      1           0           0  -16.2435332337307     
      2      1      2      2           4           0   7.13960031325415     
      2      1      2      2           2           0   1.25399227748073     
      2      2      1      1           4           0  -6.19224587615558     
      2      2      1      1           2           0   1.66663314776654     
      2      2      1      2           4           0  -7.13960031325415     
      2      2      1      2           2           0  -1.25399227748073     
      2      2      2      1           4           0  -7.13960031325415     
      2      2      2      1           2           0  -1.25399227748073     
      2      2      2      2           6           0   6.86069772472159     
      2      2      2      2           4           0  -8.23051901158123     
      2      2      2      2           2           0   5.42149223277135     
      2      2      2      2           0           0  -24.7176000000000     
          60           6
   1   1   3   3   0   0   0   0-11.9738   1   1
   1   1   3   3   2   0   0   0  5.5794   1   1
   1   1   3   4   2   0   0   0 -0.2631   1   1
   1   1   4   3   2   0   0   0  0.2631   1   1
   1   1   4   4   0   0   0   0-16.2435   1   1
   1   1   4   4   2   0   0   0  0.5557   1   1
   1   2   3   3   2   0   0   0 -0.2631   1   1
   1   2   3   4   2   0   0   0  1.6666   1   1
   1   2   3   4   4   0   0   0 -6.1922   1   1
   1   2   4   3   2   0   0   0 -3.2379   1   1
   1   2   4   3   4   0   0   0 11.9906   1   1
   1   2   4   4   2   0   0   0  1.2540   1   1
   1   2   4   4   4   0   0   0  7.1396   1   1
   2   1   3   3   2   0   0   0  0.2631   1   1
   2   1   3   4   2   0   0   0 -3.2379   1   1
   2   1   3   4   4   0   0   0 11.9906   1   1
   2   1   4   3   2   0   0   0  1.6666   1   1
   2   1   4   3   4   0   0   0 -6.1922   1   1
   2   1   4   4   2   0   0   0 -1.2540   1   1
   2   1   4   4   4   0   0   0 -7.1396   1   1
   2   2   3   3   0   0   0   0-16.2435   1   1
   2   2   3   3   2   0   0   0  0.5557   1   1
   2   2   3   4   2   0   0   0  1.2540   1   1
   2   2   3   4   4   0   0   0  7.1396   1   1
   2   2   4   3   2   0   0   0 -1.2540   1   1
   2   2   4   3   4   0   0   0 -7.1396   1   1
   2   2   4   4   0   0   0   0-24.7176   1   1
   2   2   4   4   2   0   0   0  5.4215   1   1
   2   2   4   4   4   0   0   0 -8.2305   1   1
   2   2   4   4   6   0   0   0  6.8607   1   1
   3   3   1   1   0   0   0   0-11.9738   1   1
   3   3   1   1   2   0   0   0  5.5794   1   1
   3   3   1   2   2   0   0   0 -0.2631   1   1
   3   3   2   1   2   0   0   0  0.2631   1   1
   3   3   2   2   0   0   0   0-16.2435   1   1
   3   3   2   2   2   0   0   0  0.5557   1   1
   3   4   1   1   2   0   0   0 -0.2631   1   1
   3   4   1   2   2   0   0   0  1.6666   1   1
   3   4   1   2   4   0   0   0 -6.1922   1   1
   3   4   2   1   2   0   0   0 -3.2379   1   1
   3   4   2   1   4   0   0   0 11.9906   1   1
   3   4   2   2   2   0   0   0  1.2540   1   1
   3   4   2   2   4   0   0   0  7.1396   1   1
   4   3   1   1   2   0   0   0  0.2631   1   1
   4   3   1   2   2   0   0   0 -3.2379   1   1
   4   3   1   2   4   0   0   0 11.9906   1   1
   4   3   2   1   2   0   0   0  1.6666   1   1
   4   3   2   1   4   0   0   0 -6.1922   1   1
   4   3   2   2   2   0   0   0 -1.2540   1   1
   4   3   2   2   4   0   0   0 -7.1396   1   1
   4   4   1   1   0   0   0   0-16.2435   1   1
   4   4   1   1   2   0   0   0  0.5557   1   1
   4   4   1   2   2   0   0   0  1.2540   1   1
   4   4   1   2   4   0   0   0  7.1396   1   1
   4   4   2   1   2   0   0   0 -1.2540   1   1
   4   4   2   1   4   0   0   0 -7.1396   1   1
   4   4   2   2   0   0   0   0-24.7176   1   1
   4   4   2   2   2   0   0   0  5.4215   1   1
   4   4   2   2   4   0   0   0 -8.2305   1   1
   4   4   2   2   6   0   0   0  6.8607   1   1
