      1      1      1      1           2           0   5.52853297267910     
      1      1      1      1           0           0  -12.1037000000000     
      1      1      1      2           2           0  -1.88365761220026     
      1      1      2      1           2           0  -1.88365761220026     
      1      1      2      2           4           0  -8.45846163463915     
      1      1      2      2           2           0   6.00190480892005     
      1      2      1      1           2           0   1.88365761220026     
      1      2      1      2           2           0 -5.874324429242694E-002
      1      2      1      2           0           0  -17.8931603212303     
      1      2      2      1           4           0   13.1079981892021     
      1      2      2      1           2           0  -5.66514848012609     
      1      2      2      2           4           0   10.2083617130476     
      1      2      2      2           2           0   4.43357204470433     
      2      1      1      1           2           0   1.88365761220026     
      2      1      1      2           4           0   13.1079981892021     
      2      1      1      2           2           0  -5.66514848012609     
      2      1      2      1           2           0 -5.874324429242694E-002
      2      1      2      1           0           0  -17.8931603212303     
      2      1      2      2           4           0   10.2083617130476     
      2      1      2      2           2           0   4.43357204470433     
      2      2      1      1           4           0  -8.45846163463915     
      2      2      1      1           2           0   6.00190480892005     
      2      2      1      2           4           0  -10.2083617130476     
      2      2      1      2           2           0  -4.43357204470433     
      2      2      2      1           4           0  -10.2083617130476     
      2      2      2      1           2           0  -4.43357204470433     
      2      2      2      2           6           0   5.50129747234005     
      2      2      2      2           4           0  -8.98131237604644     
      2      2      2      2           2           0   10.2610067339455     
      2      2      2      2           0           0  -25.8188250000000     
      1      1      1      1           2           0   5.52853297267910     
      1      1      1      1           0           0  -12.1037000000000     
      1      1      1      2           2           0  -1.88365761220026     
      1      1      2      1           2           0  -1.88365761220026     
      1      1      2      2           4           0  -8.45846163463915     
      1      1      2      2           2           0   6.00190480892005     
      1      2      1      1           2           0   1.88365761220026     
      1      2      1      2           2           0 -5.874324429242694E-002
      1      2      1      2           0           0  -17.8931603212303     
      1      2      2      1           4           0   13.1079981892021     
      1      2      2      1           2           0  -5.66514848012609     
      1      2      2      2           4           0   10.2083617130476     
      1      2      2      2           2           0   4.43357204470433     
      2      1      1      1           2           0   1.88365761220026     
      2      1      1      2           4           0   13.1079981892021     
      2      1      1      2           2           0  -5.66514848012609     
      2      1      2      1           2           0 -5.874324429242694E-002
      2      1      2      1           0           0  -17.8931603212303     
      2      1      2      2           4           0   10.2083617130476     
      2      1      2      2           2           0   4.43357204470433     
      2      2      1      1           4           0  -8.45846163463915     
      2      2      1      1           2           0   6.00190480892005     
      2      2      1      2           4           0  -10.2083617130476     
      2      2      1      2           2           0  -4.43357204470433     
      2      2      2      1           4           0  -10.2083617130476     
      2      2      2      1           2           0  -4.43357204470433     
      2      2      2      2           6           0   5.50129747234005     
      2      2      2      2           4           0  -8.98131237604644     
      2      2      2      2           2           0   10.2610067339455     
      2      2      2      2           0           0  -25.8188250000000     
          60           6
   1   1   3   3   0   0   0   0-12.1037   1   1
   1   1   3   3   2   0   0   0  5.5285   1   1
   1   1   3   4   2   0   0   0 -1.8837   1   1
   1   1   4   3   2   0   0   0  1.8837   1   1
   1   1   4   4   0   0   0   0-17.8932   1   1
   1   1   4   4   2   0   0   0 -0.0587   1   1
   1   2   3   3   2   0   0   0 -1.8837   1   1
   1   2   3   4   2   0   0   0  6.0019   1   1
   1   2   3   4   4   0   0   0 -8.4585   1   1
   1   2   4   3   2   0   0   0 -5.6651   1   1
   1   2   4   3   4   0   0   0 13.1080   1   1
   1   2   4   4   2   0   0   0  4.4336   1   1
   1   2   4   4   4   0   0   0 10.2084   1   1
   2   1   3   3   2   0   0   0  1.8837   1   1
   2   1   3   4   2   0   0   0 -5.6651   1   1
   2   1   3   4   4   0   0   0 13.1080   1   1
   2   1   4   3   2   0   0   0  6.0019   1   1
   2   1   4   3   4   0   0   0 -8.4585   1   1
   2   1   4   4   2   0   0   0 -4.4336   1   1
   2   1   4   4   4   0   0   0-10.2084   1   1
   2   2   3   3   0   0   0   0-17.8932   1   1
   2   2   3   3   2   0   0   0 -0.0587   1   1
   2   2   3   4   2   0   0   0  4.4336   1   1
   2   2   3   4   4   0   0   0 10.2084   1   1
   2   2   4   3   2   0   0   0 -4.4336   1   1
   2   2   4   3   4   0   0   0-10.2084   1   1
   2   2   4   4   0   0   0   0-25.8188   1   1
   2   2   4   4   2   0   0   0 10.2610   1   1
   2   2   4   4   4   0   0   0 -8.9813   1   1
   2   2   4   4   6   0   0   0  5.5013   1   1
   3   3   1   1   0   0   0   0-12.1037   1   1
   3   3   1   1   2   0   0   0  5.5285   1   1
   3   3   1   2   2   0   0   0 -1.8837   1   1
   3   3   2   1   2   0   0   0  1.8837   1   1
   3   3   2   2   0   0   0   0-17.8932   1   1
   3   3   2   2   2   0   0   0 -0.0587   1   1
   3   4   1   1   2   0   0   0 -1.8837   1   1
   3   4   1   2   2   0   0   0  6.0019   1   1
   3   4   1   2   4   0   0   0 -8.4585   1   1
   3   4   2   1   2   0   0   0 -5.6651   1   1
   3   4   2   1   4   0   0   0 13.1080   1   1
   3   4   2   2   2   0   0   0  4.4336   1   1
   3   4   2   2   4   0   0   0 10.2084   1   1
   4   3   1   1   2   0   0   0  1.8837   1   1
   4   3   1   2   2   0   0   0 -5.6651   1   1
   4   3   1   2   4   0   0   0 13.1080   1   1
   4   3   2   1   2   0   0   0  6.0019   1   1
   4   3   2   1   4   0   0   0 -8.4585   1   1
   4   3   2   2   2   0   0   0 -4.4336   1   1
   4   3   2   2   4   0   0   0-10.2084   1   1
   4   4   1   1   0   0   0   0-17.8932   1   1
   4   4   1   1   2   0   0   0 -0.0587   1   1
   4   4   1   2   2   0   0   0  4.4336   1   1
   4   4   1   2   4   0   0   0 10.2084   1   1
   4   4   2   1   2   0   0   0 -4.4336   1   1
   4   4   2   1   4   0   0   0-10.2084   1   1
   4   4   2   2   0   0   0   0-25.8188   1   1
   4   4   2   2   2   0   0   0 10.2610   1   1
   4   4   2   2   4   0   0   0 -8.9813   1   1
   4   4   2   2   6   0   0   0  5.5013   1   1
