 ! Total Interaction
  20
   1   1   1   1     1     0  -7.6478
   1   2   1   1     1     0  -1.5380
   2   2   1   1     1     0   5.7300
   1   1   1   2     1     0  -1.5380
   1   2   1   2     1     0 -12.8629
   2   2   1   2     1     0  -9.0284
   1   1   2   2     1     0   5.7300
   1   2   2   2     1     0  -9.0284
   2   2   2   2     1     0  -6.3838
   1   2   1   2     2     0 -10.2287
   2   2   2   2     3     0 -10.2287
   1   1   1   1     0     1  -1.2640
   2   2   1   1     0     1  -3.0116
   1   1   2   2     0     1  -3.0116
   2   2   2   2     0     1  -3.3935
   1   2   1   2     1     1   0.1569
   1   2   1   2     2     1  -2.3915
   2   2   1   2     2     1   0.7998
   1   2   2   2     2     1   0.7998
   2   2   2   2     2     1  -1.8259
