      1      2      1      2  -1.26400000000000     
      2      4      1      2  0.000000000000000E+000
      1      5      1      2  0.000000000000000E+000
      4      5      1      2   2.12952278222141     
      3      6      1      2  -2.12952278222141     
      1      3      1      3  -2.39150000000000     
      3      4      1      3 -0.799800000000000     
      2      3      2      3 -0.480200000000000     
      1      4      2      3  -1.10348956950213     
      3      5      2      3 -0.399900000000000     
      2      3      1      4  -1.10348956950213     
      1      4      1      4  -1.75440000000000     
      3      5      1      4 -0.692647117946794     
      1      2      2      4  0.000000000000000E+000
      2      4      2      4  -1.11730000000000     
      1      5      2      4  -1.27420000000000     
      4      5      2      4 -0.399900000000000     
      3      6      2      4 -0.399900000000000     
      1      3      3      4 -0.799800000000000     
      3      4      3      4  -1.82590000000000     
      1      2      1      5  0.000000000000000E+000
      2      4      1      5  -1.27420000000000     
      1      5      1      5  -1.11730000000000     
      4      5      1      5 -0.399900000000000     
      3      6      1      5 -0.399900000000000     
      2      5      2      5  -1.75440000000000     
      1      6      2      5  -1.10348956950213     
      4      6      2      5 -0.692647117946794     
      2      3      3      5 -0.399900000000000     
      1      4      3      5 -0.692647117946794     
      3      5      3      5  -1.82590000000000     
      1      2      4      5   2.12952278222141     
      2      4      4      5 -0.399900000000000     
      1      5      4      5 -0.399900000000000     
      4      5      4      5  -2.60970000000000     
      3      6      4      5  0.783800000000000     
      2      5      1      6  -1.10348956950213     
      1      6      1      6 -0.480200000000000     
      4      6      1      6 -0.399900000000000     
      2      6      2      6  -2.39150000000000     
      5      6      2      6 -0.799800000000000     
      1      2      3      6  -2.12952278222141     
      2      4      3      6 -0.399900000000000     
      1      5      3      6 -0.399900000000000     
      4      5      3      6  0.783800000000000     
      3      6      3      6  -2.60970000000000     
      2      5      4      6 -0.692647117946794     
      1      6      4      6 -0.399900000000000     
      4      6      4      6  -1.82590000000000     
      2      6      5      6 -0.799800000000000     
      5      6      5      6  -1.82590000000000     
      1      7      1      7  -7.64780000000000     
      4      7      1      7  0.543765114732455     
      3      8      1      7 -0.941828806100132     
      2      9      1      7 -0.941828806100132     
      5      9      1      7   3.13845025450460     
      1     10      1      7  0.543765114732455     
      4     10      1      7  -3.62397019855296     
      3     11      1      7   3.13845025450460     
      2      7      2      7  -4.45590000000000     
      5      7      2      7  0.543765114732455     
      1      8      2      7  -3.19190000000000     
      4      8      2      7 -0.543765114732455     
      6      9      2      7   1.65321625780402     
      2     10      2      7 -0.543765114732455     
      5     10      2      7  0.158768841472463     
      1     11      2      7  0.543765114732455     
      4     11      2      7  -1.97075394074894     
      3     12      2      7   3.78273904002543     
      3      7      3      7  -6.31010000000000     
      1      9      3      7  -3.91860000000000     
      4      9      3      7 -0.399900000000000     
      3     10      3      7  0.399900000000000     
      1      7      4      7  0.543765114732455     
      4      7      4      7  -6.32082500000000     
      3      8      4      7  1.857624491117738E-002
      2      9      4      7   1.12206581441331     
      5      9      4      7   1.40201858317156     
      1     10      4      7  -4.56642500000000     
      4     10      4      7  -2.01881161280591     
      3     11      4      7   2.09466570111835     
      2      7      5      7  0.543765114732455     
      5      7      5      7  -6.33155000000000     
      1      8      5      7  0.543765114732455     
      4      8      5      7  2.145000000000186E-002
      6      9      5      7   2.82826741920887     
      2     10      5      7   1.29565000000000     
      5     10      5      7  -1.20935580640296     
      1     11      5      7  -5.21425000000000     
      4     11      5      7 -0.809455806402956     
      3     12      5      7   3.22816741920887     
      6      7      6      7  -6.34227500000000     
      2      8      6      7  0.941828806100132     
      5      8      6      7  1.857624491117749E-002
      6     10      6      7   2.82826741920887     
      2     11      6      7   1.12206581441331     
      5     11      6      7  -3.49668428428991     
      1     12      6      7  -5.86207500000000     
      4     12      6      7   3.22816741920887     
      2      7      1      8  -3.19190000000000     
      5      7      1      8  0.543765114732455     
      1      8      1      8  -4.45590000000000     
      4      8      1      8 -0.543765114732455     
      6      9      1      8   3.78273904002543     
      2     10      1      8 -0.543765114732455     
      5     10      1      8  -1.97075394074894     
      1     11      1      8  0.543765114732455     
      4     11      1      8  0.158768841472463     
      3     12      1      8   1.65321625780402     
      6      7      2      8  0.941828806100132     
      2      8      2      8  -7.64780000000000     
      5      8      2      8 -0.543765114732455     
      6     10      2      8   3.13845025450460     
      2     11      2      8 -0.543765114732455     
      5     11      2      8  -3.62397019855296     
      1     12      2      8  0.941828806100132     
      4     12      2      8   3.13845025450460     
      1      7      3      8 -0.941828806100132     
      4      7      3      8  1.857624491117749E-002
      3      8      3      8  -6.34227500000000     
      2      9      3      8  -5.86207500000000     
      5      9      3      8  -3.22816741920887     
      1     10      3      8   1.12206581441331     
      4     10      3      8   3.49668428428991     
      3     11      3      8  -2.82826741920887     
      2      7      4      8 -0.543765114732455     
      5      7      4      8  2.145000000000186E-002
      1      8      4      8 -0.543765114732455     
      4      8      4      8  -6.33155000000000     
      6      9      4      8  -3.22816741920887     
      2     10      4      8  -5.21425000000000     
      5     10      4      8  0.809455806402956     
      1     11      4      8   1.29565000000000     
      4     11      4      8   1.20935580640296     
      3     12      4      8  -2.82826741920887     
      6      7      5      8  1.857624491117738E-002
      2      8      5      8 -0.543765114732455     
      5      8      5      8  -6.32082500000000     
      6     10      5      8  -2.09466570111835     
      2     11      5      8  -4.56642500000000     
      5     11      5      8   2.01881161280591     
      1     12      5      8   1.12206581441331     
      4     12      5      8  -1.40201858317156     
      6      8      6      8  -6.31010000000000     
      6     11      6      8 -0.399900000000000     
      2     12      6      8  -3.91860000000000     
      5     12      6      8  0.399900000000000     
      7      8      7      8  -1.26400000000000     
      8     10      7      8  0.000000000000000E+000
      7     11      7      8  0.000000000000000E+000
     10     11      7      8   2.12952278222141     
      9     12      7      8  -2.12952278222141     
      3      7      1      9  -3.91860000000000     
      1      9      1      9  -6.31010000000000     
      4      9      1      9  0.399900000000000     
      3     10      1      9 -0.399900000000000     
      1      7      2      9 -0.941828806100132     
      4      7      2      9   1.12206581441331     
      3      8      2      9  -5.86207500000000     
      2      9      2      9  -6.34227500000000     
      5      9      2      9  -2.82826741920887     
      1     10      2      9  1.857624491117749E-002
      4     10      2      9   3.49668428428991     
      3     11      2      9  -3.22816741920887     
      3      9      3      9  -10.2287000000000     
      3      7      4      9 -0.399900000000000     
      1      9      4      9  0.399900000000000     
      4      9      4      9  -6.02730000000000     
      3     10      4      9  -4.20139999999999     
      1      7      5      9   3.13845025450460     
      4      7      5      9   1.40201858317156     
      3      8      5      9  -3.22816741920887     
      2      9      5      9  -2.82826741920887     
      5      9      5      9  -4.87383000000000     
      1     10      5      9   2.09466570111835     
      4     10      5      9  -1.33191243000431     
      3     11      5      9  -3.04793000000000     
      2      7      6      9   1.65321625780402     
      5      7      6      9   2.82826741920887     
      1      8      6      9   3.78273904002543     
      4      8      6      9  -3.22816741920887     
      6      9      6      9  -4.68899500000000     
      2     10      6      9  -2.82826741920887     
      5     10      6      9 -0.184834999999998     
      1     11      6      9   3.22816741920887     
      4     11      6      9 -0.968634999999998     
      3     12      6      9  -2.07929500000000     
      7      9      7      9  -2.39150000000000     
      9     10      7      9 -0.799800000000000     
      8      9      8      9 -0.480200000000000     
      7     10      8      9  -1.10348956950213     
      9     11      8      9 -0.399900000000000     
      1      7      1     10  0.543765114732455     
      4      7      1     10  -4.56642500000000     
      3      8      1     10   1.12206581441331     
      2      9      1     10  1.857624491117738E-002
      5      9      1     10   2.09466570111835     
      1     10      1     10  -6.32082500000000     
      4     10      1     10  -2.01881161280591     
      3     11      1     10   1.40201858317156     
      2      7      2     10 -0.543765114732455     
      5      7      2     10   1.29565000000000     
      1      8      2     10 -0.543765114732455     
      4      8      2     10  -5.21425000000000     
      6      9      2     10  -2.82826741920887     
      2     10      2     10  -6.33155000000000     
      5     10      2     10   1.20935580640296     
      1     11      2     10  2.145000000000186E-002
      4     11      2     10  0.809455806402956     
      3     12      2     10  -3.22816741920887     
      3      7      3     10  0.399900000000000     
      1      9      3     10 -0.399900000000000     
      4      9      3     10  -4.20139999999999     
      3     10      3     10  -6.02729999999999     
      1      7      4     10  -3.62397019855296     
      4      7      4     10  -2.01881161280591     
      3      8      4     10   3.49668428428991     
      2      9      4     10   3.49668428428991     
      5      9      4     10  -1.33191243000431     
      1     10      4     10  -2.01881161280591     
      4     10      4     10  -8.69074000000000     
      3     11      4     10  -1.33191243000431     
      2      7      5     10  0.158768841472463     
      5      7      5     10  -1.20935580640296     
      1      8      5     10  -1.97075394074894     
      4      8      5     10  0.809455806402956     
      6      9      5     10 -0.184834999999998     
      2     10      5     10   1.20935580640296     
      5     10      5     10  -6.22695500000000     
      1     11      5     10 -0.809455806402956     
      4     11      5     10  -3.61725500000000     
      3     12      5     10 -0.968634999999998     
      6      7      6     10   2.82826741920887     
      2      8      6     10   3.13845025450460     
      5      8      6     10  -2.09466570111835     
      6     10      6     10  -4.87383000000000     
      2     11      6     10  -1.40201858317156     
      5     11      6     10  -1.33191243000431     
      1     12      6     10   3.22816741920887     
      4     12      6     10  -3.04793000000000     
      8      9      7     10  -1.10348956950213     
      7     10      7     10  -1.75440000000000     
      9     11      7     10 -0.692647117946794     
      7      8      8     10  0.000000000000000E+000
      8     10      8     10  -1.11730000000000     
      7     11      8     10  -1.27420000000000     
     10     11      8     10 -0.399900000000000     
      9     12      8     10 -0.399900000000000     
      7      9      9     10 -0.799800000000000     
      9     10      9     10  -1.82590000000000     
      2      7      1     11  0.543765114732455     
      5      7      1     11  -5.21425000000000     
      1      8      1     11  0.543765114732455     
      4      8      1     11   1.29565000000000     
      6      9      1     11   3.22816741920887     
      2     10      1     11  2.145000000000186E-002
      5     10      1     11 -0.809455806402956     
      1     11      1     11  -6.33155000000000     
      4     11      1     11  -1.20935580640296     
      3     12      1     11   2.82826741920887     
      6      7      2     11   1.12206581441331     
      2      8      2     11 -0.543765114732455     
      5      8      2     11  -4.56642500000000     
      6     10      2     11  -1.40201858317156     
      2     11      2     11  -6.32082500000000     
      5     11      2     11   2.01881161280591     
      1     12      2     11  1.857624491117738E-002
      4     12      2     11  -2.09466570111835     
      1      7      3     11   3.13845025450460     
      4      7      3     11   2.09466570111835     
      3      8      3     11  -2.82826741920887     
      2      9      3     11  -3.22816741920887     
      5      9      3     11  -3.04793000000000     
      1     10      3     11   1.40201858317156     
      4     10      3     11  -1.33191243000431     
      3     11      3     11  -4.87383000000000     
      2      7      4     11  -1.97075394074894     
      5      7      4     11 -0.809455806402956     
      1      8      4     11  0.158768841472463     
      4      8      4     11   1.20935580640296     
      6      9      4     11 -0.968634999999998     
      2     10      4     11  0.809455806402956     
      5     10      4     11  -3.61725500000000     
      1     11      4     11  -1.20935580640296     
      4     11      4     11  -6.22695500000000     
      3     12      4     11 -0.184834999999998     
      6      7      5     11  -3.49668428428991     
      2      8      5     11  -3.62397019855296     
      5      8      5     11   2.01881161280591     
      6     10      5     11  -1.33191243000431     
      2     11      5     11   2.01881161280591     
      5     11      5     11  -8.69074000000000     
      1     12      5     11  -3.49668428428991     
      4     12      5     11  -1.33191243000431     
      6      8      6     11 -0.399900000000000     
      6     11      6     11  -6.02730000000000     
      2     12      6     11  0.399900000000000     
      5     12      6     11  -4.20139999999999     
      7      8      7     11  0.000000000000000E+000
      8     10      7     11  -1.27420000000000     
      7     11      7     11  -1.11730000000000     
     10     11      7     11 -0.399900000000000     
      9     12      7     11 -0.399900000000000     
      8     11      8     11  -1.75440000000000     
      7     12      8     11  -1.10348956950213     
     10     12      8     11 -0.692647117946794     
      8      9      9     11 -0.399900000000000     
      7     10      9     11 -0.692647117946794     
      9     11      9     11  -1.82590000000000     
      7      8     10     11   2.12952278222141     
      8     10     10     11 -0.399900000000000     
      7     11     10     11 -0.399900000000000     
     10     11     10     11  -2.60970000000000     
      9     12     10     11  0.783800000000000     
      6      7      1     12  -5.86207500000000     
      2      8      1     12  0.941828806100132     
      5      8      1     12   1.12206581441331     
      6     10      1     12   3.22816741920887     
      2     11      1     12  1.857624491117749E-002
      5     11      1     12  -3.49668428428991     
      1     12      1     12  -6.34227500000000     
      4     12      1     12   2.82826741920887     
      6      8      2     12  -3.91860000000000     
      6     11      2     12  0.399900000000000     
      2     12      2     12  -6.31010000000000     
      5     12      2     12 -0.399900000000000     
      2      7      3     12   3.78273904002543     
      5      7      3     12   3.22816741920887     
      1      8      3     12   1.65321625780402     
      4      8      3     12  -2.82826741920887     
      6      9      3     12  -2.07929500000000     
      2     10      3     12  -3.22816741920887     
      5     10      3     12 -0.968634999999998     
      1     11      3     12   2.82826741920887     
      4     11      3     12 -0.184834999999998     
      3     12      3     12  -4.68899500000000     
      6      7      4     12   3.22816741920887     
      2      8      4     12   3.13845025450460     
      5      8      4     12  -1.40201858317156     
      6     10      4     12  -3.04793000000000     
      2     11      4     12  -2.09466570111835     
      5     11      4     12  -1.33191243000431     
      1     12      4     12   2.82826741920887     
      4     12      4     12  -4.87383000000000     
      6      8      5     12  0.399900000000000     
      6     11      5     12  -4.20139999999999     
      2     12      5     12 -0.399900000000000     
      5     12      5     12  -6.02729999999999     
      6     12      6     12  -10.2287000000000     
      8     11      7     12  -1.10348956950213     
      7     12      7     12 -0.480200000000000     
     10     12      7     12 -0.399900000000000     
      8     12      8     12  -2.39150000000000     
     11     12      8     12 -0.799800000000000     
      7      8      9     12  -2.12952278222141     
      8     10      9     12 -0.399900000000000     
      7     11      9     12 -0.399900000000000     
     10     11      9     12  0.783800000000000     
      9     12      9     12  -2.60970000000000     
      8     11     10     12 -0.692647117946794     
      7     12     10     12 -0.399900000000000     
     10     12     10     12  -1.82590000000000     
      8     12     11     12 -0.799800000000000     
     11     12     11     12  -1.82590000000000     
