      1      2      1      2  -1.14520000000000     
      2      4      1      2  0.000000000000000E+000
      1      5      1      2  0.000000000000000E+000
      4      5      1      2   2.60872904783153     
      3      6      1      2  -2.60872904783153     
      1      3      1      3  -2.92920000000000     
      3      4      1      3 -0.900600000000000     
      2      3      2      3 -0.414450000000000     
      1      4      2      3  -1.45189158944461     
      3      5      2      3 -0.450300000000000     
      2      3      1      4  -1.45189158944461     
      1      4      1      4  -2.09095000000000     
      3      5      1      4 -0.779942478648266     
      1      2      2      4  0.000000000000000E+000
      2      4      2      4  -1.25270000000000     
      1      5      2      4  -1.67650000000000     
      4      5      2      4 -0.450300000000000     
      3      6      2      4 -0.450300000000000     
      1      3      3      4 -0.900600000000000     
      3      4      3      4  -2.29240000000000     
      1      2      1      5  0.000000000000000E+000
      2      4      1      5  -1.67650000000000     
      1      5      1      5  -1.25270000000000     
      4      5      1      5 -0.450300000000000     
      3      6      1      5 -0.450300000000000     
      2      5      2      5  -2.09095000000000     
      1      6      2      5  -1.45189158944461     
      4      6      2      5 -0.779942478648266     
      2      3      3      5 -0.450300000000000     
      1      4      3      5 -0.779942478648266     
      3      5      3      5  -2.29240000000000     
      1      2      4      5   2.60872904783153     
      2      4      4      5 -0.450300000000000     
      1      5      4      5 -0.450300000000000     
      4      5      4      5  -3.02315000000000     
      3      6      4      5  0.730750000000000     
      2      5      1      6  -1.45189158944461     
      1      6      1      6 -0.414450000000000     
      4      6      1      6 -0.450300000000000     
      2      6      2      6  -2.92920000000000     
      5      6      2      6 -0.900600000000000     
      1      2      3      6  -2.60872904783153     
      2      4      3      6 -0.450300000000000     
      1      5      3      6 -0.450300000000000     
      4      5      3      6  0.730750000000000     
      3      6      3      6  -3.02315000000000     
      2      5      4      6 -0.779942478648266     
      1      6      4      6 -0.450300000000000     
      4      6      4      6  -2.29240000000000     
      2      6      5      6 -0.900600000000000     
      5      6      5      6  -2.29240000000000     
      1      7      1      7  -8.70650000000000     
      4      7      1      7  0.615854651074424     
      3      8      1      7  -1.06669154573850     
      2      9      1      7  -1.06669154573850     
      5      9      1      7   3.21956796527112     
      1     10      1      7  0.615854651074424     
      4     10      1      7  -3.71763686284715     
      3     11      1      7   3.21956796527112     
      2      7      2      7  -4.92585000000000     
      5      7      2      7  0.615854651074424     
      1      8      2      7  -3.78065000000000     
      4      8      2      7 -0.615854651074424     
      6      9      2      7   1.48386312321960     
      2     10      2      7 -0.615854651074424     
      5     10      2      7  0.374955308203977     
      1     11      2      7  0.615854651074424     
      4     11      2      7  -2.23377373962755     
      3     12      2      7   4.09259217105113     
      3      7      3      7  -7.18270000000000     
      1      9      3      7  -4.25350000000000     
      4      9      3      7 -0.450300000000000     
      3     10      3      7  0.450300000000000     
      1      7      4      7  0.615854651074424     
      4      7      4      7  -7.03980000000000     
      3      8      4      7 -0.247510060401591     
      2      9      4      7   1.20438152904302     
      5      9      4      7   1.35327792972056     
      1     10      4      7  -4.94885000000000     
      4     10      4      7  -2.01293075402509     
      3     11      4      7   2.13322040836882     
      2      7      5      7  0.615854651074424     
      5      7      5      7  -6.89690000000000     
      1      8      5      7  0.615854651074424     
      4      8      5      7 -0.285799999999998     
      6      9      5      7   2.79424613103763     
      2     10      5      7   1.39070000000000     
      5     10      5      7  -1.23161537701254     
      1     11      5      7  -5.64420000000000     
      4     11      5      7 -0.781315377012543     
      3     12      5      7   3.24454613103763     
      6      7      6      7  -6.75400000000000     
      2      8      6      7   1.06669154573850     
      5      8      6      7 -0.247510060401591     
      6     10      6      7   2.79424613103763     
      2     11      6      7   1.20438152904302     
      5     11      6      7  -3.48649833808938     
      1     12      6      7  -6.33955000000000     
      4     12      6      7   3.24454613103763     
      2      7      1      8  -3.78065000000000     
      5      7      1      8  0.615854651074424     
      1      8      1      8  -4.92585000000000     
      4      8      1      8 -0.615854651074424     
      6      9      1      8   4.09259217105113     
      2     10      1      8 -0.615854651074424     
      5     10      1      8  -2.23377373962755     
      1     11      1      8  0.615854651074424     
      4     11      1      8  0.374955308203977     
      3     12      1      8   1.48386312321960     
      6      7      2      8   1.06669154573850     
      2      8      2      8  -8.70650000000000     
      5      8      2      8 -0.615854651074424     
      6     10      2      8   3.21956796527112     
      2     11      2      8 -0.615854651074424     
      5     11      2      8  -3.71763686284715     
      1     12      2      8   1.06669154573850     
      4     12      2      8   3.21956796527112     
      1      7      3      8  -1.06669154573850     
      4      7      3      8 -0.247510060401591     
      3      8      3      8  -6.75400000000000     
      2      9      3      8  -6.33955000000000     
      5      9      3      8  -3.24454613103763     
      1     10      3      8   1.20438152904302     
      4     10      3      8   3.48649833808938     
      3     11      3      8  -2.79424613103763     
      2      7      4      8 -0.615854651074424     
      5      7      4      8 -0.285799999999998     
      1      8      4      8 -0.615854651074424     
      4      8      4      8  -6.89690000000000     
      6      9      4      8  -3.24454613103763     
      2     10      4      8  -5.64420000000000     
      5     10      4      8  0.781315377012543     
      1     11      4      8   1.39070000000000     
      4     11      4      8   1.23161537701254     
      3     12      4      8  -2.79424613103763     
      6      7      5      8 -0.247510060401591     
      2      8      5      8 -0.615854651074424     
      5      8      5      8  -7.03980000000000     
      6     10      5      8  -2.13322040836882     
      2     11      5      8  -4.94885000000000     
      5     11      5      8   2.01293075402509     
      1     12      5      8   1.20438152904302     
      4     12      5      8  -1.35327792972056     
      6      8      6      8  -7.18270000000000     
      6     11      6      8 -0.450300000000000     
      2     12      6      8  -4.25350000000000     
      5     12      6      8  0.450300000000000     
      7      8      7      8  -1.14520000000000     
      8     10      7      8  0.000000000000000E+000
      7     11      7      8  0.000000000000000E+000
     10     11      7      8   2.60872904783153     
      9     12      7      8  -2.60872904783153     
      3      7      1      9  -4.25350000000000     
      1      9      1      9  -7.18270000000000     
      4      9      1      9  0.450300000000000     
      3     10      1      9 -0.450300000000000     
      1      7      2      9  -1.06669154573850     
      4      7      2      9   1.20438152904302     
      3      8      2      9  -6.33955000000000     
      2      9      2      9  -6.75400000000000     
      5      9      2      9  -2.79424613103763     
      1     10      2      9 -0.247510060401591     
      4     10      2      9   3.48649833808938     
      3     11      2      9  -3.24454613103763     
      3      9      3      9  -11.4362000000000     
      3      7      4      9 -0.450300000000000     
      1      9      4      9  0.450300000000000     
      4      9      4      9  -6.86430000000000     
      3     10      4      9  -4.57189999999999     
      1      7      5      9   3.21956796527112     
      4      7      5      9   1.35327792972056     
      3      8      5      9  -3.24454613103763     
      2      9      5      9  -2.79424613103763     
      5      9      5      9  -5.55792000000000     
      1     10      5      9   2.13322040836882     
      4     10      5      9  -1.50847768932788     
      3     11      5      9  -3.26552000000000     
      2      7      6      9   1.48386312321960     
      5      7      6      9   2.79424613103763     
      1      8      6      9   4.09259217105113     
      4      8      6      9  -3.24454613103763     
      6      9      6      9  -5.27010500000000     
      2     10      6      9  -2.79424613103763     
      5     10      6      9 -0.287814999999998     
      1     11      6      9   3.24454613103763     
      4     11      6      9  -1.01856500000000     
      3     12      6      9  -2.24695500000000     
      7      9      7      9  -2.92920000000000     
      9     10      7      9 -0.900600000000000     
      8      9      8      9 -0.414450000000000     
      7     10      8      9  -1.45189158944461     
      9     11      8      9 -0.450300000000000     
      1      7      1     10  0.615854651074424     
      4      7      1     10  -4.94885000000000     
      3      8      1     10   1.20438152904302     
      2      9      1     10 -0.247510060401591     
      5      9      1     10   2.13322040836882     
      1     10      1     10  -7.03980000000000     
      4     10      1     10  -2.01293075402509     
      3     11      1     10   1.35327792972056     
      2      7      2     10 -0.615854651074424     
      5      7      2     10   1.39070000000000     
      1      8      2     10 -0.615854651074424     
      4      8      2     10  -5.64420000000000     
      6      9      2     10  -2.79424613103763     
      2     10      2     10  -6.89690000000000     
      5     10      2     10   1.23161537701254     
      1     11      2     10 -0.285799999999998     
      4     11      2     10  0.781315377012543     
      3     12      2     10  -3.24454613103763     
      3      7      3     10  0.450300000000000     
      1      9      3     10 -0.450300000000000     
      4      9      3     10  -4.57189999999999     
      3     10      3     10  -6.86429999999999     
      1      7      4     10  -3.71763686284715     
      4      7      4     10  -2.01293075402509     
      3      8      4     10   3.48649833808938     
      2      9      4     10   3.48649833808938     
      5      9      4     10  -1.50847768932788     
      1     10      4     10  -2.01293075402509     
      4     10      4     10  -9.69435999999999     
      3     11      4     10  -1.50847768932788     
      2      7      5     10  0.374955308203977     
      5      7      5     10  -1.23161537701254     
      1      8      5     10  -2.23377373962755     
      4      8      5     10  0.781315377012543     
      6      9      5     10 -0.287814999999998     
      2     10      5     10   1.23161537701254     
      5     10      5     10  -7.01194500000000     
      1     11      5     10 -0.781315377012543     
      4     11      5     10  -3.98879500000000     
      3     12      5     10  -1.01856500000000     
      6      7      6     10   2.79424613103763     
      2      8      6     10   3.21956796527112     
      5      8      6     10  -2.13322040836882     
      6     10      6     10  -5.55792000000000     
      2     11      6     10  -1.35327792972056     
      5     11      6     10  -1.50847768932788     
      1     12      6     10   3.24454613103763     
      4     12      6     10  -3.26552000000000     
      8      9      7     10  -1.45189158944461     
      7     10      7     10  -2.09095000000000     
      9     11      7     10 -0.779942478648266     
      7      8      8     10  0.000000000000000E+000
      8     10      8     10  -1.25270000000000     
      7     11      8     10  -1.67650000000000     
     10     11      8     10 -0.450300000000000     
      9     12      8     10 -0.450300000000000     
      7      9      9     10 -0.900600000000000     
      9     10      9     10  -2.29240000000000     
      2      7      1     11  0.615854651074424     
      5      7      1     11  -5.64420000000000     
      1      8      1     11  0.615854651074424     
      4      8      1     11   1.39070000000000     
      6      9      1     11   3.24454613103763     
      2     10      1     11 -0.285799999999998     
      5     10      1     11 -0.781315377012543     
      1     11      1     11  -6.89690000000000     
      4     11      1     11  -1.23161537701254     
      3     12      1     11   2.79424613103763     
      6      7      2     11   1.20438152904302     
      2      8      2     11 -0.615854651074424     
      5      8      2     11  -4.94885000000000     
      6     10      2     11  -1.35327792972056     
      2     11      2     11  -7.03980000000000     
      5     11      2     11   2.01293075402509     
      1     12      2     11 -0.247510060401591     
      4     12      2     11  -2.13322040836882     
      1      7      3     11   3.21956796527112     
      4      7      3     11   2.13322040836882     
      3      8      3     11  -2.79424613103763     
      2      9      3     11  -3.24454613103763     
      5      9      3     11  -3.26552000000000     
      1     10      3     11   1.35327792972056     
      4     10      3     11  -1.50847768932788     
      3     11      3     11  -5.55792000000000     
      2      7      4     11  -2.23377373962755     
      5      7      4     11 -0.781315377012543     
      1      8      4     11  0.374955308203977     
      4      8      4     11   1.23161537701254     
      6      9      4     11  -1.01856500000000     
      2     10      4     11  0.781315377012543     
      5     10      4     11  -3.98879500000000     
      1     11      4     11  -1.23161537701254     
      4     11      4     11  -7.01194500000000     
      3     12      4     11 -0.287814999999998     
      6      7      5     11  -3.48649833808938     
      2      8      5     11  -3.71763686284715     
      5      8      5     11   2.01293075402509     
      6     10      5     11  -1.50847768932788     
      2     11      5     11   2.01293075402509     
      5     11      5     11  -9.69435999999999     
      1     12      5     11  -3.48649833808938     
      4     12      5     11  -1.50847768932788     
      6      8      6     11 -0.450300000000000     
      6     11      6     11  -6.86430000000000     
      2     12      6     11  0.450300000000000     
      5     12      6     11  -4.57189999999999     
      7      8      7     11  0.000000000000000E+000
      8     10      7     11  -1.67650000000000     
      7     11      7     11  -1.25270000000000     
     10     11      7     11 -0.450300000000000     
      9     12      7     11 -0.450300000000000     
      8     11      8     11  -2.09095000000000     
      7     12      8     11  -1.45189158944461     
     10     12      8     11 -0.779942478648266     
      8      9      9     11 -0.450300000000000     
      7     10      9     11 -0.779942478648266     
      9     11      9     11  -2.29240000000000     
      7      8     10     11   2.60872904783153     
      8     10     10     11 -0.450300000000000     
      7     11     10     11 -0.450300000000000     
     10     11     10     11  -3.02315000000000     
      9     12     10     11  0.730750000000000     
      6      7      1     12  -6.33955000000000     
      2      8      1     12   1.06669154573850     
      5      8      1     12   1.20438152904302     
      6     10      1     12   3.24454613103763     
      2     11      1     12 -0.247510060401591     
      5     11      1     12  -3.48649833808938     
      1     12      1     12  -6.75400000000000     
      4     12      1     12   2.79424613103763     
      6      8      2     12  -4.25350000000000     
      6     11      2     12  0.450300000000000     
      2     12      2     12  -7.18270000000000     
      5     12      2     12 -0.450300000000000     
      2      7      3     12   4.09259217105113     
      5      7      3     12   3.24454613103763     
      1      8      3     12   1.48386312321960     
      4      8      3     12  -2.79424613103763     
      6      9      3     12  -2.24695500000000     
      2     10      3     12  -3.24454613103763     
      5     10      3     12  -1.01856500000000     
      1     11      3     12   2.79424613103763     
      4     11      3     12 -0.287814999999998     
      3     12      3     12  -5.27010500000000     
      6      7      4     12   3.24454613103763     
      2      8      4     12   3.21956796527112     
      5      8      4     12  -1.35327792972056     
      6     10      4     12  -3.26552000000000     
      2     11      4     12  -2.13322040836882     
      5     11      4     12  -1.50847768932788     
      1     12      4     12   2.79424613103763     
      4     12      4     12  -5.55792000000000     
      6      8      5     12  0.450300000000000     
      6     11      5     12  -4.57189999999999     
      2     12      5     12 -0.450300000000000     
      5     12      5     12  -6.86429999999999     
      6     12      6     12  -11.4362000000000     
      8     11      7     12  -1.45189158944461     
      7     12      7     12 -0.414450000000000     
     10     12      7     12 -0.450300000000000     
      8     12      8     12  -2.92920000000000     
     11     12      8     12 -0.900600000000000     
      7      8      9     12  -2.60872904783153     
      8     10      9     12 -0.450300000000000     
      7     11      9     12 -0.450300000000000     
     10     11      9     12  0.730750000000000     
      9     12      9     12  -3.02315000000000     
      8     11     10     12 -0.779942478648266     
      7     12     10     12 -0.450300000000000     
     10     12     10     12  -2.29240000000000     
      8     12     11     12 -0.900600000000000     
     11     12     11     12  -2.29240000000000     
