      1      1      1      1           2           0   4.82549354988689     
      1      1      1      1           0           0  -10.8920000000000     
      1      1      1      2           2           0  -1.85377383733831     
      1      1      2      1           2           0  -1.85377383733831     
      1      1      2      2           4           0  -7.89789723627763     
      1      1      2      2           2           0   5.37309618518021     
      1      2      1      1           2           0   1.85377383733831     
      1      2      1      2           2           0  0.266467024226265     
      1      2      1      2           0           0  -16.1956444269748     
      1      2      2      1           4           0   11.5633783320447     
      1      2      2      1           2           0  -4.99402209346334     
      1      2      2      2           4           0   9.21220995748874     
      1      2      2      2           2           0   3.87578810813303     
      2      1      1      1           2           0   1.85377383733831     
      2      1      1      2           4           0   11.5633783320447     
      2      1      1      2           2           0  -4.99402209346334     
      2      1      2      1           2           0  0.266467024226265     
      2      1      2      1           0           0  -16.1956444269748     
      2      1      2      2           4           0   9.21220995748874     
      2      1      2      2           2           0   3.87578810813303     
      2      2      1      1           4           0  -7.89789723627764     
      2      2      1      1           2           0   5.37309618518021     
      2      2      1      2           4           0  -9.21220995748874     
      2      2      1      2           2           0  -3.87578810813303     
      2      2      2      1           4           0  -9.21220995748874     
      2      2      2      1           2           0  -3.87578810813303     
      2      2      2      2           6           0   4.33723303925441     
      2      2      2      2           4           0  -7.95982062222511     
      2      2      2      2           2           0   9.39329258062369     
      2      2      2      2           0           0  -23.3678000000000     
      1      1      1      1           2           0   4.82549354988689     
      1      1      1      1           0           0  -10.8920000000000     
      1      1      1      2           2           0  -1.85377383733831     
      1      1      2      1           2           0  -1.85377383733831     
      1      1      2      2           4           0  -7.89789723627763     
      1      1      2      2           2           0   5.37309618518021     
      1      2      1      1           2           0   1.85377383733831     
      1      2      1      2           2           0  0.266467024226265     
      1      2      1      2           0           0  -16.1956444269748     
      1      2      2      1           4           0   11.5633783320447     
      1      2      2      1           2           0  -4.99402209346334     
      1      2      2      2           4           0   9.21220995748874     
      1      2      2      2           2           0   3.87578810813303     
      2      1      1      1           2           0   1.85377383733831     
      2      1      1      2           4           0   11.5633783320447     
      2      1      1      2           2           0  -4.99402209346334     
      2      1      2      1           2           0  0.266467024226265     
      2      1      2      1           0           0  -16.1956444269748     
      2      1      2      2           4           0   9.21220995748874     
      2      1      2      2           2           0   3.87578810813303     
      2      2      1      1           4           0  -7.89789723627764     
      2      2      1      1           2           0   5.37309618518021     
      2      2      1      2           4           0  -9.21220995748874     
      2      2      1      2           2           0  -3.87578810813303     
      2      2      2      1           4           0  -9.21220995748874     
      2      2      2      1           2           0  -3.87578810813303     
      2      2      2      2           6           0   4.33723303925441     
      2      2      2      2           4           0  -7.95982062222511     
      2      2      2      2           2           0   9.39329258062369     
      2      2      2      2           0           0  -23.3678000000000     
          60           6
   1   1   3   3   0   0   0   0-10.8920   1   1
   1   1   3   3   2   0   0   0  4.8255   1   1
   1   1   3   4   2   0   0   0 -1.8538   1   1
   1   1   4   3   2   0   0   0  1.8538   1   1
   1   1   4   4   0   0   0   0-16.1956   1   1
   1   1   4   4   2   0   0   0  0.2665   1   1
   1   2   3   3   2   0   0   0 -1.8538   1   1
   1   2   3   4   2   0   0   0  5.3731   1   1
   1   2   3   4   4   0   0   0 -7.8979   1   1
   1   2   4   3   2   0   0   0 -4.9940   1   1
   1   2   4   3   4   0   0   0 11.5634   1   1
   1   2   4   4   2   0   0   0  3.8758   1   1
   1   2   4   4   4   0   0   0  9.2122   1   1
   2   1   3   3   2   0   0   0  1.8538   1   1
   2   1   3   4   2   0   0   0 -4.9940   1   1
   2   1   3   4   4   0   0   0 11.5634   1   1
   2   1   4   3   2   0   0   0  5.3731   1   1
   2   1   4   3   4   0   0   0 -7.8979   1   1
   2   1   4   4   2   0   0   0 -3.8758   1   1
   2   1   4   4   4   0   0   0 -9.2122   1   1
   2   2   3   3   0   0   0   0-16.1956   1   1
   2   2   3   3   2   0   0   0  0.2665   1   1
   2   2   3   4   2   0   0   0  3.8758   1   1
   2   2   3   4   4   0   0   0  9.2122   1   1
   2   2   4   3   2   0   0   0 -3.8758   1   1
   2   2   4   3   4   0   0   0 -9.2122   1   1
   2   2   4   4   0   0   0   0-23.3678   1   1
   2   2   4   4   2   0   0   0  9.3933   1   1
   2   2   4   4   4   0   0   0 -7.9598   1   1
   2   2   4   4   6   0   0   0  4.3372   1   1
   3   3   1   1   0   0   0   0-10.8920   1   1
   3   3   1   1   2   0   0   0  4.8255   1   1
   3   3   1   2   2   0   0   0 -1.8538   1   1
   3   3   2   1   2   0   0   0  1.8538   1   1
   3   3   2   2   0   0   0   0-16.1956   1   1
   3   3   2   2   2   0   0   0  0.2665   1   1
   3   4   1   1   2   0   0   0 -1.8538   1   1
   3   4   1   2   2   0   0   0  5.3731   1   1
   3   4   1   2   4   0   0   0 -7.8979   1   1
   3   4   2   1   2   0   0   0 -4.9940   1   1
   3   4   2   1   4   0   0   0 11.5634   1   1
   3   4   2   2   2   0   0   0  3.8758   1   1
   3   4   2   2   4   0   0   0  9.2122   1   1
   4   3   1   1   2   0   0   0  1.8538   1   1
   4   3   1   2   2   0   0   0 -4.9940   1   1
   4   3   1   2   4   0   0   0 11.5634   1   1
   4   3   2   1   2   0   0   0  5.3731   1   1
   4   3   2   1   4   0   0   0 -7.8979   1   1
   4   3   2   2   2   0   0   0 -3.8758   1   1
   4   3   2   2   4   0   0   0 -9.2122   1   1
   4   4   1   1   0   0   0   0-16.1956   1   1
   4   4   1   1   2   0   0   0  0.2665   1   1
   4   4   1   2   2   0   0   0  3.8758   1   1
   4   4   1   2   4   0   0   0  9.2122   1   1
   4   4   2   1   2   0   0   0 -3.8758   1   1
   4   4   2   1   4   0   0   0 -9.2122   1   1
   4   4   2   2   0   0   0   0-23.3678   1   1
   4   4   2   2   2   0   0   0  9.3933   1   1
   4   4   2   2   4   0   0   0 -7.9598   1   1
   4   4   2   2   6   0   0   0  4.3372   1   1
