 ! Total Interaction
  20
   1   1   1   1     1     0  -6.8390
   1   2   1   1     1     0  -1.5136
   2   2   1   1     1     0   5.2448
   1   1   1   2     1     0  -1.5136
   1   2   1   2     1     0 -11.3477
   2   2   1   2     1     0  -8.0963
   1   1   2   2     1     0   5.2448
   1   2   2   2     1     0  -8.0963
   2   2   2   2     1     0  -5.4704
   1   2   1   2     2     0  -9.2543
   2   2   2   2     3     0  -9.2543
   1   1   1   1     0     1  -1.2670
   2   2   1   1     0     1  -2.9535
   1   1   2   2     0     1  -2.9535
   2   2   2   2     0     1  -3.3554
   1   2   1   2     1     1   0.1389
   1   2   1   2     2     1  -2.3437
   2   2   1   2     2     1   0.7903
   1   2   2   2     2     1   0.7903
   2   2   2   2     2     1  -1.7849
