      1      2      1      2  -1.26700000000000     
      2      4      1      2  0.000000000000000E+000
      1      5      1      2  0.000000000000000E+000
      4      5      1      2   2.08843987823447     
      3      6      1      2  -2.08843987823447     
      1      3      1      3  -2.34370000000000     
      3      4      1      3 -0.790300000000000     
      2      3      2      3 -0.481750000000000     
      1      4      2      3  -1.07499733371762     
      3      5      2      3 -0.395150000000000     
      2      3      1      4  -1.07499733371762     
      1      4      1      4  -1.72305000000000     
      3      5      1      4 -0.684419876610842     
      1      2      2      4  0.000000000000000E+000
      2      4      2      4  -1.10240000000000     
      1      5      2      4  -1.24130000000000     
      4      5      2      4 -0.395150000000000     
      3      6      2      4 -0.395150000000000     
      1      3      3      4 -0.790300000000000     
      3      4      3      4  -1.78490000000000     
      1      2      1      5  0.000000000000000E+000
      2      4      1      5  -1.24130000000000     
      1      5      1      5  -1.10240000000000     
      4      5      1      5 -0.395150000000000     
      3      6      1      5 -0.395150000000000     
      2      5      2      5  -1.72305000000000     
      1      6      2      5  -1.07499733371762     
      4      6      2      5 -0.684419876610842     
      2      3      3      5 -0.395150000000000     
      1      4      3      5 -0.684419876610842     
      3      5      3      5  -1.78490000000000     
      1      2      4      5   2.08843987823447     
      2      4      4      5 -0.395150000000000     
      1      5      4      5 -0.395150000000000     
      4      5      4      5  -2.57015000000000     
      3      6      4      5  0.785250000000000     
      2      5      1      6  -1.07499733371762     
      1      6      1      6 -0.481750000000000     
      4      6      1      6 -0.395150000000000     
      2      6      2      6  -2.34370000000000     
      5      6      2      6 -0.790300000000000     
      1      2      3      6  -2.08843987823447     
      2      4      3      6 -0.395150000000000     
      1      5      3      6 -0.395150000000000     
      4      5      3      6  0.785250000000000     
      3      6      3      6  -2.57015000000000     
      2      5      4      6 -0.684419876610842     
      1      6      4      6 -0.395150000000000     
      4      6      4      6  -1.78490000000000     
      2      6      5      6 -0.790300000000000     
      5      6      5      6  -1.78490000000000     
      1      7      1      7  -6.83900000000000     
      4      7      1      7  0.535138412001979     
      3      8      1      7 -0.926886918669155     
      2      9      1      7 -0.926886918669155     
      5      9      1      7   2.87269526960310     
      1     10      1      7  0.535138412001979     
      4     10      1      7  -3.31710277441022     
      3     11      1      7   2.87269526960310     
      2      7      2      7  -4.05300000000000     
      5      7      2      7  0.535138412001979     
      1      8      2      7  -2.78600000000000     
      4      8      2      7 -0.535138412001979     
      6      9      2      7   1.44360714169043     
      2     10      2      7 -0.535138412001979     
      5     10      2      7  0.214944245514678     
      1     11      2      7  0.535138412001979     
      4     11      2      7  -1.87349563271979     
      3     12      2      7   3.53204701992490     
      3      7      3      7  -5.79900000000000     
      1      9      3      7  -3.45530000000000     
      4      9      3      7 -0.395150000000000     
      3     10      3      7  0.395150000000000     
      1      7      4      7  0.535138412001979     
      4      7      4      7  -5.75035000000000     
      3      8      4      7 -8.426427178822526E-002
      2      9      4      7  0.990733061929399     
      5      9      4      7   1.22563181498954     
      1     10      4      7  -4.02730000000000     
      4     10      4      7  -1.81038771662316     
      3     11      4      7   1.91005169160038     
      2      7      5      7  0.535138412001979     
      5      7      5      7  -5.70170000000000     
      1      8      5      7  0.535138412001979     
      4      8      5      7 -9.729999999999883E-002
      6      9      5      7   2.51800657493473     
      2     10      5      7   1.14400000000000     
      5     10      5      7  -1.10276885831158     
      1     11      5      7  -4.59930000000000     
      4     11      5      7 -0.707618858311578     
      3     12      5      7   2.91315657493473     
      6      7      6      7  -5.65305000000000     
      2      8      6      7  0.926886918669155     
      5      8      6      7 -8.426427178822515E-002
      6     10      6      7   2.51800657493473     
      2     11      6      7  0.990733061929399     
      5     11      6      7  -3.13568350658991     
      1     12      6      7  -5.17130000000000     
      4     12      6      7   2.91315657493473     
      2      7      1      8  -2.78600000000000     
      5      7      1      8  0.535138412001979     
      1      8      1      8  -4.05300000000000     
      4      8      1      8 -0.535138412001979     
      6      9      1      8   3.53204701992490     
      2     10      1      8 -0.535138412001979     
      5     10      1      8  -1.87349563271979     
      1     11      1      8  0.535138412001979     
      4     11      1      8  0.214944245514678     
      3     12      1      8   1.44360714169043     
      6      7      2      8  0.926886918669155     
      2      8      2      8  -6.83900000000000     
      5      8      2      8 -0.535138412001979     
      6     10      2      8   2.87269526960310     
      2     11      2      8 -0.535138412001979     
      5     11      2      8  -3.31710277441022     
      1     12      2      8  0.926886918669155     
      4     12      2      8   2.87269526960310     
      1      7      3      8 -0.926886918669155     
      4      7      3      8 -8.426427178822515E-002
      3      8      3      8  -5.65305000000000     
      2      9      3      8  -5.17130000000000     
      5      9      3      8  -2.91315657493473     
      1     10      3      8  0.990733061929399     
      4     10      3      8   3.13568350658991     
      3     11      3      8  -2.51800657493473     
      2      7      4      8 -0.535138412001979     
      5      7      4      8 -9.729999999999883E-002
      1      8      4      8 -0.535138412001979     
      4      8      4      8  -5.70170000000000     
      6      9      4      8  -2.91315657493473     
      2     10      4      8  -4.59930000000000     
      5     10      4      8  0.707618858311578     
      1     11      4      8   1.14400000000000     
      4     11      4      8   1.10276885831158     
      3     12      4      8  -2.51800657493473     
      6      7      5      8 -8.426427178822526E-002
      2      8      5      8 -0.535138412001979     
      5      8      5      8  -5.75035000000000     
      6     10      5      8  -1.91005169160038     
      2     11      5      8  -4.02730000000000     
      5     11      5      8   1.81038771662316     
      1     12      5      8  0.990733061929399     
      4     12      5      8  -1.22563181498954     
      6      8      6      8  -5.79900000000000     
      6     11      6      8 -0.395150000000000     
      2     12      6      8  -3.45530000000000     
      5     12      6      8  0.395150000000000     
      7      8      7      8  -1.26700000000000     
      8     10      7      8  0.000000000000000E+000
      7     11      7      8  0.000000000000000E+000
     10     11      7      8   2.08843987823447     
      9     12      7      8  -2.08843987823447     
      3      7      1      9  -3.45530000000000     
      1      9      1      9  -5.79900000000000     
      4      9      1      9  0.395150000000000     
      3     10      1      9 -0.395150000000000     
      1      7      2      9 -0.926886918669155     
      4      7      2      9  0.990733061929399     
      3      8      2      9  -5.17130000000000     
      2      9      2      9  -5.65305000000000     
      5      9      2      9  -2.51800657493473     
      1     10      2      9 -8.426427178822515E-002
      4     10      2      9   3.13568350658991     
      3     11      2      9  -2.91315657493473     
      3      9      3      9  -9.25430000000000     
      3      7      4      9 -0.395150000000000     
      1      9      4      9  0.395150000000000     
      4      9      4      9  -5.51960000000000     
      3     10      4      9  -3.73470000000000     
      1      7      5      9   2.87269526960310     
      4      7      5      9   1.22563181498954     
      3      8      5      9  -2.91315657493473     
      2      9      5      9  -2.51800657493473     
      5      9      5      9  -4.38443000000000     
      1     10      5      9   1.91005169160038     
      4     10      5      9  -1.31078141015197     
      3     11      5      9  -2.59953000000000     
      2      7      6      9   1.44360714169043     
      5      7      6      9   2.51800657493473     
      1      8      6      9   3.53204701992490     
      4      8      6      9  -2.91315657493473     
      6      9      6      9  -4.20947000000000     
      2     10      6      9  -2.51800657493473     
      5     10      6      9 -0.174959999999998     
      1     11      6      9   2.91315657493473     
      4     11      6      9 -0.960209999999999     
      3     12      6      9  -1.63932000000000     
      7      9      7      9  -2.34370000000000     
      9     10      7      9 -0.790300000000000     
      8      9      8      9 -0.481750000000000     
      7     10      8      9  -1.07499733371762     
      9     11      8      9 -0.395150000000000     
      1      7      1     10  0.535138412001979     
      4      7      1     10  -4.02730000000000     
      3      8      1     10  0.990733061929399     
      2      9      1     10 -8.426427178822526E-002
      5      9      1     10   1.91005169160038     
      1     10      1     10  -5.75035000000000     
      4     10      1     10  -1.81038771662316     
      3     11      1     10   1.22563181498954     
      2      7      2     10 -0.535138412001979     
      5      7      2     10   1.14400000000000     
      1      8      2     10 -0.535138412001979     
      4      8      2     10  -4.59930000000000     
      6      9      2     10  -2.51800657493473     
      2     10      2     10  -5.70170000000000     
      5     10      2     10   1.10276885831158     
      1     11      2     10 -9.729999999999883E-002
      4     11      2     10  0.707618858311578     
      3     12      2     10  -2.91315657493473     
      3      7      3     10  0.395150000000000     
      1      9      3     10 -0.395150000000000     
      4      9      3     10  -3.73470000000000     
      3     10      3     10  -5.51960000000000     
      1      7      4     10  -3.31710277441022     
      4      7      4     10  -1.81038771662316     
      3      8      4     10   3.13568350658991     
      2      9      4     10   3.13568350658991     
      5      9      4     10  -1.31078141015197     
      1     10      4     10  -1.81038771662316     
      4     10      4     10  -7.74074000000000     
      3     11      4     10  -1.31078141015197     
      2      7      5     10  0.214944245514678     
      5      7      5     10  -1.10276885831158     
      1      8      5     10  -1.87349563271979     
      4      8      5     10  0.707618858311578     
      6      9      5     10 -0.174959999999998     
      2     10      5     10   1.10276885831158     
      5     10      5     10  -5.72303000000000     
      1     11      5     10 -0.707618858311578     
      4     11      5     10  -3.15288000000000     
      3     12      5     10 -0.960209999999998     
      6      7      6     10   2.51800657493473     
      2      8      6     10   2.87269526960310     
      5      8      6     10  -1.91005169160038     
      6     10      6     10  -4.38443000000000     
      2     11      6     10  -1.22563181498954     
      5     11      6     10  -1.31078141015197     
      1     12      6     10   2.91315657493473     
      4     12      6     10  -2.59953000000000     
      8      9      7     10  -1.07499733371762     
      7     10      7     10  -1.72305000000000     
      9     11      7     10 -0.684419876610842     
      7      8      8     10  0.000000000000000E+000
      8     10      8     10  -1.10240000000000     
      7     11      8     10  -1.24130000000000     
     10     11      8     10 -0.395150000000000     
      9     12      8     10 -0.395150000000000     
      7      9      9     10 -0.790300000000000     
      9     10      9     10  -1.78490000000000     
      2      7      1     11  0.535138412001979     
      5      7      1     11  -4.59930000000000     
      1      8      1     11  0.535138412001979     
      4      8      1     11   1.14400000000000     
      6      9      1     11   2.91315657493473     
      2     10      1     11 -9.729999999999883E-002
      5     10      1     11 -0.707618858311578     
      1     11      1     11  -5.70170000000000     
      4     11      1     11  -1.10276885831158     
      3     12      1     11   2.51800657493473     
      6      7      2     11  0.990733061929399     
      2      8      2     11 -0.535138412001979     
      5      8      2     11  -4.02730000000000     
      6     10      2     11  -1.22563181498954     
      2     11      2     11  -5.75035000000000     
      5     11      2     11   1.81038771662316     
      1     12      2     11 -8.426427178822526E-002
      4     12      2     11  -1.91005169160038     
      1      7      3     11   2.87269526960310     
      4      7      3     11   1.91005169160038     
      3      8      3     11  -2.51800657493473     
      2      9      3     11  -2.91315657493473     
      5      9      3     11  -2.59953000000000     
      1     10      3     11   1.22563181498954     
      4     10      3     11  -1.31078141015197     
      3     11      3     11  -4.38443000000000     
      2      7      4     11  -1.87349563271979     
      5      7      4     11 -0.707618858311578     
      1      8      4     11  0.214944245514678     
      4      8      4     11   1.10276885831158     
      6      9      4     11 -0.960209999999998     
      2     10      4     11  0.707618858311578     
      5     10      4     11  -3.15288000000000     
      1     11      4     11  -1.10276885831158     
      4     11      4     11  -5.72303000000000     
      3     12      4     11 -0.174959999999998     
      6      7      5     11  -3.13568350658991     
      2      8      5     11  -3.31710277441022     
      5      8      5     11   1.81038771662316     
      6     10      5     11  -1.31078141015197     
      2     11      5     11   1.81038771662316     
      5     11      5     11  -7.74074000000000     
      1     12      5     11  -3.13568350658991     
      4     12      5     11  -1.31078141015197     
      6      8      6     11 -0.395150000000000     
      6     11      6     11  -5.51960000000000     
      2     12      6     11  0.395150000000000     
      5     12      6     11  -3.73470000000000     
      7      8      7     11  0.000000000000000E+000
      8     10      7     11  -1.24130000000000     
      7     11      7     11  -1.10240000000000     
     10     11      7     11 -0.395150000000000     
      9     12      7     11 -0.395150000000000     
      8     11      8     11  -1.72305000000000     
      7     12      8     11  -1.07499733371762     
     10     12      8     11 -0.684419876610842     
      8      9      9     11 -0.395150000000000     
      7     10      9     11 -0.684419876610842     
      9     11      9     11  -1.78490000000000     
      7      8     10     11   2.08843987823447     
      8     10     10     11 -0.395150000000000     
      7     11     10     11 -0.395150000000000     
     10     11     10     11  -2.57015000000000     
      9     12     10     11  0.785250000000000     
      6      7      1     12  -5.17130000000000     
      2      8      1     12  0.926886918669155     
      5      8      1     12  0.990733061929399     
      6     10      1     12   2.91315657493473     
      2     11      1     12 -8.426427178822515E-002
      5     11      1     12  -3.13568350658991     
      1     12      1     12  -5.65305000000000     
      4     12      1     12   2.51800657493473     
      6      8      2     12  -3.45530000000000     
      6     11      2     12  0.395150000000000     
      2     12      2     12  -5.79900000000000     
      5     12      2     12 -0.395150000000000     
      2      7      3     12   3.53204701992490     
      5      7      3     12   2.91315657493473     
      1      8      3     12   1.44360714169043     
      4      8      3     12  -2.51800657493473     
      6      9      3     12  -1.63932000000000     
      2     10      3     12  -2.91315657493473     
      5     10      3     12 -0.960209999999999     
      1     11      3     12   2.51800657493473     
      4     11      3     12 -0.174959999999998     
      3     12      3     12  -4.20947000000000     
      6      7      4     12   2.91315657493473     
      2      8      4     12   2.87269526960310     
      5      8      4     12  -1.22563181498954     
      6     10      4     12  -2.59953000000000     
      2     11      4     12  -1.91005169160038     
      5     11      4     12  -1.31078141015197     
      1     12      4     12   2.51800657493473     
      4     12      4     12  -4.38443000000000     
      6      8      5     12  0.395150000000000     
      6     11      5     12  -3.73470000000000     
      2     12      5     12 -0.395150000000000     
      5     12      5     12  -5.51960000000000     
      6     12      6     12  -9.25430000000000     
      8     11      7     12  -1.07499733371762     
      7     12      7     12 -0.481750000000000     
     10     12      7     12 -0.395150000000000     
      8     12      8     12  -2.34370000000000     
     11     12      8     12 -0.790300000000000     
      7      8      9     12  -2.08843987823447     
      8     10      9     12 -0.395150000000000     
      7     11      9     12 -0.395150000000000     
     10     11      9     12  0.785250000000000     
      9     12      9     12  -2.57015000000000     
      8     11     10     12 -0.684419876610842     
      7     12     10     12 -0.395150000000000     
     10     12     10     12  -1.78490000000000     
      8     12     11     12 -0.790300000000000     
     11     12     11     12  -1.78490000000000     
