 ! Total Interaction
  20
   1   1   1   1     1     0  -7.7423
   1   2   1   1     1     0  -0.3211
   2   2   1   1     1     0   3.7159
   1   1   1   2     1     0  -0.3211
   1   2   1   2     1     0 -12.8150
   2   2   1   2     1     0  -6.9241
   1   1   2   2     1     0   3.7159
   1   2   2   2     1     0  -6.9241
   2   2   2   2     1     0  -8.2752
   1   2   1   2     2     0  -9.0779
   2   2   2   2     3     0  -9.0779
   1   1   1   1     0     1  -1.2648
   2   2   1   1     0     1  -3.5102
   1   1   2   2     0     1  -3.5102
   2   2   2   2     0     1  -3.7469
   1   2   1   2     1     1   0.5429
   1   2   1   2     2     1  -2.8431
   2   2   1   2     2     1   1.4406
   1   2   2   2     2     1   1.4406
   2   2   2   2     2     1  -1.8245
