      1      1      1      1           2           0   5.60967955301370     
      1      1      1      1           0           0  -12.2458500000000     
      1      1      1      2           2           0 -0.393265578203839     
      1      1      2      1           2           0 -0.393265578203839     
      1      1      2      2           4           0  -6.71636389299740     
      1      1      2      2           2           0   2.93865590480424     
      1      2      1      1           2           0  0.393265578203839     
      1      2      1      2           2           0 -0.240381737425079     
      1      2      1      2           0           0  -17.0450387702056     
      1      2      2      1           4           0   12.9436192420061     
      1      2      2      1           2           0  -3.85729879909098     
      1      2      2      2           4           0   8.48301139473030     
      1      2      2      2           2           0   2.26750519114639     
      2      1      1      1           2           0  0.393265578203839     
      2      1      1      2           4           0   12.9436192420061     
      2      1      1      2           2           0  -3.85729879909098     
      2      1      2      1           2           0 -0.240381737425079     
      2      1      2      1           0           0  -17.0450387702056     
      2      1      2      2           4           0   8.48301139473030     
      2      1      2      2           2           0   2.26750519114639     
      2      2      1      1           4           0  -6.71636389299740     
      2      2      1      1           2           0   2.93865590480424     
      2      2      1      2           4           0  -8.48301139473030     
      2      2      1      2           2           0  -2.26750519114640     
      2      2      2      1           4           0  -8.48301139473030     
      2      2      2      1           2           0  -2.26750519114640     
      2      2      2      2           6           0   7.36811313991412     
      2      2      2      2           4           0  -8.91496823915403     
      2      2      2      2           2           0   6.21387949647199     
      2      2      2      2           0           0  -25.3100750000000     
      1      1      1      1           2           0   5.60967955301370     
      1      1      1      1           0           0  -12.2458500000000     
      1      1      1      2           2           0 -0.393265578203839     
      1      1      2      1           2           0 -0.393265578203839     
      1      1      2      2           4           0  -6.71636389299740     
      1      1      2      2           2           0   2.93865590480424     
      1      2      1      1           2           0  0.393265578203839     
      1      2      1      2           2           0 -0.240381737425079     
      1      2      1      2           0           0  -17.0450387702056     
      1      2      2      1           4           0   12.9436192420061     
      1      2      2      1           2           0  -3.85729879909098     
      1      2      2      2           4           0   8.48301139473030     
      1      2      2      2           2           0   2.26750519114639     
      2      1      1      1           2           0  0.393265578203839     
      2      1      1      2           4           0   12.9436192420061     
      2      1      1      2           2           0  -3.85729879909098     
      2      1      2      1           2           0 -0.240381737425079     
      2      1      2      1           0           0  -17.0450387702056     
      2      1      2      2           4           0   8.48301139473030     
      2      1      2      2           2           0   2.26750519114639     
      2      2      1      1           4           0  -6.71636389299740     
      2      2      1      1           2           0   2.93865590480424     
      2      2      1      2           4           0  -8.48301139473030     
      2      2      1      2           2           0  -2.26750519114640     
      2      2      2      1           4           0  -8.48301139473030     
      2      2      2      1           2           0  -2.26750519114640     
      2      2      2      2           6           0   7.36811313991412     
      2      2      2      2           4           0  -8.91496823915403     
      2      2      2      2           2           0   6.21387949647199     
      2      2      2      2           0           0  -25.3100750000000     
          60           6
   1   1   3   3   0   0   0   0-12.2459   1   1
   1   1   3   3   2   0   0   0  5.6097   1   1
   1   1   3   4   2   0   0   0 -0.3933   1   1
   1   1   4   3   2   0   0   0  0.3933   1   1
   1   1   4   4   0   0   0   0-17.0450   1   1
   1   1   4   4   2   0   0   0 -0.2404   1   1
   1   2   3   3   2   0   0   0 -0.3933   1   1
   1   2   3   4   2   0   0   0  2.9387   1   1
   1   2   3   4   4   0   0   0 -6.7164   1   1
   1   2   4   3   2   0   0   0 -3.8573   1   1
   1   2   4   3   4   0   0   0 12.9436   1   1
   1   2   4   4   2   0   0   0  2.2675   1   1
   1   2   4   4   4   0   0   0  8.4830   1   1
   2   1   3   3   2   0   0   0  0.3933   1   1
   2   1   3   4   2   0   0   0 -3.8573   1   1
   2   1   3   4   4   0   0   0 12.9436   1   1
   2   1   4   3   2   0   0   0  2.9387   1   1
   2   1   4   3   4   0   0   0 -6.7164   1   1
   2   1   4   4   2   0   0   0 -2.2675   1   1
   2   1   4   4   4   0   0   0 -8.4830   1   1
   2   2   3   3   0   0   0   0-17.0450   1   1
   2   2   3   3   2   0   0   0 -0.2404   1   1
   2   2   3   4   2   0   0   0  2.2675   1   1
   2   2   3   4   4   0   0   0  8.4830   1   1
   2   2   4   3   2   0   0   0 -2.2675   1   1
   2   2   4   3   4   0   0   0 -8.4830   1   1
   2   2   4   4   0   0   0   0-25.3101   1   1
   2   2   4   4   2   0   0   0  6.2139   1   1
   2   2   4   4   4   0   0   0 -8.9150   1   1
   2   2   4   4   6   0   0   0  7.3681   1   1
   3   3   1   1   0   0   0   0-12.2459   1   1
   3   3   1   1   2   0   0   0  5.6097   1   1
   3   3   1   2   2   0   0   0 -0.3933   1   1
   3   3   2   1   2   0   0   0  0.3933   1   1
   3   3   2   2   0   0   0   0-17.0450   1   1
   3   3   2   2   2   0   0   0 -0.2404   1   1
   3   4   1   1   2   0   0   0 -0.3933   1   1
   3   4   1   2   2   0   0   0  2.9387   1   1
   3   4   1   2   4   0   0   0 -6.7164   1   1
   3   4   2   1   2   0   0   0 -3.8573   1   1
   3   4   2   1   4   0   0   0 12.9436   1   1
   3   4   2   2   2   0   0   0  2.2675   1   1
   3   4   2   2   4   0   0   0  8.4830   1   1
   4   3   1   1   2   0   0   0  0.3933   1   1
   4   3   1   2   2   0   0   0 -3.8573   1   1
   4   3   1   2   4   0   0   0 12.9436   1   1
   4   3   2   1   2   0   0   0  2.9387   1   1
   4   3   2   1   4   0   0   0 -6.7164   1   1
   4   3   2   2   2   0   0   0 -2.2675   1   1
   4   3   2   2   4   0   0   0 -8.4830   1   1
   4   4   1   1   0   0   0   0-17.0450   1   1
   4   4   1   1   2   0   0   0 -0.2404   1   1
   4   4   1   2   2   0   0   0  2.2675   1   1
   4   4   1   2   4   0   0   0  8.4830   1   1
   4   4   2   1   2   0   0   0 -2.2675   1   1
   4   4   2   1   4   0   0   0 -8.4830   1   1
   4   4   2   2   0   0   0   0-25.3101   1   1
   4   4   2   2   2   0   0   0  6.2139   1   1
   4   4   2   2   4   0   0   0 -8.9150   1   1
   4   4   2   2   6   0   0   0  7.3681   1   1
