      1      2      1      2  -1.26480000000000     
      2      4      1      2  0.000000000000000E+000
      1      5      1      2  0.000000000000000E+000
      4      5      1      2   2.48208622332102     
      3      6      1      2  -2.48208622332102     
      1      3      1      3  -2.84310000000000     
      3      4      1      3  -1.44060000000000     
      2      3      2      3 -0.303600000000000     
      1      4      2      3  -1.46618100860706     
      3      5      2      3 -0.720300000000000     
      2      3      1      4  -1.46618100860706     
      1      4      1      4  -1.99660000000000     
      3      5      1      4  -1.24759619669186     
      1      2      2      4  0.000000000000000E+000
      2      4      2      4  -1.15010000000000     
      1      5      2      4  -1.69300000000000     
      4      5      2      4 -0.720300000000000     
      3      6      2      4 -0.720300000000000     
      1      3      3      4  -1.44060000000000     
      3      4      3      4  -1.82450000000000     
      1      2      1      5  0.000000000000000E+000
      2      4      1      5  -1.69300000000000     
      1      5      1      5  -1.15010000000000     
      4      5      1      5 -0.720300000000000     
      3      6      1      5 -0.720300000000000     
      2      5      2      5  -1.99660000000000     
      1      6      2      5  -1.46618100860706     
      4      6      2      5  -1.24759619669186     
      2      3      3      5 -0.720300000000000     
      1      4      3      5  -1.24759619669186     
      3      5      3      5  -1.82450000000000     
      1      2      4      5   2.48208622332102     
      2      4      4      5 -0.720300000000000     
      1      5      4      5 -0.720300000000000     
      4      5      4      5  -2.78570000000000     
      3      6      4      5  0.961200000000000     
      2      5      1      6  -1.46618100860706     
      1      6      1      6 -0.303600000000000     
      4      6      1      6 -0.720300000000000     
      2      6      2      6  -2.84310000000000     
      5      6      2      6  -1.44060000000000     
      1      2      3      6  -2.48208622332102     
      2      4      3      6 -0.720300000000000     
      1      5      3      6 -0.720300000000000     
      4      5      3      6  0.961200000000000     
      3      6      3      6  -2.78570000000000     
      2      5      4      6  -1.24759619669186     
      1      6      4      6 -0.720300000000000     
      4      6      4      6  -1.82450000000000     
      2      6      5      6  -1.44060000000000     
      5      6      5      6  -1.82450000000000     
      1      7      1      7  -7.74230000000000     
      4      7      1      7  0.113525993719500     
      3      8      1      7 -0.196632789101920     
      2      9      1      7 -0.196632789101920     
      5      9      1      7   2.03528225143345     
      1     10      1      7  0.113525993719500     
      4     10      1      7  -2.35014151148394     
      3     11      1      7   2.03528225143345     
      2      7      2      7  -4.50355000000000     
      5      7      2      7  0.113525993719500     
      1      8      2      7  -3.23875000000000     
      4      8      2      7 -0.113525993719500     
      6      9      2      7  0.521563021952443     
      2     10      2      7 -0.113525993719500     
      5     10      2      7  0.653507733789525     
      1     11      2      7  0.113525993719500     
      4     11      2      7  -1.82857848953149     
      3     12      2      7   3.00364924527346     
      3      7      3      7  -5.96050000000000     
      1      9      3      7  -3.11740000000000     
      4      9      3      7 -0.720300000000000     
      3     10      3      7  0.720300000000000     
      1      7      4      7  0.113525993719500     
      4      7      4      7  -6.00438750000000     
      3      8      4      7  7.601537981718010E-002
      2      9      4      7   1.54219638842424     
      5      9      4      7  0.717048101027808     
      1     10      4      7  -4.00778750000000     
      4     10      4      7  -1.54827582830063     
      3     11      4      7   1.96464429771967     
      2      7      5      7  0.113525993719500     
      5      7      5      7  -6.04827500000000     
      1      8      5      7  0.113525993719500     
      4      8      5      7  8.777500000000171E-002
      6      9      5      7   1.96226374245095     
      2     10      5      7   1.78077500000000     
      5     10      5      7  -1.13428791415032     
      1     11      5      7  -4.89817500000000     
      4     11      5      7 -0.413987914150315     
      3     12      5      7   2.68256374245095     
      6      7      6      7  -6.09216250000000     
      2      8      6      7  0.196632789101920     
      5      8      6      7  7.601537981718010E-002
      6     10      6      7   1.96226374245095     
      2     11      6      7   1.54219638842424     
      5     11      6      7  -2.68169239874748     
      1     12      6      7  -5.78856250000000     
      4     12      6      7   2.68256374245095     
      2      7      1      8  -3.23875000000000     
      5      7      1      8  0.113525993719500     
      1      8      1      8  -4.50355000000000     
      4      8      1      8 -0.113525993719500     
      6      9      1      8   3.00364924527346     
      2     10      1      8 -0.113525993719500     
      5     10      1      8  -1.82857848953149     
      1     11      1      8  0.113525993719500     
      4     11      1      8  0.653507733789525     
      3     12      1      8  0.521563021952443     
      6      7      2      8  0.196632789101920     
      2      8      2      8  -7.74230000000000     
      5      8      2      8 -0.113525993719500     
      6     10      2      8   2.03528225143345     
      2     11      2      8 -0.113525993719500     
      5     11      2      8  -2.35014151148394     
      1     12      2      8  0.196632789101920     
      4     12      2      8   2.03528225143345     
      1      7      3      8 -0.196632789101920     
      4      7      3      8  7.601537981718010E-002
      3      8      3      8  -6.09216250000000     
      2      9      3      8  -5.78856250000000     
      5      9      3      8  -2.68256374245095     
      1     10      3      8   1.54219638842424     
      4     10      3      8   2.68169239874748     
      3     11      3      8  -1.96226374245095     
      2      7      4      8 -0.113525993719500     
      5      7      4      8  8.777500000000171E-002
      1      8      4      8 -0.113525993719500     
      4      8      4      8  -6.04827500000000     
      6      9      4      8  -2.68256374245095     
      2     10      4      8  -4.89817500000000     
      5     10      4      8  0.413987914150315     
      1     11      4      8   1.78077500000000     
      4     11      4      8   1.13428791415032     
      3     12      4      8  -1.96226374245095     
      6      7      5      8  7.601537981718010E-002
      2      8      5      8 -0.113525993719500     
      5      8      5      8  -6.00438750000000     
      6     10      5      8  -1.96464429771967     
      2     11      5      8  -4.00778750000000     
      5     11      5      8   1.54827582830063     
      1     12      5      8   1.54219638842424     
      4     12      5      8 -0.717048101027808     
      6      8      6      8  -5.96050000000000     
      6     11      6      8 -0.720300000000000     
      2     12      6      8  -3.11740000000000     
      5     12      6      8  0.720300000000000     
      7      8      7      8  -1.26480000000000     
      8     10      7      8  0.000000000000000E+000
      7     11      7      8  0.000000000000000E+000
     10     11      7      8   2.48208622332102     
      9     12      7      8  -2.48208622332102     
      3      7      1      9  -3.11740000000000     
      1      9      1      9  -5.96050000000000     
      4      9      1      9  0.720300000000000     
      3     10      1      9 -0.720300000000000     
      1      7      2      9 -0.196632789101920     
      4      7      2      9   1.54219638842424     
      3      8      2      9  -5.78856250000000     
      2      9      2      9  -6.09216250000000     
      5      9      2      9  -1.96226374245095     
      1     10      2      9  7.601537981718010E-002
      4     10      2      9   2.68169239874748     
      3     11      2      9  -2.68256374245095     
      3      9      3      9  -9.07790000000000     
      3      7      4      9 -0.720300000000000     
      1      9      4      9  0.720300000000000     
      4      9      4      9  -5.45120000000000     
      3     10      4      9  -3.62670000000000     
      1      7      5      9   2.03528225143345     
      4      7      5      9  0.717048101027808     
      3      8      5      9  -2.68256374245095     
      2      9      5      9  -1.96226374245095     
      5      9      5      9  -5.21039000000000     
      1     10      5      9   1.96464429771967     
      4     10      5      9 -0.278063436647103     
      3     11      5      9  -3.38589000000000     
      2      7      6      9  0.521563021952443     
      5      7      6      9   1.96226374245095     
      1      8      6      9   3.00364924527346     
      4      8      6      9  -2.68256374245095     
      6      9      6      9  -5.57058500000000     
      2     10      6      9  -1.96226374245095     
      5     10      6      9  0.360195000000002     
      1     11      6      9   2.68256374245095     
      4     11      6      9 -0.601004999999998     
      3     12      6      9  -2.78488500000000     
      7      9      7      9  -2.84310000000000     
      9     10      7      9  -1.44060000000000     
      8      9      8      9 -0.303600000000000     
      7     10      8      9  -1.46618100860706     
      9     11      8      9 -0.720300000000000     
      1      7      1     10  0.113525993719500     
      4      7      1     10  -4.00778750000000     
      3      8      1     10   1.54219638842424     
      2      9      1     10  7.601537981718010E-002
      5      9      1     10   1.96464429771967     
      1     10      1     10  -6.00438750000000     
      4     10      1     10  -1.54827582830063     
      3     11      1     10  0.717048101027808     
      2      7      2     10 -0.113525993719500     
      5      7      2     10   1.78077500000000     
      1      8      2     10 -0.113525993719500     
      4      8      2     10  -4.89817500000000     
      6      9      2     10  -1.96226374245095     
      2     10      2     10  -6.04827500000000     
      5     10      2     10   1.13428791415032     
      1     11      2     10  8.777500000000171E-002
      4     11      2     10  0.413987914150315     
      3     12      2     10  -2.68256374245095     
      3      7      3     10  0.720300000000000     
      1      9      3     10 -0.720300000000000     
      4      9      3     10  -3.62670000000000     
      3     10      3     10  -5.45119999999999     
      1      7      4     10  -2.35014151148394     
      4      7      4     10  -1.54827582830063     
      3      8      4     10   2.68169239874748     
      2      9      4     10   2.68169239874748     
      5      9      4     10 -0.278063436647103     
      1     10      4     10  -1.54827582830063     
      4     10      4     10  -8.75682000000000     
      3     11      4     10 -0.278063436647103     
      2      7      5     10  0.653507733789525     
      5      7      5     10  -1.13428791415032     
      1      8      5     10  -1.82857848953149     
      4      8      5     10  0.413987914150315     
      6      9      5     10  0.360195000000002     
      2     10      5     10   1.13428791415032     
      5     10      5     10  -5.89166500000000     
      1     11      5     10 -0.413987914150315     
      4     11      5     10  -3.10596500000000     
      3     12      5     10 -0.601004999999998     
      6      7      6     10   1.96226374245095     
      2      8      6     10   2.03528225143345     
      5      8      6     10  -1.96464429771967     
      6     10      6     10  -5.21039000000000     
      2     11      6     10 -0.717048101027808     
      5     11      6     10 -0.278063436647103     
      1     12      6     10   2.68256374245095     
      4     12      6     10  -3.38589000000000     
      8      9      7     10  -1.46618100860706     
      7     10      7     10  -1.99660000000000     
      9     11      7     10  -1.24759619669186     
      7      8      8     10  0.000000000000000E+000
      8     10      8     10  -1.15010000000000     
      7     11      8     10  -1.69300000000000     
     10     11      8     10 -0.720300000000000     
      9     12      8     10 -0.720300000000000     
      7      9      9     10  -1.44060000000000     
      9     10      9     10  -1.82450000000000     
      2      7      1     11  0.113525993719500     
      5      7      1     11  -4.89817500000000     
      1      8      1     11  0.113525993719500     
      4      8      1     11   1.78077500000000     
      6      9      1     11   2.68256374245095     
      2     10      1     11  8.777500000000171E-002
      5     10      1     11 -0.413987914150315     
      1     11      1     11  -6.04827500000000     
      4     11      1     11  -1.13428791415032     
      3     12      1     11   1.96226374245095     
      6      7      2     11   1.54219638842424     
      2      8      2     11 -0.113525993719500     
      5      8      2     11  -4.00778750000000     
      6     10      2     11 -0.717048101027808     
      2     11      2     11  -6.00438750000000     
      5     11      2     11   1.54827582830063     
      1     12      2     11  7.601537981718010E-002
      4     12      2     11  -1.96464429771967     
      1      7      3     11   2.03528225143345     
      4      7      3     11   1.96464429771967     
      3      8      3     11  -1.96226374245095     
      2      9      3     11  -2.68256374245095     
      5      9      3     11  -3.38589000000000     
      1     10      3     11  0.717048101027808     
      4     10      3     11 -0.278063436647103     
      3     11      3     11  -5.21039000000000     
      2      7      4     11  -1.82857848953149     
      5      7      4     11 -0.413987914150315     
      1      8      4     11  0.653507733789525     
      4      8      4     11   1.13428791415032     
      6      9      4     11 -0.601004999999998     
      2     10      4     11  0.413987914150315     
      5     10      4     11  -3.10596500000000     
      1     11      4     11  -1.13428791415032     
      4     11      4     11  -5.89166500000000     
      3     12      4     11  0.360195000000002     
      6      7      5     11  -2.68169239874748     
      2      8      5     11  -2.35014151148394     
      5      8      5     11   1.54827582830063     
      6     10      5     11 -0.278063436647103     
      2     11      5     11   1.54827582830063     
      5     11      5     11  -8.75682000000000     
      1     12      5     11  -2.68169239874748     
      4     12      5     11 -0.278063436647103     
      6      8      6     11 -0.720300000000000     
      6     11      6     11  -5.45120000000000     
      2     12      6     11  0.720300000000000     
      5     12      6     11  -3.62670000000000     
      7      8      7     11  0.000000000000000E+000
      8     10      7     11  -1.69300000000000     
      7     11      7     11  -1.15010000000000     
     10     11      7     11 -0.720300000000000     
      9     12      7     11 -0.720300000000000     
      8     11      8     11  -1.99660000000000     
      7     12      8     11  -1.46618100860706     
     10     12      8     11  -1.24759619669186     
      8      9      9     11 -0.720300000000000     
      7     10      9     11  -1.24759619669186     
      9     11      9     11  -1.82450000000000     
      7      8     10     11   2.48208622332102     
      8     10     10     11 -0.720300000000000     
      7     11     10     11 -0.720300000000000     
     10     11     10     11  -2.78570000000000     
      9     12     10     11  0.961200000000000     
      6      7      1     12  -5.78856250000000     
      2      8      1     12  0.196632789101920     
      5      8      1     12   1.54219638842424     
      6     10      1     12   2.68256374245095     
      2     11      1     12  7.601537981718010E-002
      5     11      1     12  -2.68169239874748     
      1     12      1     12  -6.09216250000000     
      4     12      1     12   1.96226374245095     
      6      8      2     12  -3.11740000000000     
      6     11      2     12  0.720300000000000     
      2     12      2     12  -5.96050000000000     
      5     12      2     12 -0.720300000000000     
      2      7      3     12   3.00364924527346     
      5      7      3     12   2.68256374245095     
      1      8      3     12  0.521563021952443     
      4      8      3     12  -1.96226374245095     
      6      9      3     12  -2.78488500000000     
      2     10      3     12  -2.68256374245095     
      5     10      3     12 -0.601004999999998     
      1     11      3     12   1.96226374245095     
      4     11      3     12  0.360195000000002     
      3     12      3     12  -5.57058500000000     
      6      7      4     12   2.68256374245095     
      2      8      4     12   2.03528225143345     
      5      8      4     12 -0.717048101027808     
      6     10      4     12  -3.38589000000000     
      2     11      4     12  -1.96464429771967     
      5     11      4     12 -0.278063436647103     
      1     12      4     12   1.96226374245095     
      4     12      4     12  -5.21039000000000     
      6      8      5     12  0.720300000000000     
      6     11      5     12  -3.62670000000000     
      2     12      5     12 -0.720300000000000     
      5     12      5     12  -5.45119999999999     
      6     12      6     12  -9.07790000000000     
      8     11      7     12  -1.46618100860706     
      7     12      7     12 -0.303600000000000     
     10     12      7     12 -0.720300000000000     
      8     12      8     12  -2.84310000000000     
     11     12      8     12  -1.44060000000000     
      7      8      9     12  -2.48208622332102     
      8     10      9     12 -0.720300000000000     
      7     11      9     12 -0.720300000000000     
     10     11      9     12  0.961200000000000     
      9     12      9     12  -2.78570000000000     
      8     11     10     12  -1.24759619669186     
      7     12     10     12 -0.720300000000000     
     10     12     10     12  -1.82450000000000     
      8     12     11     12  -1.44060000000000     
     11     12     11     12  -1.82450000000000     
