      1      1      1      1           2           0   4.56767778718026     
      1      1      1      1           0           0  -10.5344500000000     
      1      1      1      2           2           0 -0.452053332030635     
      1      1      2      1           2           0 -0.452053332030635     
      1      1      2      2           4           0  -6.15313365116506     
      1      1      2      2           2           0   2.62696224961459     
      1      2      1      1           2           0  0.452053332030635     
      1      2      1      2           2           0 -8.133679978951691E-002
      1      2      1      2           0           0  -14.8539800203514     
      1      2      2      1           4           0   11.0335420247761     
      1      2      2      1           2           0  -3.17406970741034     
      1      2      2      2           4           0   7.60318442797195     
      1      2      2      2           2           0   1.93298233159147     
      2      1      1      1           2           0  0.452053332030635     
      2      1      1      2           4           0   11.0335420247761     
      2      1      1      2           2           0  -3.17406970741034     
      2      1      2      1           2           0 -8.133679978951691E-002
      2      1      2      1           0           0  -14.8539800203514     
      2      1      2      2           4           0   7.60318442797195     
      2      1      2      2           2           0   1.93298233159147     
      2      2      1      1           4           0  -6.15313365116506     
      2      2      1      1           2           0   2.62696224961459     
      2      2      1      2           4           0  -7.60318442797196     
      2      2      1      2           2           0  -1.93298233159147     
      2      2      2      1           4           0  -7.60318442797196     
      2      2      2      1           2           0  -1.93298233159147     
      2      2      2      2           6           0   5.77451098147714     
      2      2      2      2           4           0  -7.67244116575683     
      2      2      2      2           2           0   5.37846809071133     
      2      2      2      2           0           0  -21.8924000000000     
      1      1      1      1           2           0   4.56767778718026     
      1      1      1      1           0           0  -10.5344500000000     
      1      1      1      2           2           0 -0.452053332030635     
      1      1      2      1           2           0 -0.452053332030635     
      1      1      2      2           4           0  -6.15313365116506     
      1      1      2      2           2           0   2.62696224961459     
      1      2      1      1           2           0  0.452053332030635     
      1      2      1      2           2           0 -8.133679978951691E-002
      1      2      1      2           0           0  -14.8539800203514     
      1      2      2      1           4           0   11.0335420247761     
      1      2      2      1           2           0  -3.17406970741034     
      1      2      2      2           4           0   7.60318442797195     
      1      2      2      2           2           0   1.93298233159147     
      2      1      1      1           2           0  0.452053332030635     
      2      1      1      2           4           0   11.0335420247761     
      2      1      1      2           2           0  -3.17406970741034     
      2      1      2      1           2           0 -8.133679978951691E-002
      2      1      2      1           0           0  -14.8539800203514     
      2      1      2      2           4           0   7.60318442797195     
      2      1      2      2           2           0   1.93298233159147     
      2      2      1      1           4           0  -6.15313365116506     
      2      2      1      1           2           0   2.62696224961459     
      2      2      1      2           4           0  -7.60318442797196     
      2      2      1      2           2           0  -1.93298233159147     
      2      2      2      1           4           0  -7.60318442797196     
      2      2      2      1           2           0  -1.93298233159147     
      2      2      2      2           6           0   5.77451098147714     
      2      2      2      2           4           0  -7.67244116575683     
      2      2      2      2           2           0   5.37846809071133     
      2      2      2      2           0           0  -21.8924000000000     
          60           6
   1   1   3   3   0   0   0   0-10.5344   1   1
   1   1   3   3   2   0   0   0  4.5677   1   1
   1   1   3   4   2   0   0   0 -0.4521   1   1
   1   1   4   3   2   0   0   0  0.4521   1   1
   1   1   4   4   0   0   0   0-14.8540   1   1
   1   1   4   4   2   0   0   0 -0.0813   1   1
   1   2   3   3   2   0   0   0 -0.4521   1   1
   1   2   3   4   2   0   0   0  2.6270   1   1
   1   2   3   4   4   0   0   0 -6.1531   1   1
   1   2   4   3   2   0   0   0 -3.1741   1   1
   1   2   4   3   4   0   0   0 11.0335   1   1
   1   2   4   4   2   0   0   0  1.9330   1   1
   1   2   4   4   4   0   0   0  7.6032   1   1
   2   1   3   3   2   0   0   0  0.4521   1   1
   2   1   3   4   2   0   0   0 -3.1741   1   1
   2   1   3   4   4   0   0   0 11.0335   1   1
   2   1   4   3   2   0   0   0  2.6270   1   1
   2   1   4   3   4   0   0   0 -6.1531   1   1
   2   1   4   4   2   0   0   0 -1.9330   1   1
   2   1   4   4   4   0   0   0 -7.6032   1   1
   2   2   3   3   0   0   0   0-14.8540   1   1
   2   2   3   3   2   0   0   0 -0.0813   1   1
   2   2   3   4   2   0   0   0  1.9330   1   1
   2   2   3   4   4   0   0   0  7.6032   1   1
   2   2   4   3   2   0   0   0 -1.9330   1   1
   2   2   4   3   4   0   0   0 -7.6032   1   1
   2   2   4   4   0   0   0   0-21.8924   1   1
   2   2   4   4   2   0   0   0  5.3785   1   1
   2   2   4   4   4   0   0   0 -7.6724   1   1
   2   2   4   4   6   0   0   0  5.7745   1   1
   3   3   1   1   0   0   0   0-10.5344   1   1
   3   3   1   1   2   0   0   0  4.5677   1   1
   3   3   1   2   2   0   0   0 -0.4521   1   1
   3   3   2   1   2   0   0   0  0.4521   1   1
   3   3   2   2   0   0   0   0-14.8540   1   1
   3   3   2   2   2   0   0   0 -0.0813   1   1
   3   4   1   1   2   0   0   0 -0.4521   1   1
   3   4   1   2   2   0   0   0  2.6270   1   1
   3   4   1   2   4   0   0   0 -6.1531   1   1
   3   4   2   1   2   0   0   0 -3.1741   1   1
   3   4   2   1   4   0   0   0 11.0335   1   1
   3   4   2   2   2   0   0   0  1.9330   1   1
   3   4   2   2   4   0   0   0  7.6032   1   1
   4   3   1   1   2   0   0   0  0.4521   1   1
   4   3   1   2   2   0   0   0 -3.1741   1   1
   4   3   1   2   4   0   0   0 11.0335   1   1
   4   3   2   1   2   0   0   0  2.6270   1   1
   4   3   2   1   4   0   0   0 -6.1531   1   1
   4   3   2   2   2   0   0   0 -1.9330   1   1
   4   3   2   2   4   0   0   0 -7.6032   1   1
   4   4   1   1   0   0   0   0-14.8540   1   1
   4   4   1   1   2   0   0   0 -0.0813   1   1
   4   4   1   2   2   0   0   0  1.9330   1   1
   4   4   1   2   4   0   0   0  7.6032   1   1
   4   4   2   1   2   0   0   0 -1.9330   1   1
   4   4   2   1   4   0   0   0 -7.6032   1   1
   4   4   2   2   0   0   0   0-21.8924   1   1
   4   4   2   2   2   0   0   0  5.3785   1   1
   4   4   2   2   4   0   0   0 -7.6724   1   1
   4   4   2   2   6   0   0   0  5.7745   1   1
