      1      2      1      2  -1.31150000000000     
      2      4      1      2  0.000000000000000E+000
      1      5      1      2  0.000000000000000E+000
      4      5      1      2   2.30219825818716     
      3      6      1      2  -2.30219825818716     
      1      3      1      3  -2.62140000000000     
      3      4      1      3  -1.34560000000000     
      2      3      2      3 -0.339600000000000     
      1      4      2      3  -1.31739784423689     
      3      5      2      3 -0.672800000000000     
      2      3      1      4  -1.31739784423689     
      1      4      1      4  -1.86080000000000     
      3      5      1      4  -1.16532378333234     
      1      2      2      4  0.000000000000000E+000
      2      4      2      4  -1.10020000000000     
      1      5      2      4  -1.52120000000000     
      4      5      2      4 -0.672800000000000     
      3      6      2      4 -0.672800000000000     
      1      3      3      4  -1.34560000000000     
      3      4      3      4  -1.67000000000000     
      1      2      1      5  0.000000000000000E+000
      2      4      1      5  -1.52120000000000     
      1      5      1      5  -1.10020000000000     
      4      5      1      5 -0.672800000000000     
      3      6      1      5 -0.672800000000000     
      2      5      2      5  -1.86080000000000     
      1      6      2      5  -1.31739784423689     
      4      6      2      5  -1.16532378333234     
      2      3      3      5 -0.672800000000000     
      1      4      3      5  -1.16532378333234     
      3      5      3      5  -1.67000000000000     
      1      2      4      5   2.30219825818716     
      2      4      4      5 -0.672800000000000     
      1      5      4      5 -0.672800000000000     
      4      5      4      5  -2.64185000000000     
      3      6      4      5  0.971850000000000     
      2      5      1      6  -1.31739784423689     
      1      6      1      6 -0.339600000000000     
      4      6      1      6 -0.672800000000000     
      2      6      2      6  -2.62140000000000     
      5      6      2      6  -1.34560000000000     
      1      2      3      6  -2.30219825818716     
      2      4      3      6 -0.672800000000000     
      1      5      3      6 -0.672800000000000     
      4      5      3      6  0.971850000000000     
      3      6      3      6  -2.64185000000000     
      2      5      4      6  -1.16532378333234     
      1      6      4      6 -0.672800000000000     
      4      6      4      6  -1.67000000000000     
      2      6      5      6  -1.34560000000000     
      5      6      5      6  -1.67000000000000     
      1      7      1      7  -6.58580000000000     
      4      7      1      7  0.130496556467977     
      3      8      1      7 -0.226026666015318     
      2      9      1      7 -0.226026666015318     
      5      9      1      7   1.84828977030118     
      1     10      1      7  0.130496556467977     
      4     10      1      7  -2.13422119284764     
      3     11      1      7   1.84828977030118     
      2      7      2      7  -3.94865000000000     
      5      7      2      7  0.130496556467977     
      1      8      2      7  -2.63715000000000     
      4      8      2      7 -0.130496556467977     
      6      9      2      7  0.449566765542149     
      2     10      2      7 -0.130496556467977     
      5     10      2      7  0.617543830881671     
      1     11      2      7  0.130496556467977     
      4     11      2      7  -1.68465442730549     
      3     12      2      7   2.75176502372931     
      3      7      3      7  -5.22940000000000     
      1      9      3      7  -2.60800000000000     
      4      9      3      7 -0.672800000000000     
      3     10      3      7  0.672800000000000     
      1      7      4      7  0.130496556467977     
      4      7      4      7  -5.24425000000000     
      3      8      4      7  2.572095449239875E-002
      2      9      4      7   1.34311879872929     
      5      9      4      7  0.611262684469191     
      1     10      4      7  -3.38345000000000     
      4     10      4      7  -1.37862535084772     
      3     11      4      7   1.77658646780153     
      2      7      5      7  0.130496556467977     
      5      7      5      7  -5.25910000000000     
      1      8      5      7  0.130496556467977     
      4      8      5      7  2.970000000000106E-002
      6      9      5      7   1.73153802627158     
      2     10      5      7   1.55090000000000     
      5     10      5      7  -1.02571267542386     
      1     11      5      7  -4.15890000000000     
      4     11      5      7 -0.352912675423860     
      3     12      5      7   2.40433802627158     
      6      7      6      7  -5.27395000000000     
      2      8      6      7  0.226026666015318     
      5      8      6      7  2.572095449239875E-002
      6     10      6      7   1.73153802627158     
      2     11      6      7   1.34311879872929     
      5     11      6      7  -2.38784915227072     
      1     12      6      7  -4.93435000000000     
      4     12      6      7   2.40433802627158     
      2      7      1      8  -2.63715000000000     
      5      7      1      8  0.130496556467977     
      1      8      1      8  -3.94865000000000     
      4      8      1      8 -0.130496556467977     
      6      9      1      8   2.75176502372931     
      2     10      1      8 -0.130496556467977     
      5     10      1      8  -1.68465442730549     
      1     11      1      8  0.130496556467977     
      4     11      1      8  0.617543830881671     
      3     12      1      8  0.449566765542149     
      6      7      2      8  0.226026666015318     
      2      8      2      8  -6.58580000000000     
      5      8      2      8 -0.130496556467977     
      6     10      2      8   1.84828977030118     
      2     11      2      8 -0.130496556467977     
      5     11      2      8  -2.13422119284764     
      1     12      2      8  0.226026666015318     
      4     12      2      8   1.84828977030118     
      1      7      3      8 -0.226026666015318     
      4      7      3      8  2.572095449239875E-002
      3      8      3      8  -5.27395000000000     
      2      9      3      8  -4.93435000000000     
      5      9      3      8  -2.40433802627158     
      1     10      3      8   1.34311879872929     
      4     10      3      8   2.38784915227072     
      3     11      3      8  -1.73153802627158     
      2      7      4      8 -0.130496556467977     
      5      7      4      8  2.970000000000106E-002
      1      8      4      8 -0.130496556467977     
      4      8      4      8  -5.25910000000000     
      6      9      4      8  -2.40433802627158     
      2     10      4      8  -4.15890000000000     
      5     10      4      8  0.352912675423860     
      1     11      4      8   1.55090000000000     
      4     11      4      8   1.02571267542386     
      3     12      4      8  -1.73153802627158     
      6      7      5      8  2.572095449239875E-002
      2      8      5      8 -0.130496556467977     
      5      8      5      8  -5.24425000000000     
      6     10      5      8  -1.77658646780153     
      2     11      5      8  -3.38345000000000     
      5     11      5      8   1.37862535084772     
      1     12      5      8   1.34311879872929     
      4     12      5      8 -0.611262684469191     
      6      8      6      8  -5.22940000000000     
      6     11      6      8 -0.672800000000000     
      2     12      6      8  -2.60800000000000     
      5     12      6      8  0.672800000000000     
      7      8      7      8  -1.31150000000000     
      8     10      7      8  0.000000000000000E+000
      7     11      7      8  0.000000000000000E+000
     10     11      7      8   2.30219825818716     
      9     12      7      8  -2.30219825818716     
      3      7      1      9  -2.60800000000000     
      1      9      1      9  -5.22940000000000     
      4      9      1      9  0.672800000000000     
      3     10      1      9 -0.672800000000000     
      1      7      2      9 -0.226026666015318     
      4      7      2      9   1.34311879872929     
      3      8      2      9  -4.93435000000000     
      2      9      2      9  -5.27395000000000     
      5      9      2      9  -1.73153802627158     
      1     10      2      9  2.572095449239875E-002
      4     10      2      9   2.38784915227072     
      3     11      2      9  -2.40433802627158     
      3      9      3      9  -7.83740000000000     
      3      7      4      9 -0.672800000000000     
      1      9      4      9  0.672800000000000     
      4      9      4      9  -4.75370000000000     
      3     10      4      9  -3.08370000000000     
      1      7      5      9   1.84828977030118     
      4      7      5      9  0.611262684469191     
      3      8      5      9  -2.40433802627158     
      2      9      5      9  -1.73153802627158     
      5      9      5      9  -4.47689000000000     
      1     10      5      9   1.77658646780153     
      4     10      5      9 -0.319632656028757     
      3     11      5      9  -2.80689000000000     
      2      7      6      9  0.449566765542149     
      5      7      6      9   1.73153802627158     
      1      8      6      9   2.75176502372931     
      4      8      6      9  -2.40433802627158     
      6      9      6      9  -4.82441000000000     
      2     10      6      9  -1.73153802627158     
      5     10      6      9  0.347520000000002     
      1     11      6      9   2.40433802627158     
      4     11      6      9 -0.624329999999998     
      3     12      6      9  -2.18256000000000     
      7      9      7      9  -2.62140000000000     
      9     10      7      9  -1.34560000000000     
      8      9      8      9 -0.339600000000000     
      7     10      8      9  -1.31739784423689     
      9     11      8      9 -0.672800000000000     
      1      7      1     10  0.130496556467977     
      4      7      1     10  -3.38345000000000     
      3      8      1     10   1.34311879872929     
      2      9      1     10  2.572095449239875E-002
      5      9      1     10   1.77658646780153     
      1     10      1     10  -5.24425000000000     
      4     10      1     10  -1.37862535084772     
      3     11      1     10  0.611262684469191     
      2      7      2     10 -0.130496556467977     
      5      7      2     10   1.55090000000000     
      1      8      2     10 -0.130496556467977     
      4      8      2     10  -4.15890000000000     
      6      9      2     10  -1.73153802627158     
      2     10      2     10  -5.25910000000000     
      5     10      2     10   1.02571267542386     
      1     11      2     10  2.970000000000106E-002
      4     11      2     10  0.352912675423860     
      3     12      2     10  -2.40433802627158     
      3      7      3     10  0.672800000000000     
      1      9      3     10 -0.672800000000000     
      4      9      3     10  -3.08370000000000     
      3     10      3     10  -4.75369999999999     
      1      7      4     10  -2.13422119284764     
      4      7      4     10  -1.37862535084772     
      3      8      4     10   2.38784915227072     
      2      9      4     10   2.38784915227072     
      5      9      4     10 -0.319632656028757     
      1     10      4     10  -1.37862535084772     
      4     10      4     10  -7.46832000000000     
      3     11      4     10 -0.319632656028757     
      2      7      5     10  0.617543830881671     
      5      7      5     10  -1.02571267542386     
      1      8      5     10  -1.68465442730549     
      4      8      5     10  0.352912675423861     
      6      9      5     10  0.347520000000002     
      2     10      5     10   1.02571267542386     
      5     10      5     10  -5.19349000000000     
      1     11      5     10 -0.352912675423861     
      4     11      5     10  -2.55164000000000     
      3     12      5     10 -0.624329999999998     
      6      7      6     10   1.73153802627158     
      2      8      6     10   1.84828977030118     
      5      8      6     10  -1.77658646780153     
      6     10      6     10  -4.47689000000000     
      2     11      6     10 -0.611262684469191     
      5     11      6     10 -0.319632656028757     
      1     12      6     10   2.40433802627158     
      4     12      6     10  -2.80689000000000     
      8      9      7     10  -1.31739784423689     
      7     10      7     10  -1.86080000000000     
      9     11      7     10  -1.16532378333234     
      7      8      8     10  0.000000000000000E+000
      8     10      8     10  -1.10020000000000     
      7     11      8     10  -1.52120000000000     
     10     11      8     10 -0.672800000000000     
      9     12      8     10 -0.672800000000000     
      7      9      9     10  -1.34560000000000     
      9     10      9     10  -1.67000000000000     
      2      7      1     11  0.130496556467977     
      5      7      1     11  -4.15890000000000     
      1      8      1     11  0.130496556467977     
      4      8      1     11   1.55090000000000     
      6      9      1     11   2.40433802627158     
      2     10      1     11  2.970000000000106E-002
      5     10      1     11 -0.352912675423860     
      1     11      1     11  -5.25910000000000     
      4     11      1     11  -1.02571267542386     
      3     12      1     11   1.73153802627158     
      6      7      2     11   1.34311879872929     
      2      8      2     11 -0.130496556467977     
      5      8      2     11  -3.38345000000000     
      6     10      2     11 -0.611262684469191     
      2     11      2     11  -5.24425000000000     
      5     11      2     11   1.37862535084772     
      1     12      2     11  2.572095449239875E-002
      4     12      2     11  -1.77658646780153     
      1      7      3     11   1.84828977030118     
      4      7      3     11   1.77658646780153     
      3      8      3     11  -1.73153802627158     
      2      9      3     11  -2.40433802627158     
      5      9      3     11  -2.80689000000000     
      1     10      3     11  0.611262684469191     
      4     10      3     11 -0.319632656028757     
      3     11      3     11  -4.47689000000000     
      2      7      4     11  -1.68465442730549     
      5      7      4     11 -0.352912675423861     
      1      8      4     11  0.617543830881671     
      4      8      4     11   1.02571267542386     
      6      9      4     11 -0.624329999999998     
      2     10      4     11  0.352912675423861     
      5     10      4     11  -2.55164000000000     
      1     11      4     11  -1.02571267542386     
      4     11      4     11  -5.19349000000000     
      3     12      4     11  0.347520000000002     
      6      7      5     11  -2.38784915227072     
      2      8      5     11  -2.13422119284764     
      5      8      5     11   1.37862535084772     
      6     10      5     11 -0.319632656028757     
      2     11      5     11   1.37862535084772     
      5     11      5     11  -7.46832000000000     
      1     12      5     11  -2.38784915227072     
      4     12      5     11 -0.319632656028757     
      6      8      6     11 -0.672800000000000     
      6     11      6     11  -4.75370000000000     
      2     12      6     11  0.672800000000000     
      5     12      6     11  -3.08370000000000     
      7      8      7     11  0.000000000000000E+000
      8     10      7     11  -1.52120000000000     
      7     11      7     11  -1.10020000000000     
     10     11      7     11 -0.672800000000000     
      9     12      7     11 -0.672800000000000     
      8     11      8     11  -1.86080000000000     
      7     12      8     11  -1.31739784423689     
     10     12      8     11  -1.16532378333234     
      8      9      9     11 -0.672800000000000     
      7     10      9     11  -1.16532378333234     
      9     11      9     11  -1.67000000000000     
      7      8     10     11   2.30219825818716     
      8     10     10     11 -0.672800000000000     
      7     11     10     11 -0.672800000000000     
     10     11     10     11  -2.64185000000000     
      9     12     10     11  0.971850000000000     
      6      7      1     12  -4.93435000000000     
      2      8      1     12  0.226026666015318     
      5      8      1     12   1.34311879872929     
      6     10      1     12   2.40433802627158     
      2     11      1     12  2.572095449239875E-002
      5     11      1     12  -2.38784915227072     
      1     12      1     12  -5.27395000000000     
      4     12      1     12   1.73153802627158     
      6      8      2     12  -2.60800000000000     
      6     11      2     12  0.672800000000000     
      2     12      2     12  -5.22940000000000     
      5     12      2     12 -0.672800000000000     
      2      7      3     12   2.75176502372931     
      5      7      3     12   2.40433802627158     
      1      8      3     12  0.449566765542149     
      4      8      3     12  -1.73153802627158     
      6      9      3     12  -2.18256000000000     
      2     10      3     12  -2.40433802627158     
      5     10      3     12 -0.624329999999998     
      1     11      3     12   1.73153802627158     
      4     11      3     12  0.347520000000002     
      3     12      3     12  -4.82441000000000     
      6      7      4     12   2.40433802627158     
      2      8      4     12   1.84828977030118     
      5      8      4     12 -0.611262684469191     
      6     10      4     12  -2.80689000000000     
      2     11      4     12  -1.77658646780153     
      5     11      4     12 -0.319632656028757     
      1     12      4     12   1.73153802627158     
      4     12      4     12  -4.47689000000000     
      6      8      5     12  0.672800000000000     
      6     11      5     12  -3.08370000000000     
      2     12      5     12 -0.672800000000000     
      5     12      5     12  -4.75369999999999     
      6     12      6     12  -7.83740000000000     
      8     11      7     12  -1.31739784423689     
      7     12      7     12 -0.339600000000000     
     10     12      7     12 -0.672800000000000     
      8     12      8     12  -2.62140000000000     
     11     12      8     12  -1.34560000000000     
      7      8      9     12  -2.30219825818716     
      8     10      9     12 -0.672800000000000     
      7     11      9     12 -0.672800000000000     
     10     11      9     12  0.971850000000000     
      9     12      9     12  -2.64185000000000     
      8     11     10     12  -1.16532378333234     
      7     12     10     12 -0.672800000000000     
     10     12     10     12  -1.67000000000000     
      8     12     11     12  -1.34560000000000     
     11     12     11     12  -1.67000000000000     
