      1      2      1      2  -1.26940000000000     
      2      4      1      2  0.000000000000000E+000
      1      5      1      2  0.000000000000000E+000
      4      5      1      2   2.01200163518820     
      3      6      1      2  -2.01200163518820     
      1      3      1      3  -2.25430000000000     
      3      4      1      3 -0.772100000000000     
      2      3      2      3 -0.482875000000000     
      1      4      2      3  -1.02273270059923     
      3      5      2      3 -0.386050000000000     
      2      3      1      4  -1.02273270059923     
      1      4      1      4  -1.66382500000000     
      3      5      1      4 -0.668658214261965     
      1      2      2      4  0.000000000000000E+000
      2      4      2      4  -1.07335000000000     
      1      5      2      4  -1.18095000000000     
      4      5      2      4 -0.386050000000000     
      3      6      2      4 -0.386050000000000     
      1      3      3      4 -0.772100000000000     
      3      4      3      4  -1.70830000000000     
      1      2      1      5  0.000000000000000E+000
      2      4      1      5  -1.18095000000000     
      1      5      1      5  -1.07335000000000     
      4      5      1      5 -0.386050000000000     
      3      6      1      5 -0.386050000000000     
      2      5      2      5  -1.66382500000000     
      1      6      2      5  -1.02273270059923     
      4      6      2      5 -0.668658214261965     
      2      3      3      5 -0.386050000000000     
      1      4      3      5 -0.668658214261965     
      3      5      3      5  -1.70830000000000     
      1      2      4      5   2.01200163518820     
      2      4      4      5 -0.386050000000000     
      1      5      4      5 -0.386050000000000     
      4      5      4      5  -2.49485000000000     
      3      6      4      5  0.786550000000000     
      2      5      1      6  -1.02273270059923     
      1      6      1      6 -0.482875000000000     
      4      6      1      6 -0.386050000000000     
      2      6      2      6  -2.25430000000000     
      5      6      2      6 -0.772100000000000     
      1      2      3      6  -2.01200163518820     
      2      4      3      6 -0.386050000000000     
      1      5      3      6 -0.386050000000000     
      4      5      3      6  0.786550000000000     
      3      6      3      6  -2.49485000000000     
      2      5      4      6 -0.668658214261965     
      1      6      4      6 -0.386050000000000     
      4      6      4      6  -1.70830000000000     
      2      6      5      6 -0.772100000000000     
      5      6      5      6  -1.70830000000000     
      1      7      1      7  -7.35850000000000     
      4      7      1      7  0.518167849253502     
      3      8      1      7 -0.897493041755757     
      2      9      1      7 -0.897493041755757     
      5      9      1      7   3.07513352685701     
      1     10      1      7  0.518167849253502     
      4     10      1      7  -3.55085833904987     
      3     11      1      7   3.07513352685701     
      2      7      2      7  -4.31395000000000     
      5      7      2      7  0.518167849253502     
      1      8      2      7  -3.04455000000000     
      4      8      2      7 -0.518167849253502     
      6      9      2      7   1.65714293669330     
      2     10      2      7 -0.518167849253502     
      5     10      2      7  0.118286232831634     
      1     11      2      7  0.518167849253502     
      4     11      2      7  -1.89371540235657     
      3     12      2      7   3.66914457188151     
      3      7      3      7  -6.06050000000000     
      1      9      3      7  -3.80620000000000     
      4      9      3      7 -0.386050000000000     
      3     10      3      7  0.386050000000000     
      1      7      4      7  0.518167849253502     
      4      7      4      7  -6.10338750000000     
      3      8      4      7  7.428332900961199E-002
      2      9      4      7   1.09701602960885     
      5      9      4      7   1.39137544735539     
      1     10      4      7  -4.43956250000000     
      4     10      4      7  -1.99267197814894     
      3     11      4      7   2.06003366161735     
      2      7      5      7  0.518167849253502     
      5      7      5      7  -6.14627500000000     
      1      8      5      7  0.518167849253502     
      4      8      5      7  8.577500000000249E-002
      6      9      5      7   2.79598296722341     
      2     10      5      7   1.26672500000000     
      5     10      5      7  -1.18936098907447     
      1     11      5      7  -5.07292500000000     
      4     11      5      7 -0.803310989074469     
      3     12      5      7   3.18203296722341     
      6      7      6      7  -6.18916250000000     
      2      8      6      7  0.897493041755757     
      5      8      6      7  7.428332900961199E-002
      6     10      6      7   2.79598296722341     
      2     11      6      7   1.09701602960885     
      5     11      6      7  -3.45140910897274     
      1     12      6      7  -5.70628750000000     
      4     12      6      7   3.18203296722341     
      2      7      1      8  -3.04455000000000     
      5      7      1      8  0.518167849253502     
      1      8      1      8  -4.31395000000000     
      4      8      1      8 -0.518167849253502     
      6      9      1      8   3.66914457188151     
      2     10      1      8 -0.518167849253502     
      5     10      1      8  -1.89371540235657     
      1     11      1      8  0.518167849253502     
      4     11      1      8  0.118286232831634     
      3     12      1      8   1.65714293669330     
      6      7      2      8  0.897493041755757     
      2      8      2      8  -7.35850000000000     
      5      8      2      8 -0.518167849253502     
      6     10      2      8   3.07513352685701     
      2     11      2      8 -0.518167849253502     
      5     11      2      8  -3.55085833904987     
      1     12      2      8  0.897493041755757     
      4     12      2      8   3.07513352685701     
      1      7      3      8 -0.897493041755757     
      4      7      3      8  7.428332900961199E-002
      3      8      3      8  -6.18916250000000     
      2      9      3      8  -5.70628750000000     
      5      9      3      8  -3.18203296722341     
      1     10      3      8   1.09701602960885     
      4     10      3      8   3.45140910897274     
      3     11      3      8  -2.79598296722341     
      2      7      4      8 -0.518167849253502     
      5      7      4      8  8.577500000000249E-002
      1      8      4      8 -0.518167849253502     
      4      8      4      8  -6.14627500000000     
      6      9      4      8  -3.18203296722341     
      2     10      4      8  -5.07292500000000     
      5     10      4      8  0.803310989074469     
      1     11      4      8   1.26672500000000     
      4     11      4      8   1.18936098907447     
      3     12      4      8  -2.79598296722341     
      6      7      5      8  7.428332900961199E-002
      2      8      5      8 -0.518167849253502     
      5      8      5      8  -6.10338750000000     
      6     10      5      8  -2.06003366161735     
      2     11      5      8  -4.43956250000000     
      5     11      5      8   1.99267197814894     
      1     12      5      8   1.09701602960885     
      4     12      5      8  -1.39137544735539     
      6      8      6      8  -6.06050000000000     
      6     11      6      8 -0.386050000000000     
      2     12      6      8  -3.80620000000000     
      5     12      6      8  0.386050000000000     
      7      8      7      8  -1.26940000000000     
      8     10      7      8  0.000000000000000E+000
      7     11      7      8  0.000000000000000E+000
     10     11      7      8   2.01200163518820     
      9     12      7      8  -2.01200163518820     
      3      7      1      9  -3.80620000000000     
      1      9      1      9  -6.06050000000000     
      4      9      1      9  0.386050000000000     
      3     10      1      9 -0.386050000000000     
      1      7      2      9 -0.897493041755757     
      4      7      2      9   1.09701602960885     
      3      8      2      9  -5.70628750000000     
      2      9      2      9  -6.18916250000000     
      5      9      2      9  -2.79598296722341     
      1     10      2      9  7.428332900961199E-002
      4     10      2      9   3.45140910897274     
      3     11      2      9  -3.18203296722341     
      3      9      3      9  -9.86670000000000     
      3      7      4      9 -0.386050000000000     
      1      9      4      9  0.386050000000000     
      4      9      4      9  -5.78750000000000     
      3     10      4      9  -4.07919999999999     
      1      7      5      9   3.07513352685701     
      4      7      5      9   1.39137544735539     
      3      8      5      9  -3.18203296722341     
      2      9      5      9  -2.79598296722341     
      5      9      5      9  -4.68830000000000     
      1     10      5      9   2.06003366161735     
      4     10      5      9  -1.26924683178647     
      3     11      5      9  -2.98000000000000     
      2      7      6      9   1.65714293669330     
      5      7      6      9   2.79598296722341     
      1      8      6      9   3.66914457188151     
      4      8      6      9  -3.18203296722341     
      6      9      6      9  -4.53197500000000     
      2     10      6      9  -2.79598296722341     
      5     10      6      9 -0.156324999999997     
      1     11      6      9   3.18203296722341     
      4     11      6      9 -0.942874999999998     
      3     12      6      9  -2.03712500000000     
      7      9      7      9  -2.25430000000000     
      9     10      7      9 -0.772100000000000     
      8      9      8      9 -0.482875000000000     
      7     10      8      9  -1.02273270059923     
      9     11      8      9 -0.386050000000000     
      1      7      1     10  0.518167849253502     
      4      7      1     10  -4.43956250000000     
      3      8      1     10   1.09701602960885     
      2      9      1     10  7.428332900961199E-002
      5      9      1     10   2.06003366161735     
      1     10      1     10  -6.10338750000000     
      4     10      1     10  -1.99267197814894     
      3     11      1     10   1.39137544735539     
      2      7      2     10 -0.518167849253502     
      5      7      2     10   1.26672500000000     
      1      8      2     10 -0.518167849253502     
      4      8      2     10  -5.07292500000000     
      6      9      2     10  -2.79598296722341     
      2     10      2     10  -6.14627500000000     
      5     10      2     10   1.18936098907447     
      1     11      2     10  8.577500000000249E-002
      4     11      2     10  0.803310989074469     
      3     12      2     10  -3.18203296722341     
      3      7      3     10  0.386050000000000     
      1      9      3     10 -0.386050000000000     
      4      9      3     10  -4.07919999999999     
      3     10      3     10  -5.78749999999999     
      1      7      4     10  -3.55085833904987     
      4      7      4     10  -1.99267197814894     
      3      8      4     10   3.45140910897274     
      2      9      4     10   3.45140910897274     
      5      9      4     10  -1.26924683178647     
      1     10      4     10  -1.99267197814894     
      4     10      4     10  -8.40110000000000     
      3     11      4     10  -1.26924683178647     
      2      7      5     10  0.118286232831634     
      5      7      5     10  -1.18936098907447     
      1      8      5     10  -1.89371540235657     
      4      8      5     10  0.803310989074469     
      6      9      5     10 -0.156324999999997     
      2     10      5     10   1.18936098907447     
      5     10      5     10  -5.99757500000000     
      1     11      5     10 -0.803310989074469     
      4     11      5     10  -3.50272500000000     
      3     12      5     10 -0.942874999999998     
      6      7      6     10   2.79598296722341     
      2      8      6     10   3.07513352685701     
      5      8      6     10  -2.06003366161735     
      6     10      6     10  -4.68830000000000     
      2     11      6     10  -1.39137544735539     
      5     11      6     10  -1.26924683178647     
      1     12      6     10   3.18203296722341     
      4     12      6     10  -2.98000000000000     
      8      9      7     10  -1.02273270059923     
      7     10      7     10  -1.66382500000000     
      9     11      7     10 -0.668658214261965     
      7      8      8     10  0.000000000000000E+000
      8     10      8     10  -1.07335000000000     
      7     11      8     10  -1.18095000000000     
     10     11      8     10 -0.386050000000000     
      9     12      8     10 -0.386050000000000     
      7      9      9     10 -0.772100000000000     
      9     10      9     10  -1.70830000000000     
      2      7      1     11  0.518167849253502     
      5      7      1     11  -5.07292500000000     
      1      8      1     11  0.518167849253502     
      4      8      1     11   1.26672500000000     
      6      9      1     11   3.18203296722341     
      2     10      1     11  8.577500000000249E-002
      5     10      1     11 -0.803310989074469     
      1     11      1     11  -6.14627500000000     
      4     11      1     11  -1.18936098907447     
      3     12      1     11   2.79598296722341     
      6      7      2     11   1.09701602960885     
      2      8      2     11 -0.518167849253502     
      5      8      2     11  -4.43956250000000     
      6     10      2     11  -1.39137544735539     
      2     11      2     11  -6.10338750000000     
      5     11      2     11   1.99267197814894     
      1     12      2     11  7.428332900961199E-002
      4     12      2     11  -2.06003366161735     
      1      7      3     11   3.07513352685701     
      4      7      3     11   2.06003366161735     
      3      8      3     11  -2.79598296722341     
      2      9      3     11  -3.18203296722341     
      5      9      3     11  -2.98000000000000     
      1     10      3     11   1.39137544735539     
      4     10      3     11  -1.26924683178647     
      3     11      3     11  -4.68830000000000     
      2      7      4     11  -1.89371540235657     
      5      7      4     11 -0.803310989074469     
      1      8      4     11  0.118286232831634     
      4      8      4     11   1.18936098907447     
      6      9      4     11 -0.942874999999998     
      2     10      4     11  0.803310989074469     
      5     10      4     11  -3.50272500000000     
      1     11      4     11  -1.18936098907447     
      4     11      4     11  -5.99757500000000     
      3     12      4     11 -0.156324999999997     
      6      7      5     11  -3.45140910897274     
      2      8      5     11  -3.55085833904987     
      5      8      5     11   1.99267197814894     
      6     10      5     11  -1.26924683178647     
      2     11      5     11   1.99267197814894     
      5     11      5     11  -8.40110000000000     
      1     12      5     11  -3.45140910897274     
      4     12      5     11  -1.26924683178647     
      6      8      6     11 -0.386050000000000     
      6     11      6     11  -5.78750000000000     
      2     12      6     11  0.386050000000000     
      5     12      6     11  -4.07919999999999     
      7      8      7     11  0.000000000000000E+000
      8     10      7     11  -1.18095000000000     
      7     11      7     11  -1.07335000000000     
     10     11      7     11 -0.386050000000000     
      9     12      7     11 -0.386050000000000     
      8     11      8     11  -1.66382500000000     
      7     12      8     11  -1.02273270059923     
     10     12      8     11 -0.668658214261965     
      8      9      9     11 -0.386050000000000     
      7     10      9     11 -0.668658214261965     
      9     11      9     11  -1.70830000000000     
      7      8     10     11   2.01200163518820     
      8     10     10     11 -0.386050000000000     
      7     11     10     11 -0.386050000000000     
     10     11     10     11  -2.49485000000000     
      9     12     10     11  0.786550000000000     
      6      7      1     12  -5.70628750000000     
      2      8      1     12  0.897493041755757     
      5      8      1     12   1.09701602960885     
      6     10      1     12   3.18203296722341     
      2     11      1     12  7.428332900961199E-002
      5     11      1     12  -3.45140910897274     
      1     12      1     12  -6.18916250000000     
      4     12      1     12   2.79598296722341     
      6      8      2     12  -3.80620000000000     
      6     11      2     12  0.386050000000000     
      2     12      2     12  -6.06050000000000     
      5     12      2     12 -0.386050000000000     
      2      7      3     12   3.66914457188151     
      5      7      3     12   3.18203296722341     
      1      8      3     12   1.65714293669330     
      4      8      3     12  -2.79598296722341     
      6      9      3     12  -2.03712500000000     
      2     10      3     12  -3.18203296722341     
      5     10      3     12 -0.942874999999998     
      1     11      3     12   2.79598296722341     
      4     11      3     12 -0.156324999999997     
      3     12      3     12  -4.53197500000000     
      6      7      4     12   3.18203296722341     
      2      8      4     12   3.07513352685701     
      5      8      4     12  -1.39137544735539     
      6     10      4     12  -2.98000000000000     
      2     11      4     12  -2.06003366161735     
      5     11      4     12  -1.26924683178647     
      1     12      4     12   2.79598296722341     
      4     12      4     12  -4.68830000000000     
      6      8      5     12  0.386050000000000     
      6     11      5     12  -4.07919999999999     
      2     12      5     12 -0.386050000000000     
      5     12      5     12  -5.78749999999999     
      6     12      6     12  -9.86670000000000     
      8     11      7     12  -1.02273270059923     
      7     12      7     12 -0.482875000000000     
     10     12      7     12 -0.386050000000000     
      8     12      8     12  -2.25430000000000     
     11     12      8     12 -0.772100000000000     
      7      8      9     12  -2.01200163518820     
      8     10      9     12 -0.386050000000000     
      7     11      9     12 -0.386050000000000     
     10     11      9     12  0.786550000000000     
      9     12      9     12  -2.49485000000000     
      8     11     10     12 -0.668658214261965     
      7     12     10     12 -0.386050000000000     
     10     12     10     12  -1.70830000000000     
      8     12     11     12 -0.772100000000000     
     11     12     11     12  -1.70830000000000     
