      1      1      1      1           2           0   5.27331528618383     
      1      1      1      1           0           0  -11.6724500000000     
      1      1      1      2           2           0  -1.79498608351151     
      1      1      2      1           2           0  -1.79498608351151     
      1      1      2      2           4           0  -8.20445668200141     
      1      1      2      2           2           0   5.94538928861370     
      1      2      1      1           2           0   1.79498608351151     
      1      2      1      2           2           0 -0.234904511850026     
      1      2      1      2           0           0  -17.3236388419931     
      1      2      2      1           4           0   12.7596467491573     
      1      2      2      1           2           0  -5.49551575415982     
      1      2      2      2           4           0   10.0624717661699     
      1      2      2      2           2           0   4.39991549407873     
      2      1      1      1           2           0   1.79498608351151     
      2      1      1      2           4           0   12.7596467491573     
      2      1      1      2           2           0  -5.49551575415982     
      2      1      2      1           2           0 -0.234904511850026     
      2      1      2      1           0           0  -17.3236388419931     
      2      1      2      2           4           0   10.0624717661699     
      2      1      2      2           2           0   4.39991549407873     
      2      2      1      1           4           0  -8.20445668200141     
      2      2      1      1           2           0   5.94538928861370     
      2      2      1      2           4           0  -10.0624717661699     
      2      2      1      2           2           0  -4.39991549407873     
      2      2      2      1           4           0  -10.0624717661699     
      2      2      2      1           2           0  -4.39991549407873     
      2      2      2      2           6           0   5.38972613955246     
      2      2      2      2           4           0  -8.77181516723449     
      2      2      2      2           2           0   9.87463816030111     
      2      2      2      2           0           0  -24.8744750000000     
      1      1      1      1           2           0   5.27331528618383     
      1      1      1      1           0           0  -11.6724500000000     
      1      1      1      2           2           0  -1.79498608351151     
      1      1      2      1           2           0  -1.79498608351151     
      1      1      2      2           4           0  -8.20445668200141     
      1      1      2      2           2           0   5.94538928861370     
      1      2      1      1           2           0   1.79498608351151     
      1      2      1      2           2           0 -0.234904511850026     
      1      2      1      2           0           0  -17.3236388419931     
      1      2      2      1           4           0   12.7596467491573     
      1      2      2      1           2           0  -5.49551575415982     
      1      2      2      2           4           0   10.0624717661699     
      1      2      2      2           2           0   4.39991549407873     
      2      1      1      1           2           0   1.79498608351151     
      2      1      1      2           4           0   12.7596467491573     
      2      1      1      2           2           0  -5.49551575415982     
      2      1      2      1           2           0 -0.234904511850026     
      2      1      2      1           0           0  -17.3236388419931     
      2      1      2      2           4           0   10.0624717661699     
      2      1      2      2           2           0   4.39991549407873     
      2      2      1      1           4           0  -8.20445668200141     
      2      2      1      1           2           0   5.94538928861370     
      2      2      1      2           4           0  -10.0624717661699     
      2      2      1      2           2           0  -4.39991549407873     
      2      2      2      1           4           0  -10.0624717661699     
      2      2      2      1           2           0  -4.39991549407873     
      2      2      2      2           6           0   5.38972613955246     
      2      2      2      2           4           0  -8.77181516723449     
      2      2      2      2           2           0   9.87463816030111     
      2      2      2      2           0           0  -24.8744750000000     
          60           6
   1   1   3   3   0   0   0   0-11.6725   1   1
   1   1   3   3   2   0   0   0  5.2733   1   1
   1   1   3   4   2   0   0   0 -1.7950   1   1
   1   1   4   3   2   0   0   0  1.7950   1   1
   1   1   4   4   0   0   0   0-17.3236   1   1
   1   1   4   4   2   0   0   0 -0.2349   1   1
   1   2   3   3   2   0   0   0 -1.7950   1   1
   1   2   3   4   2   0   0   0  5.9454   1   1
   1   2   3   4   4   0   0   0 -8.2045   1   1
   1   2   4   3   2   0   0   0 -5.4955   1   1
   1   2   4   3   4   0   0   0 12.7596   1   1
   1   2   4   4   2   0   0   0  4.3999   1   1
   1   2   4   4   4   0   0   0 10.0625   1   1
   2   1   3   3   2   0   0   0  1.7950   1   1
   2   1   3   4   2   0   0   0 -5.4955   1   1
   2   1   3   4   4   0   0   0 12.7596   1   1
   2   1   4   3   2   0   0   0  5.9454   1   1
   2   1   4   3   4   0   0   0 -8.2045   1   1
   2   1   4   4   2   0   0   0 -4.3999   1   1
   2   1   4   4   4   0   0   0-10.0625   1   1
   2   2   3   3   0   0   0   0-17.3236   1   1
   2   2   3   3   2   0   0   0 -0.2349   1   1
   2   2   3   4   2   0   0   0  4.3999   1   1
   2   2   3   4   4   0   0   0 10.0625   1   1
   2   2   4   3   2   0   0   0 -4.3999   1   1
   2   2   4   3   4   0   0   0-10.0625   1   1
   2   2   4   4   0   0   0   0-24.8745   1   1
   2   2   4   4   2   0   0   0  9.8746   1   1
   2   2   4   4   4   0   0   0 -8.7718   1   1
   2   2   4   4   6   0   0   0  5.3897   1   1
   3   3   1   1   0   0   0   0-11.6725   1   1
   3   3   1   1   2   0   0   0  5.2733   1   1
   3   3   1   2   2   0   0   0 -1.7950   1   1
   3   3   2   1   2   0   0   0  1.7950   1   1
   3   3   2   2   0   0   0   0-17.3236   1   1
   3   3   2   2   2   0   0   0 -0.2349   1   1
   3   4   1   1   2   0   0   0 -1.7950   1   1
   3   4   1   2   2   0   0   0  5.9454   1   1
   3   4   1   2   4   0   0   0 -8.2045   1   1
   3   4   2   1   2   0   0   0 -5.4955   1   1
   3   4   2   1   4   0   0   0 12.7596   1   1
   3   4   2   2   2   0   0   0  4.3999   1   1
   3   4   2   2   4   0   0   0 10.0625   1   1
   4   3   1   1   2   0   0   0  1.7950   1   1
   4   3   1   2   2   0   0   0 -5.4955   1   1
   4   3   1   2   4   0   0   0 12.7596   1   1
   4   3   2   1   2   0   0   0  5.9454   1   1
   4   3   2   1   4   0   0   0 -8.2045   1   1
   4   3   2   2   2   0   0   0 -4.3999   1   1
   4   3   2   2   4   0   0   0-10.0625   1   1
   4   4   1   1   0   0   0   0-17.3236   1   1
   4   4   1   1   2   0   0   0 -0.2349   1   1
   4   4   1   2   2   0   0   0  4.3999   1   1
   4   4   1   2   4   0   0   0 10.0625   1   1
   4   4   2   1   2   0   0   0 -4.3999   1   1
   4   4   2   1   4   0   0   0-10.0625   1   1
   4   4   2   2   0   0   0   0-24.8745   1   1
   4   4   2   2   2   0   0   0  9.8746   1   1
   4   4   2   2   4   0   0   0 -8.7718   1   1
   4   4   2   2   6   0   0   0  5.3897   1   1
