 ! Total Interaction
  20
   1   1   1   1     1     0  -7.3585
   1   2   1   1     1     0  -1.4656
   2   2   1   1     1     0   5.6144
   1   1   1   2     1     0  -1.4656
   1   2   1   2     1     0 -12.5717
   2   2   1   2     1     0  -8.9115
   1   1   2   2     1     0   5.6144
   1   2   2   2     1     0  -8.9115
   2   2   2   2     1     0  -6.2027
   1   2   1   2     2     0  -9.8667
   2   2   2   2     3     0  -9.8667
   1   1   1   1     0     1  -1.2694
   2   2   1   1     0     1  -2.8454
   1   1   2   2     0     1  -2.8454
   2   2   2   2     0     1  -3.2814
   1   2   1   2     1     1   0.1076
   1   2   1   2     2     1  -2.2543
   2   2   1   2     2     1   0.7721
   1   2   2   2     2     1   0.7721
   2   2   2   2     2     1  -1.7083
