      1      2      1      2  -1.16030000000000     
      2      4      1      2  0.000000000000000E+000
      1      5      1      2  0.000000000000000E+000
      4      5      1      2   2.72964430741443     
      3      6      1      2  -2.72964430741443     
      1      3      1      3  -3.14050000000000     
      3      4      1      3  -1.56590000000000     
      2      3      2      3 -0.231925000000000     
      1      4      2      3  -1.67926655920822     
      3      5      2      3 -0.782950000000000     
      2      3      1      4  -1.67926655920822     
      1      4      1      4  -2.17097500000000     
      3      5      1      4  -1.35610917978605     
      1      2      2      4  0.000000000000000E+000
      2      4      2      4  -1.20145000000000     
      1      5      2      4  -1.93905000000000     
      4      5      2      4 -0.782950000000000     
      3      6      2      4 -0.782950000000000     
      1      3      3      4  -1.56590000000000     
      3      4      3      4  -2.03320000000000     
      1      2      1      5  0.000000000000000E+000
      2      4      1      5  -1.93905000000000     
      1      5      1      5  -1.20145000000000     
      4      5      1      5 -0.782950000000000     
      3      6      1      5 -0.782950000000000     
      2      5      2      5  -2.17097500000000     
      1      6      2      5  -1.67926655920822     
      4      6      2      5  -1.35610917978605     
      2      3      3      5 -0.782950000000000     
      1      4      3      5  -1.35610917978605     
      3      5      3      5  -2.03320000000000     
      1      2      4      5   2.72964430741443     
      2      4      4      5 -0.782950000000000     
      1      5      4      5 -0.782950000000000     
      4      5      4      5  -2.96155000000000     
      3      6      4      5  0.928350000000000     
      2      5      1      6  -1.67926655920822     
      1      6      1      6 -0.231925000000000     
      4      6      1      6 -0.782950000000000     
      2      6      2      6  -3.14050000000000     
      5      6      2      6  -1.56590000000000     
      1      2      3      6  -2.72964430741443     
      2      4      3      6 -0.782950000000000     
      1      5      3      6 -0.782950000000000     
      4      5      3      6  0.928350000000000     
      3      6      3      6  -2.96155000000000     
      2      5      4      6  -1.35610917978605     
      1      6      4      6 -0.782950000000000     
      4      6      4      6  -2.03320000000000     
      2      6      5      6  -1.56590000000000     
      5      6      5      6  -2.03320000000000     
      1      7      1      7  -8.43300000000000     
      4      7      1      7  7.774639059146092E-002
      3      8      1      7 -0.134660698609505     
      2      9      1      7 -0.134660698609505     
      5      9      1      7   1.92124641496087     
      1     10      1      7  7.774639059146092E-002
      4     10      1      7  -2.21846426971453     
      3     11      1      7   1.92124641496087     
      2      7      2      7  -4.79665000000000     
      5      7      2      7  7.774639059146093E-002
      1      8      2      7  -3.63635000000000     
      4      8      2      7 -7.774639059146093E-002
      6      9      2      7  0.299026048578679     
      2     10      2      7 -7.774639059146093E-002
      5     10      2      7  0.810206086278584     
      1     11      2      7  7.774639059146093E-002
      4     11      2      7  -1.91943822113585     
      3     12      2      7   3.02867035599311     
      3      7      3      7  -6.39635000000000     
      1      9      3      7  -3.25585000000000     
      4      9      3      7 -0.782950000000000     
      3     10      3      7  0.782950000000000     
      1      7      4      7  7.774639059146092E-002
      4      7      4      7  -6.38375000000000     
      3      8      4      7 -2.182384017536654E-002
      2      9      4      7   1.65744271903285     
      5      9      4      7  0.613159327899065     
      1     10      4      7  -4.21277500000000     
      4     10      4      7  -1.49096540603731     
      3     11      4      7   1.96926850768512     
      2      7      5      7  7.774639059146092E-002
      5      7      5      7  -6.37115000000000     
      1      8      5      7  7.774639059146092E-002
      4      8      5      7 -2.519999999999889E-002
      6      9      5      7   1.84497310905597     
      2     10      5      7   1.91385000000000     
      5     10      5      7  -1.13695770301866     
      1     11      5      7  -5.16970000000000     
      4     11      5      7 -0.354007703018655     
      3     12      5      7   2.62792310905597     
      6      7      6      7  -6.35855000000000     
      2      8      6      7  0.134660698609505     
      5      8      6      7 -2.182384017536609E-002
      6     10      6      7   1.84497310905597     
      2     11      6      7   1.65744271903285     
      5     11      6      7  -2.58242783558418     
      1     12      6      7  -6.12662500000000     
      4     12      6      7   2.62792310905597     
      2      7      1      8  -3.63635000000000     
      5      7      1      8  7.774639059146093E-002
      1      8      1      8  -4.79665000000000     
      4      8      1      8 -7.774639059146093E-002
      6      9      1      8   3.02867035599311     
      2     10      1      8 -7.774639059146093E-002
      5     10      1      8  -1.91943822113585     
      1     11      1      8  7.774639059146093E-002
      4     11      1      8  0.810206086278584     
      3     12      1      8  0.299026048578679     
      6      7      2      8  0.134660698609505     
      2      8      2      8  -8.43300000000000     
      5      8      2      8 -7.774639059146092E-002
      6     10      2      8   1.92124641496087     
      2     11      2      8 -7.774639059146092E-002
      5     11      2      8  -2.21846426971453     
      1     12      2      8  0.134660698609505     
      4     12      2      8   1.92124641496087     
      1      7      3      8 -0.134660698609505     
      4      7      3      8 -2.182384017536609E-002
      3      8      3      8  -6.35855000000000     
      2      9      3      8  -6.12662500000000     
      5      9      3      8  -2.62792310905597     
      1     10      3      8   1.65744271903285     
      4     10      3      8   2.58242783558418     
      3     11      3      8  -1.84497310905597     
      2      7      4      8 -7.774639059146092E-002
      5      7      4      8 -2.519999999999889E-002
      1      8      4      8 -7.774639059146092E-002
      4      8      4      8  -6.37115000000000     
      6      9      4      8  -2.62792310905597     
      2     10      4      8  -5.16970000000000     
      5     10      4      8  0.354007703018655     
      1     11      4      8   1.91385000000000     
      4     11      4      8   1.13695770301866     
      3     12      4      8  -1.84497310905597     
      6      7      5      8 -2.182384017536654E-002
      2      8      5      8 -7.774639059146092E-002
      5      8      5      8  -6.38375000000000     
      6     10      5      8  -1.96926850768512     
      2     11      5      8  -4.21277500000000     
      5     11      5      8   1.49096540603731     
      1     12      5      8   1.65744271903285     
      4     12      5      8 -0.613159327899065     
      6      8      6      8  -6.39635000000000     
      6     11      6      8 -0.782950000000000     
      2     12      6      8  -3.25585000000000     
      5     12      6      8  0.782950000000000     
      7      8      7      8  -1.16030000000000     
      8     10      7      8  0.000000000000000E+000
      7     11      7      8  0.000000000000000E+000
     10     11      7      8   2.72964430741443     
      9     12      7      8  -2.72964430741443     
      3      7      1      9  -3.25585000000000     
      1      9      1      9  -6.39635000000000     
      4      9      1      9  0.782950000000000     
      3     10      1      9 -0.782950000000000     
      1      7      2      9 -0.134660698609505     
      4      7      2      9   1.65744271903285     
      3      8      2      9  -6.12662500000000     
      2      9      2      9  -6.35855000000000     
      5      9      2      9  -1.84497310905597     
      1     10      2      9 -2.182384017536609E-002
      4     10      2      9   2.58242783558418     
      3     11      2      9  -2.62792310905597     
      3      9      3      9  -9.65220000000000     
      3      7      4      9 -0.782950000000000     
      1      9      4      9  0.782950000000000     
      4      9      4      9  -5.84270000000000     
      3     10      4      9  -3.80950000000000     
      1      7      5      9   1.92124641496087     
      4      7      5      9  0.613159327899065     
      3      8      5      9  -2.62792310905597     
      2      9      5      9  -1.84497310905597     
      5      9      5      9  -5.67779000000000     
      1     10      5      9   1.96926850768512     
      4     10      5      9 -0.190421665784119     
      3     11      5      9  -3.64459000000000     
      2      7      6      9  0.299026048578679     
      5      7      6      9   1.84497310905597     
      1      8      6      9   3.02867035599311     
      4      8      6      9  -2.62792310905597     
      6      9      6      9  -6.05951000000000     
      2     10      6      9  -1.84497310905597     
      5     10      6      9  0.381720000000002     
      1     11      6      9   2.62792310905597     
      4     11      6      9 -0.546629999999998     
      3     12      6      9  -3.09796000000000     
      7      9      7      9  -3.14050000000000     
      9     10      7      9  -1.56590000000000     
      8      9      8      9 -0.231925000000000     
      7     10      8      9  -1.67926655920822     
      9     11      8      9 -0.782950000000000     
      1      7      1     10  7.774639059146092E-002
      4      7      1     10  -4.21277500000000     
      3      8      1     10   1.65744271903285     
      2      9      1     10 -2.182384017536654E-002
      5      9      1     10   1.96926850768512     
      1     10      1     10  -6.38375000000000     
      4     10      1     10  -1.49096540603731     
      3     11      1     10  0.613159327899065     
      2      7      2     10 -7.774639059146092E-002
      5      7      2     10   1.91385000000000     
      1      8      2     10 -7.774639059146092E-002
      4      8      2     10  -5.16970000000000     
      6      9      2     10  -1.84497310905597     
      2     10      2     10  -6.37115000000000     
      5     10      2     10   1.13695770301866     
      1     11      2     10 -2.519999999999889E-002
      4     11      2     10  0.354007703018655     
      3     12      2     10  -2.62792310905597     
      3      7      3     10  0.782950000000000     
      1      9      3     10 -0.782950000000000     
      4      9      3     10  -3.80950000000000     
      3     10      3     10  -5.84270000000000     
      1      7      4     10  -2.21846426971453     
      4      7      4     10  -1.49096540603731     
      3      8      4     10   2.58242783558418     
      2      9      4     10   2.58242783558418     
      5      9      4     10 -0.190421665784119     
      1     10      4     10  -1.49096540603731     
      4     10      4     10  -9.43232000000000     
      3     11      4     10 -0.190421665784119     
      2      7      5     10  0.810206086278584     
      5      7      5     10  -1.13695770301866     
      1      8      5     10  -1.91943822113585     
      4      8      5     10  0.354007703018655     
      6      9      5     10  0.381720000000002     
      2     10      5     10   1.13695770301866     
      5     10      5     10  -6.27939000000000     
      1     11      5     10 -0.354007703018655     
      4     11      5     10  -3.31784000000000     
      3     12      5     10 -0.546629999999998     
      6      7      6     10   1.84497310905597     
      2      8      6     10   1.92124641496087     
      5      8      6     10  -1.96926850768512     
      6     10      6     10  -5.67779000000000     
      2     11      6     10 -0.613159327899065     
      5     11      6     10 -0.190421665784119     
      1     12      6     10   2.62792310905597     
      4     12      6     10  -3.64459000000000     
      8      9      7     10  -1.67926655920822     
      7     10      7     10  -2.17097500000000     
      9     11      7     10  -1.35610917978605     
      7      8      8     10  0.000000000000000E+000
      8     10      8     10  -1.20145000000000     
      7     11      8     10  -1.93905000000000     
     10     11      8     10 -0.782950000000000     
      9     12      8     10 -0.782950000000000     
      7      9      9     10  -1.56590000000000     
      9     10      9     10  -2.03320000000000     
      2      7      1     11  7.774639059146092E-002
      5      7      1     11  -5.16970000000000     
      1      8      1     11  7.774639059146092E-002
      4      8      1     11   1.91385000000000     
      6      9      1     11   2.62792310905597     
      2     10      1     11 -2.519999999999889E-002
      5     10      1     11 -0.354007703018655     
      1     11      1     11  -6.37115000000000     
      4     11      1     11  -1.13695770301866     
      3     12      1     11   1.84497310905597     
      6      7      2     11   1.65744271903285     
      2      8      2     11 -7.774639059146092E-002
      5      8      2     11  -4.21277500000000     
      6     10      2     11 -0.613159327899065     
      2     11      2     11  -6.38375000000000     
      5     11      2     11   1.49096540603731     
      1     12      2     11 -2.182384017536654E-002
      4     12      2     11  -1.96926850768512     
      1      7      3     11   1.92124641496087     
      4      7      3     11   1.96926850768512     
      3      8      3     11  -1.84497310905597     
      2      9      3     11  -2.62792310905597     
      5      9      3     11  -3.64459000000000     
      1     10      3     11  0.613159327899065     
      4     10      3     11 -0.190421665784119     
      3     11      3     11  -5.67779000000000     
      2      7      4     11  -1.91943822113585     
      5      7      4     11 -0.354007703018655     
      1      8      4     11  0.810206086278584     
      4      8      4     11   1.13695770301866     
      6      9      4     11 -0.546629999999998     
      2     10      4     11  0.354007703018655     
      5     10      4     11  -3.31784000000000     
      1     11      4     11  -1.13695770301866     
      4     11      4     11  -6.27939000000000     
      3     12      4     11  0.381720000000002     
      6      7      5     11  -2.58242783558418     
      2      8      5     11  -2.21846426971453     
      5      8      5     11   1.49096540603731     
      6     10      5     11 -0.190421665784119     
      2     11      5     11   1.49096540603731     
      5     11      5     11  -9.43232000000000     
      1     12      5     11  -2.58242783558418     
      4     12      5     11 -0.190421665784119     
      6      8      6     11 -0.782950000000000     
      6     11      6     11  -5.84270000000000     
      2     12      6     11  0.782950000000000     
      5     12      6     11  -3.80950000000000     
      7      8      7     11  0.000000000000000E+000
      8     10      7     11  -1.93905000000000     
      7     11      7     11  -1.20145000000000     
     10     11      7     11 -0.782950000000000     
      9     12      7     11 -0.782950000000000     
      8     11      8     11  -2.17097500000000     
      7     12      8     11  -1.67926655920822     
     10     12      8     11  -1.35610917978605     
      8      9      9     11 -0.782950000000000     
      7     10      9     11  -1.35610917978605     
      9     11      9     11  -2.03320000000000     
      7      8     10     11   2.72964430741443     
      8     10     10     11 -0.782950000000000     
      7     11     10     11 -0.782950000000000     
     10     11     10     11  -2.96155000000000     
      9     12     10     11  0.928350000000000     
      6      7      1     12  -6.12662500000000     
      2      8      1     12  0.134660698609505     
      5      8      1     12   1.65744271903285     
      6     10      1     12   2.62792310905597     
      2     11      1     12 -2.182384017536609E-002
      5     11      1     12  -2.58242783558418     
      1     12      1     12  -6.35855000000000     
      4     12      1     12   1.84497310905597     
      6      8      2     12  -3.25585000000000     
      6     11      2     12  0.782950000000000     
      2     12      2     12  -6.39635000000000     
      5     12      2     12 -0.782950000000000     
      2      7      3     12   3.02867035599311     
      5      7      3     12   2.62792310905597     
      1      8      3     12  0.299026048578679     
      4      8      3     12  -1.84497310905597     
      6      9      3     12  -3.09796000000000     
      2     10      3     12  -2.62792310905597     
      5     10      3     12 -0.546629999999998     
      1     11      3     12   1.84497310905597     
      4     11      3     12  0.381720000000002     
      3     12      3     12  -6.05951000000000     
      6      7      4     12   2.62792310905597     
      2      8      4     12   1.92124641496087     
      5      8      4     12 -0.613159327899065     
      6     10      4     12  -3.64459000000000     
      2     11      4     12  -1.96926850768512     
      5     11      4     12 -0.190421665784119     
      1     12      4     12   1.84497310905597     
      4     12      4     12  -5.67779000000000     
      6      8      5     12  0.782950000000000     
      6     11      5     12  -3.80950000000000     
      2     12      5     12 -0.782950000000000     
      5     12      5     12  -5.84270000000000     
      6     12      6     12  -9.65220000000000     
      8     11      7     12  -1.67926655920822     
      7     12      7     12 -0.231925000000000     
     10     12      7     12 -0.782950000000000     
      8     12      8     12  -3.14050000000000     
     11     12      8     12  -1.56590000000000     
      7      8      9     12  -2.72964430741443     
      8     10      9     12 -0.782950000000000     
      7     11      9     12 -0.782950000000000     
     10     11      9     12  0.928350000000000     
      9     12      9     12  -2.96155000000000     
      8     11     10     12  -1.35610917978605     
      7     12     10     12 -0.782950000000000     
     10     12     10     12  -2.03320000000000     
      8     12     11     12  -1.56590000000000     
     11     12     11     12  -2.03320000000000     
