 ! Total Interaction
  20
   1   1   1   1     1     0  -8.4330
   1   2   1   1     1     0  -0.2199
   2   2   1   1     1     0   3.5077
   1   1   1   2     1     0  -0.2199
   1   2   1   2     1     0 -13.4295
   2   2   1   2     1     0  -6.6678
   1   1   2   2     1     0   3.5077
   1   2   2   2     1     0  -6.6678
   2   2   2   2     1     0  -9.1025
   1   2   1   2     2     0  -9.6522
   2   2   2   2     3     0  -9.6522
   1   1   1   1     0     1  -1.1603
   2   2   1   1     0     1  -3.8603
   1   1   2   2     0     1  -3.8603
   2   2   2   2     0     1  -3.8899
   1   2   1   2     1     1   0.7376
   1   2   1   2     2     1  -3.1405
   2   2   1   2     2     1   1.5659
   1   2   2   2     2     1   1.5659
   2   2   2   2     2     1  -2.0332
