 ! Total Interaction
  20
   1   1   1   1     1     0  -7.6751
   1   2   1   1     1     0  -0.1964
   2   2   1   1     1     0   2.8942
   1   1   1   2     1     0  -0.1964
   1   2   1   2     1     0 -11.7602
   2   2   1   2     1     0  -5.4778
   1   1   2   2     1     0   2.8942
   1   2   2   2     1     0  -5.4778
   2   2   2   2     1     0  -8.1975
   1   2   1   2     2     0  -8.6885
   2   2   2   2     3     0  -8.6885
   1   1   1   1     0     1  -1.1358
   2   2   1   1     0     1  -3.9258
   1   1   2   2     0     1  -3.9258
   2   2   2   2     0     1  -3.9118
   1   2   1   2     1     1   0.7774
   1   2   1   2     2     1  -3.1949
   2   2   1   2     2     1   1.5886
   1   2   2   2     2     1   1.5886
   2   2   2   2     2     1  -2.0716
