      1      2      1      2  -1.13580000000000     
      2      4      1      2  0.000000000000000E+000
      1      5      1      2  0.000000000000000E+000
      4      5      1      2   2.77595980158215     
      3      6      1      2  -2.77595980158215     
      1      3      1      3  -3.19490000000000     
      3      4      1      3  -1.58860000000000     
      2      3      2      3 -0.215675000000000     
      1      4      2      3  -1.72005635572646     
      3      5      2      3 -0.794300000000000     
      2      3      1      4  -1.72005635572646     
      1      4      1      4  -2.20182500000000     
      3      5      1      4  -1.37576795645196     
      1      2      2      4  0.000000000000000E+000
      2      4      2      4  -1.20875000000000     
      1      5      2      4  -1.98615000000000     
      4      5      2      4 -0.794300000000000     
      3      6      2      4 -0.794300000000000     
      1      3      3      4  -1.58860000000000     
      3      4      3      4  -2.07160000000000     
      1      2      1      5  0.000000000000000E+000
      2      4      1      5  -1.98615000000000     
      1      5      1      5  -1.20875000000000     
      4      5      1      5 -0.794300000000000     
      3      6      1      5 -0.794300000000000     
      2      5      2      5  -2.20182500000000     
      1      6      2      5  -1.72005635572646     
      4      6      2      5  -1.37576795645196     
      2      3      3      5 -0.794300000000000     
      1      4      3      5  -1.37576795645196     
      3      5      3      5  -2.07160000000000     
      1      2      4      5   2.77595980158215     
      2      4      4      5 -0.794300000000000     
      1      5      4      5 -0.794300000000000     
      4      5      4      5  -2.99170000000000     
      3      6      4      5  0.920100000000000     
      2      5      1      6  -1.72005635572646     
      1      6      1      6 -0.215675000000000     
      4      6      1      6 -0.794300000000000     
      2      6      2      6  -3.19490000000000     
      5      6      2      6  -1.58860000000000     
      1      2      3      6  -2.77595980158215     
      2      4      3      6 -0.794300000000000     
      1      5      3      6 -0.794300000000000     
      4      5      3      6  0.920100000000000     
      3      6      3      6  -2.99170000000000     
      2      5      4      6  -1.37576795645196     
      1      6      4      6 -0.794300000000000     
      4      6      4      6  -2.07160000000000     
      2      6      5      6  -1.58860000000000     
      5      6      5      6  -2.07160000000000     
      1      7      1      7  -7.67510000000000     
      4      7      1      7  6.943788591251898E-002
      3      8      1      7 -0.120269946370654     
      2      9      1      7 -0.120269946370654     
      5      9      1      7   1.58521862593145     
      1     10      1      7  6.943788591251898E-002
      4     10      1      7  -1.83045280081187     
      3     11      1      7   1.58521862593145     
      2      7      2      7  -4.40545000000000     
      5      7      2      7  6.943788591251898E-002
      1      8      2      7  -3.26965000000000     
      4      8      2      7 -6.943788591251898E-002
      6      9      2      7 -1.514030018217527E-002
      2     10      2      7 -6.943788591251898E-002
      5     10      2      7  0.930366700588108     
      1     11      2      7  6.943788591251898E-002
      4     11      2      7  -1.84559310099404     
      3     12      2      7   2.76081950139997     
      3      7      3      7  -5.94170000000000     
      1      9      3      7  -2.74680000000000     
      4      9      3      7 -0.794300000000000     
      3     10      3      7  0.794300000000000     
      1      7      4      7  6.943788591251898E-002
      4      7      4      7  -5.82912500000000     
      3      8      4      7 -0.194985619662066     
      2      9      4      7   1.52507073606440     
      5      9      4      7  0.372887430466770     
      1     10      4      7  -3.62730000000000     
      4     10      4      7  -1.22487331671484     
      3     11      4      7   1.74865538691873     
      2      7      5      7  6.943788591251898E-002
      5      7      5      7  -5.71655000000000     
      1      8      5      7  6.943788591251898E-002
      4      8      5      7 -0.225149999999999     
      6      9      5      7   1.44015997507225     
      2     10      5      7   1.76100000000000     
      5     10      5      7  -1.00958665835742     
      1     11      5      7  -4.50780000000000     
      4     11      5      7 -0.215286658357418     
      3     12      5      7   2.23445997507225     
      6      7      6      7  -5.60397500000000     
      2      8      6      7  0.120269946370654     
      5      8      6      7 -0.194985619662066     
      6     10      6      7   1.44015997507225     
      2     11      6      7   1.52507073606440     
      5     11      6      7  -2.12154281738550     
      1     12      6      7  -5.38830000000000     
      4     12      6      7   2.23445997507225     
      2      7      1      8  -3.26965000000000     
      5      7      1      8  6.943788591251898E-002
      1      8      1      8  -4.40545000000000     
      4      8      1      8 -6.943788591251898E-002
      6      9      1      8   2.76081950139997     
      2     10      1      8 -6.943788591251898E-002
      5     10      1      8  -1.84559310099404     
      1     11      1      8  6.943788591251898E-002
      4     11      1      8  0.930366700588108     
      3     12      1      8 -1.514030018217527E-002
      6      7      2      8  0.120269946370654     
      2      8      2      8  -7.67510000000000     
      5      8      2      8 -6.943788591251898E-002
      6     10      2      8   1.58521862593145     
      2     11      2      8 -6.943788591251898E-002
      5     11      2      8  -1.83045280081187     
      1     12      2      8  0.120269946370654     
      4     12      2      8   1.58521862593145     
      1      7      3      8 -0.120269946370654     
      4      7      3      8 -0.194985619662066     
      3      8      3      8  -5.60397500000000     
      2      9      3      8  -5.38830000000000     
      5      9      3      8  -2.23445997507225     
      1     10      3      8   1.52507073606440     
      4     10      3      8   2.12154281738550     
      3     11      3      8  -1.44015997507225     
      2      7      4      8 -6.943788591251898E-002
      5      7      4      8 -0.225149999999999     
      1      8      4      8 -6.943788591251898E-002
      4      8      4      8  -5.71655000000000     
      6      9      4      8  -2.23445997507225     
      2     10      4      8  -4.50780000000000     
      5     10      4      8  0.215286658357418     
      1     11      4      8   1.76100000000000     
      4     11      4      8   1.00958665835742     
      3     12      4      8  -1.44015997507225     
      6      7      5      8 -0.194985619662066     
      2      8      5      8 -6.943788591251898E-002
      5      8      5      8  -5.82912500000000     
      6     10      5      8  -1.74865538691873     
      2     11      5      8  -3.62730000000000     
      5     11      5      8   1.22487331671484     
      1     12      5      8   1.52507073606440     
      4     12      5      8 -0.372887430466770     
      6      8      6      8  -5.94170000000000     
      6     11      6      8 -0.794300000000000     
      2     12      6      8  -2.74680000000000     
      5     12      6      8  0.794300000000000     
      7      8      7      8  -1.13580000000000     
      8     10      7      8  0.000000000000000E+000
      7     11      7      8  0.000000000000000E+000
     10     11      7      8   2.77595980158215     
      9     12      7      8  -2.77595980158215     
      3      7      1      9  -2.74680000000000     
      1      9      1      9  -5.94170000000000     
      4      9      1      9  0.794300000000000     
      3     10      1      9 -0.794300000000000     
      1      7      2      9 -0.120269946370654     
      4      7      2      9   1.52507073606440     
      3      8      2      9  -5.38830000000000     
      2      9      2      9  -5.60397500000000     
      5      9      2      9  -1.44015997507225     
      1     10      2      9 -0.194985619662066     
      4     10      2      9   2.12154281738550     
      3     11      2      9  -2.23445997507225     
      3      9      3      9  -8.68850000000000     
      3      7      4      9 -0.794300000000000     
      1      9      4      9  0.794300000000000     
      4      9      4      9  -5.38005000000000     
      3     10      4      9  -3.30845000000000     
      1      7      5      9   1.58521862593145     
      4      7      5      9  0.372887430466770     
      3      8      5      9  -2.23445997507225     
      2      9      5      9  -1.44015997507225     
      5      9      5      9  -5.23275000000000     
      1     10      5      9   1.74865538691873     
      4     10      5      9 -0.170087389303260     
      3     11      5      9  -3.16115000000000     
      2      7      6      9 -1.514030018217549E-002
      5      7      6      9   1.44015997507225     
      1      8      6      9   2.76081950139997     
      4      8      6      9  -2.23445997507225     
      6      9      6      9  -5.61915000000000     
      2     10      6      9  -1.44015997507225     
      5     10      6      9  0.386400000000002     
      1     11      6      9   2.23445997507225     
      4     11      6      9 -0.533699999999998     
      3     12      6      9  -2.62745000000000     
      7      9      7      9  -3.19490000000000     
      9     10      7      9  -1.58860000000000     
      8      9      8      9 -0.215675000000000     
      7     10      8      9  -1.72005635572646     
      9     11      8      9 -0.794300000000000     
      1      7      1     10  6.943788591251898E-002
      4      7      1     10  -3.62730000000000     
      3      8      1     10   1.52507073606440     
      2      9      1     10 -0.194985619662066     
      5      9      1     10   1.74865538691873     
      1     10      1     10  -5.82912500000000     
      4     10      1     10  -1.22487331671484     
      3     11      1     10  0.372887430466770     
      2      7      2     10 -6.943788591251898E-002
      5      7      2     10   1.76100000000000     
      1      8      2     10 -6.943788591251898E-002
      4      8      2     10  -4.50780000000000     
      6      9      2     10  -1.44015997507225     
      2     10      2     10  -5.71655000000000     
      5     10      2     10   1.00958665835742     
      1     11      2     10 -0.225149999999999     
      4     11      2     10  0.215286658357418     
      3     12      2     10  -2.23445997507225     
      3      7      3     10  0.794300000000000     
      1      9      3     10 -0.794300000000000     
      4      9      3     10  -3.30845000000000     
      3     10      3     10  -5.38005000000000     
      1      7      4     10  -1.83045280081187     
      4      7      4     10  -1.22487331671484     
      3      8      4     10   2.12154281738550     
      2      9      4     10   2.12154281738550     
      5      9      4     10 -0.170087389303259     
      1     10      4     10  -1.22487331671484     
      4     10      4     10  -8.49210000000000     
      3     11      4     10 -0.170087389303259     
      2      7      5     10  0.930366700588108     
      5      7      5     10  -1.00958665835742     
      1      8      5     10  -1.84559310099404     
      4      8      5     10  0.215286658357418     
      6      9      5     10  0.386400000000003     
      2     10      5     10   1.00958665835742     
      5     10      5     10  -5.81555000000000     
      1     11      5     10 -0.215286658357418     
      4     11      5     10  -2.82385000000000     
      3     12      5     10 -0.533699999999998     
      6      7      6     10   1.44015997507225     
      2      8      6     10   1.58521862593145     
      5      8      6     10  -1.74865538691873     
      6     10      6     10  -5.23275000000000     
      2     11      6     10 -0.372887430466770     
      5     11      6     10 -0.170087389303260     
      1     12      6     10   2.23445997507225     
      4     12      6     10  -3.16115000000000     
      8      9      7     10  -1.72005635572646     
      7     10      7     10  -2.20182500000000     
      9     11      7     10  -1.37576795645196     
      7      8      8     10  0.000000000000000E+000
      8     10      8     10  -1.20875000000000     
      7     11      8     10  -1.98615000000000     
     10     11      8     10 -0.794300000000000     
      9     12      8     10 -0.794300000000000     
      7      9      9     10  -1.58860000000000     
      9     10      9     10  -2.07160000000000     
      2      7      1     11  6.943788591251898E-002
      5      7      1     11  -4.50780000000000     
      1      8      1     11  6.943788591251898E-002
      4      8      1     11   1.76100000000000     
      6      9      1     11   2.23445997507225     
      2     10      1     11 -0.225149999999999     
      5     10      1     11 -0.215286658357418     
      1     11      1     11  -5.71655000000000     
      4     11      1     11  -1.00958665835742     
      3     12      1     11   1.44015997507225     
      6      7      2     11   1.52507073606440     
      2      8      2     11 -6.943788591251898E-002
      5      8      2     11  -3.62730000000000     
      6     10      2     11 -0.372887430466770     
      2     11      2     11  -5.82912500000000     
      5     11      2     11   1.22487331671484     
      1     12      2     11 -0.194985619662066     
      4     12      2     11  -1.74865538691873     
      1      7      3     11   1.58521862593145     
      4      7      3     11   1.74865538691873     
      3      8      3     11  -1.44015997507225     
      2      9      3     11  -2.23445997507225     
      5      9      3     11  -3.16115000000000     
      1     10      3     11  0.372887430466770     
      4     10      3     11 -0.170087389303260     
      3     11      3     11  -5.23275000000000     
      2      7      4     11  -1.84559310099404     
      5      7      4     11 -0.215286658357418     
      1      8      4     11  0.930366700588108     
      4      8      4     11   1.00958665835742     
      6      9      4     11 -0.533699999999998     
      2     10      4     11  0.215286658357418     
      5     10      4     11  -2.82385000000000     
      1     11      4     11  -1.00958665835742     
      4     11      4     11  -5.81555000000000     
      3     12      4     11  0.386400000000003     
      6      7      5     11  -2.12154281738550     
      2      8      5     11  -1.83045280081187     
      5      8      5     11   1.22487331671484     
      6     10      5     11 -0.170087389303259     
      2     11      5     11   1.22487331671484     
      5     11      5     11  -8.49210000000000     
      1     12      5     11  -2.12154281738550     
      4     12      5     11 -0.170087389303259     
      6      8      6     11 -0.794300000000000     
      6     11      6     11  -5.38005000000000     
      2     12      6     11  0.794300000000000     
      5     12      6     11  -3.30845000000000     
      7      8      7     11  0.000000000000000E+000
      8     10      7     11  -1.98615000000000     
      7     11      7     11  -1.20875000000000     
     10     11      7     11 -0.794300000000000     
      9     12      7     11 -0.794300000000000     
      8     11      8     11  -2.20182500000000     
      7     12      8     11  -1.72005635572646     
     10     12      8     11  -1.37576795645196     
      8      9      9     11 -0.794300000000000     
      7     10      9     11  -1.37576795645196     
      9     11      9     11  -2.07160000000000     
      7      8     10     11   2.77595980158215     
      8     10     10     11 -0.794300000000000     
      7     11     10     11 -0.794300000000000     
     10     11     10     11  -2.99170000000000     
      9     12     10     11  0.920100000000000     
      6      7      1     12  -5.38830000000000     
      2      8      1     12  0.120269946370654     
      5      8      1     12   1.52507073606440     
      6     10      1     12   2.23445997507225     
      2     11      1     12 -0.194985619662066     
      5     11      1     12  -2.12154281738550     
      1     12      1     12  -5.60397500000000     
      4     12      1     12   1.44015997507225     
      6      8      2     12  -2.74680000000000     
      6     11      2     12  0.794300000000000     
      2     12      2     12  -5.94170000000000     
      5     12      2     12 -0.794300000000000     
      2      7      3     12   2.76081950139997     
      5      7      3     12   2.23445997507225     
      1      8      3     12 -1.514030018217549E-002
      4      8      3     12  -1.44015997507225     
      6      9      3     12  -2.62745000000000     
      2     10      3     12  -2.23445997507225     
      5     10      3     12 -0.533699999999998     
      1     11      3     12   1.44015997507225     
      4     11      3     12  0.386400000000002     
      3     12      3     12  -5.61915000000000     
      6      7      4     12   2.23445997507225     
      2      8      4     12   1.58521862593145     
      5      8      4     12 -0.372887430466770     
      6     10      4     12  -3.16115000000000     
      2     11      4     12  -1.74865538691873     
      5     11      4     12 -0.170087389303260     
      1     12      4     12   1.44015997507225     
      4     12      4     12  -5.23275000000000     
      6      8      5     12  0.794300000000000     
      6     11      5     12  -3.30845000000000     
      2     12      5     12 -0.794300000000000     
      5     12      5     12  -5.38005000000000     
      6     12      6     12  -8.68850000000000     
      8     11      7     12  -1.72005635572646     
      7     12      7     12 -0.215675000000000     
     10     12      7     12 -0.794300000000000     
      8     12      8     12  -3.19490000000000     
     11     12      8     12  -1.58860000000000     
      7      8      9     12  -2.77595980158215     
      8     10      9     12 -0.794300000000000     
      7     11      9     12 -0.794300000000000     
     10     11      9     12  0.920100000000000     
      9     12      9     12  -2.99170000000000     
      8     11     10     12  -1.37576795645196     
      7     12     10     12 -0.794300000000000     
     10     12     10     12  -2.07160000000000     
      8     12     11     12  -1.58860000000000     
     11     12     11     12  -2.07160000000000     
