 ! Total Interaction
  20
   1   1   1   1     1     0  -7.0610
   1   2   1   1     1     0  -1.5814
   2   2   1   1     1     0   5.3010
   1   1   1   2     1     0  -1.5814
   1   2   1   2     1     0 -11.4892
   2   2   1   2     1     0  -8.1017
   1   1   2   2     1     0   5.3010
   1   2   2   2     1     0  -8.1017
   2   2   2   2     1     0  -5.5746
   1   2   1   2     2     0  -9.5281
   2   2   2   2     3     0  -9.5281
   1   1   1   1     0     1  -1.2550
   2   2   1   1     0     1  -3.1220
   1   1   2   2     0     1  -3.1220
   2   2   2   2     0     1  -3.4626
   1   2   1   2     1     1   0.1932
   1   2   1   2     2     1  -2.4816
   2   2   1   2     2     1   0.8175
   1   2   2   2     2     1   0.8175
   2   2   2   2     2     1  -1.9036
