      1      1      1      1           2           0   5.02814349437245     
      1      1      1      1           0           0  -11.2190000000000     
      1      1      1      2           2           0  -1.93681153961866     
      1      1      2      1           2           0  -1.93681153961866     
      1      1      2      2           4           0  -8.09071728436625     
      1      1      2      2           2           0   5.34686644909494     
      1      2      1      1           2           0   1.93681153961866     
      1      2      1      2           2           0  0.488636986614299     
      1      2      1      2           0           0  -16.6057840377325     
      1      2      2      1           4           0   11.7655468280604     
      1      2      2      1           2           0  -5.09874621541598     
      1      2      2      2           4           0   9.23944101050549     
      1      2      2      2           2           0   3.84184978537543     
      2      1      1      1           2           0   1.93681153961866     
      2      1      1      2           4           0   11.7655468280604     
      2      1      1      2           2           0  -5.09874621541598     
      2      1      2      1           2           0  0.488636986614299     
      2      1      2      1           0           0  -16.6057840377325     
      2      1      2      2           4           0   9.23944101050549     
      2      1      2      2           2           0   3.84184978537543     
      2      2      1      1           4           0  -8.09071728436625     
      2      2      1      1           2           0   5.34686644909494     
      2      2      1      2           4           0  -9.23944101050549     
      2      2      1      2           2           0  -3.84184978537543     
      2      2      2      1           4           0  -9.23944101050549     
      2      2      2      1           2           0  -3.84184978537543     
      2      2      2      2           6           0   4.34809384838633     
      2      2      2      2           4           0  -8.06991342909730     
      2      2      2      2           2           0   9.69415846615244     
      2      2      2      2           0           0  -24.1002750000000     
      1      1      1      1           2           0   5.02814349437245     
      1      1      1      1           0           0  -11.2190000000000     
      1      1      1      2           2           0  -1.93681153961866     
      1      1      2      1           2           0  -1.93681153961866     
      1      1      2      2           4           0  -8.09071728436625     
      1      1      2      2           2           0   5.34686644909494     
      1      2      1      1           2           0   1.93681153961866     
      1      2      1      2           2           0  0.488636986614299     
      1      2      1      2           0           0  -16.6057840377325     
      1      2      2      1           4           0   11.7655468280604     
      1      2      2      1           2           0  -5.09874621541598     
      1      2      2      2           4           0   9.23944101050549     
      1      2      2      2           2           0   3.84184978537543     
      2      1      1      1           2           0   1.93681153961866     
      2      1      1      2           4           0   11.7655468280604     
      2      1      1      2           2           0  -5.09874621541598     
      2      1      2      1           2           0  0.488636986614299     
      2      1      2      1           0           0  -16.6057840377325     
      2      1      2      2           4           0   9.23944101050549     
      2      1      2      2           2           0   3.84184978537543     
      2      2      1      1           4           0  -8.09071728436625     
      2      2      1      1           2           0   5.34686644909494     
      2      2      1      2           4           0  -9.23944101050549     
      2      2      1      2           2           0  -3.84184978537543     
      2      2      2      1           4           0  -9.23944101050549     
      2      2      2      1           2           0  -3.84184978537543     
      2      2      2      2           6           0   4.34809384838633     
      2      2      2      2           4           0  -8.06991342909730     
      2      2      2      2           2           0   9.69415846615244     
      2      2      2      2           0           0  -24.1002750000000     
          60           6
   1   1   3   3   0   0   0   0-11.2190   1   1
   1   1   3   3   2   0   0   0  5.0281   1   1
   1   1   3   4   2   0   0   0 -1.9368   1   1
   1   1   4   3   2   0   0   0  1.9368   1   1
   1   1   4   4   0   0   0   0-16.6058   1   1
   1   1   4   4   2   0   0   0  0.4886   1   1
   1   2   3   3   2   0   0   0 -1.9368   1   1
   1   2   3   4   2   0   0   0  5.3469   1   1
   1   2   3   4   4   0   0   0 -8.0907   1   1
   1   2   4   3   2   0   0   0 -5.0987   1   1
   1   2   4   3   4   0   0   0 11.7655   1   1
   1   2   4   4   2   0   0   0  3.8418   1   1
   1   2   4   4   4   0   0   0  9.2394   1   1
   2   1   3   3   2   0   0   0  1.9368   1   1
   2   1   3   4   2   0   0   0 -5.0987   1   1
   2   1   3   4   4   0   0   0 11.7655   1   1
   2   1   4   3   2   0   0   0  5.3469   1   1
   2   1   4   3   4   0   0   0 -8.0907   1   1
   2   1   4   4   2   0   0   0 -3.8418   1   1
   2   1   4   4   4   0   0   0 -9.2394   1   1
   2   2   3   3   0   0   0   0-16.6058   1   1
   2   2   3   3   2   0   0   0  0.4886   1   1
   2   2   3   4   2   0   0   0  3.8418   1   1
   2   2   3   4   4   0   0   0  9.2394   1   1
   2   2   4   3   2   0   0   0 -3.8418   1   1
   2   2   4   3   4   0   0   0 -9.2394   1   1
   2   2   4   4   0   0   0   0-24.1003   1   1
   2   2   4   4   2   0   0   0  9.6942   1   1
   2   2   4   4   4   0   0   0 -8.0699   1   1
   2   2   4   4   6   0   0   0  4.3481   1   1
   3   3   1   1   0   0   0   0-11.2190   1   1
   3   3   1   1   2   0   0   0  5.0281   1   1
   3   3   1   2   2   0   0   0 -1.9368   1   1
   3   3   2   1   2   0   0   0  1.9368   1   1
   3   3   2   2   0   0   0   0-16.6058   1   1
   3   3   2   2   2   0   0   0  0.4886   1   1
   3   4   1   1   2   0   0   0 -1.9368   1   1
   3   4   1   2   2   0   0   0  5.3469   1   1
   3   4   1   2   4   0   0   0 -8.0907   1   1
   3   4   2   1   2   0   0   0 -5.0987   1   1
   3   4   2   1   4   0   0   0 11.7655   1   1
   3   4   2   2   2   0   0   0  3.8418   1   1
   3   4   2   2   4   0   0   0  9.2394   1   1
   4   3   1   1   2   0   0   0  1.9368   1   1
   4   3   1   2   2   0   0   0 -5.0987   1   1
   4   3   1   2   4   0   0   0 11.7655   1   1
   4   3   2   1   2   0   0   0  5.3469   1   1
   4   3   2   1   4   0   0   0 -8.0907   1   1
   4   3   2   2   2   0   0   0 -3.8418   1   1
   4   3   2   2   4   0   0   0 -9.2394   1   1
   4   4   1   1   0   0   0   0-16.6058   1   1
   4   4   1   1   2   0   0   0  0.4886   1   1
   4   4   1   2   2   0   0   0  3.8418   1   1
   4   4   1   2   4   0   0   0  9.2394   1   1
   4   4   2   1   2   0   0   0 -3.8418   1   1
   4   4   2   1   4   0   0   0 -9.2394   1   1
   4   4   2   2   0   0   0   0-24.1003   1   1
   4   4   2   2   2   0   0   0  9.6942   1   1
   4   4   2   2   4   0   0   0 -8.0699   1   1
   4   4   2   2   6   0   0   0  4.3481   1   1
