      1      2      1      2  -1.25500000000000     
      2      4      1      2  0.000000000000000E+000
      1      5      1      2  0.000000000000000E+000
      4      5      1      2   2.20758737086440     
      3      6      1      2  -2.20758737086440     
      1      3      1      3  -2.48160000000000     
      3      4      1      3 -0.817500000000000     
      2      3      2      3 -0.475500000000000     
      1      4      2      3  -1.15822237502131     
      3      5      2      3 -0.408750000000000     
      2      3      1      4  -1.15822237502131     
      1      4      1      4  -1.81290000000000     
      3      5      1      4 -0.707975767593779     
      1      2      2      4  0.000000000000000E+000
      2      4      2      4  -1.14420000000000     
      1      5      2      4  -1.33740000000000     
      4      5      2      4 -0.408750000000000     
      3      6      2      4 -0.408750000000000     
      1      3      3      4 -0.817500000000000     
      3      4      3      4  -1.90360000000000     
      1      2      1      5  0.000000000000000E+000
      2      4      1      5  -1.33740000000000     
      1      5      1      5  -1.14420000000000     
      4      5      1      5 -0.408750000000000     
      3      6      1      5 -0.408750000000000     
      2      5      2      5  -1.81290000000000     
      1      6      2      5  -1.15822237502131     
      4      6      2      5 -0.707975767593779     
      2      3      3      5 -0.408750000000000     
      1      4      3      5 -0.707975767593779     
      3      5      3      5  -1.90360000000000     
      1      2      4      5   2.20758737086440     
      2      4      4      5 -0.408750000000000     
      1      5      4      5 -0.408750000000000     
      4      5      4      5  -2.68310000000000     
      3      6      4      5  0.779500000000000     
      2      5      1      6  -1.15822237502131     
      1      6      1      6 -0.475500000000000     
      4      6      1      6 -0.408750000000000     
      2      6      2      6  -2.48160000000000     
      5      6      2      6 -0.817500000000000     
      1      2      3      6  -2.20758737086440     
      2      4      3      6 -0.408750000000000     
      1      5      3      6 -0.408750000000000     
      4      5      3      6  0.779500000000000     
      3      6      3      6  -2.68310000000000     
      2      5      4      6 -0.707975767593779     
      1      6      4      6 -0.408750000000000     
      4      6      4      6  -1.90360000000000     
      2      6      5      6 -0.817500000000000     
      5      6      5      6  -1.90360000000000     
      1      7      1      7  -7.06100000000000     
      4      7      1      7  0.559109331884203     
      3      8      1      7 -0.968405769809330     
      2      9      1      7 -0.968405769809330     
      5      9      1      7   2.90347727733489     
      1     10      1      7  0.559109331884203     
      4     10      1      7  -3.35264677531052     
      3     11      1      7   2.90347727733489     
      2      7      2      7  -4.15800000000000     
      5      7      2      7  0.559109331884203     
      1      8      2      7  -2.90300000000000     
      4      8      2      7 -0.559109331884203     
      6      9      2      7   1.41069139605069     
      2     10      2      7 -0.559109331884203     
      5     10      2      7  0.265631991604572     
      1     11      2      7  0.559109331884203     
      4     11      2      7  -1.94195537925983     
      3     12      2      7   3.61827876691509     
      3      7      3      7  -6.00485000000000     
      1      9      3      7  -3.52325000000000     
      4      9      3      7 -0.408750000000000     
      3     10      3      7  0.408750000000000     
      1      7      4      7  0.559109331884203     
      4      7      4      7  -5.91563750000000     
      3      8      4      7 -0.154520582670237     
      2      9      4      7   1.00370179235107     
      5      9      4      7   1.21489957500154     
      1     10      4      7  -4.10273750000000     
      4     10      4      7  -1.81159519333101     
      3     11      4      7   1.92287534259532     
      2      7      5      7  0.559109331884203     
      5      7      5      7  -5.82642500000000     
      1      8      5      7  0.559109331884203     
      4      8      5      7 -0.178424999999999     
      6      9      5      7   2.51301778999651     
      2     10      5      7   1.15897500000000     
      5     10      5      7  -1.11017259666550     
      1     11      5      7  -4.68222500000000     
      4     11      5      7 -0.701422596665503     
      3     12      5      7   2.92176778999651     
      6      7      6      7  -5.73721250000000     
      2      8      6      7  0.968405769809330     
      5      8      6      7 -0.154520582670238     
      6     10      6      7   2.51301778999651     
      2     11      6      7   1.00370179235107     
      5     11      6      7  -3.13777491759686     
      1     12      6      7  -5.26171250000000     
      4     12      6      7   2.92176778999651     
      2      7      1      8  -2.90300000000000     
      5      7      1      8  0.559109331884203     
      1      8      1      8  -4.15800000000000     
      4      8      1      8 -0.559109331884203     
      6      9      1      8   3.61827876691509     
      2     10      1      8 -0.559109331884203     
      5     10      1      8  -1.94195537925983     
      1     11      1      8  0.559109331884203     
      4     11      1      8  0.265631991604572     
      3     12      1      8   1.41069139605069     
      6      7      2      8  0.968405769809330     
      2      8      2      8  -7.06100000000000     
      5      8      2      8 -0.559109331884203     
      6     10      2      8   2.90347727733489     
      2     11      2      8 -0.559109331884203     
      5     11      2      8  -3.35264677531052     
      1     12      2      8  0.968405769809330     
      4     12      2      8   2.90347727733489     
      1      7      3      8 -0.968405769809330     
      4      7      3      8 -0.154520582670238     
      3      8      3      8  -5.73721250000000     
      2      9      3      8  -5.26171250000000     
      5      9      3      8  -2.92176778999651     
      1     10      3      8   1.00370179235107     
      4     10      3      8   3.13777491759686     
      3     11      3      8  -2.51301778999651     
      2      7      4      8 -0.559109331884203     
      5      7      4      8 -0.178424999999999     
      1      8      4      8 -0.559109331884203     
      4      8      4      8  -5.82642500000000     
      6      9      4      8  -2.92176778999651     
      2     10      4      8  -4.68222500000000     
      5     10      4      8  0.701422596665503     
      1     11      4      8   1.15897500000000     
      4     11      4      8   1.11017259666550     
      3     12      4      8  -2.51301778999651     
      6      7      5      8 -0.154520582670237     
      2      8      5      8 -0.559109331884203     
      5      8      5      8  -5.91563750000000     
      6     10      5      8  -1.92287534259532     
      2     11      5      8  -4.10273750000000     
      5     11      5      8   1.81159519333101     
      1     12      5      8   1.00370179235107     
      4     12      5      8  -1.21489957500154     
      6      8      6      8  -6.00485000000000     
      6     11      6      8 -0.408750000000000     
      2     12      6      8  -3.52325000000000     
      5     12      6      8  0.408750000000000     
      7      8      7      8  -1.25500000000000     
      8     10      7      8  0.000000000000000E+000
      7     11      7      8  0.000000000000000E+000
     10     11      7      8   2.20758737086440     
      9     12      7      8  -2.20758737086440     
      3      7      1      9  -3.52325000000000     
      1      9      1      9  -6.00485000000000     
      4      9      1      9  0.408750000000000     
      3     10      1      9 -0.408750000000000     
      1      7      2      9 -0.968405769809330     
      4      7      2      9   1.00370179235107     
      3      8      2      9  -5.26171250000000     
      2      9      2      9  -5.73721250000000     
      5      9      2      9  -2.51301778999651     
      1     10      2      9 -0.154520582670238     
      4     10      2      9   3.13777491759686     
      3     11      2      9  -2.92176778999651     
      3      9      3      9  -9.52810000000000     
      3      7      4      9 -0.408750000000000     
      1      9      4      9  0.408750000000000     
      4      9      4      9  -5.71585000000000     
      3     10      4      9  -3.81224999999999     
      1      7      5      9   2.90347727733489     
      4      7      5      9   1.21489957500154     
      3      8      5      9  -2.92176778999651     
      2      9      5      9  -2.51301778999651     
      5      9      5      9  -4.52980000000000     
      1     10      5      9   1.92287534259532     
      4     10      5      9  -1.36953257354471     
      3     11      5      9  -2.62620000000000     
      2      7      6      9   1.41069139605069     
      5      7      6      9   2.51301778999651     
      1      8      6      9   3.61827876691509     
      4      8      6      9  -2.92176778999651     
      6      9      6      9  -4.32652500000000     
      2     10      6      9  -2.51301778999651     
      5     10      6      9 -0.203274999999998     
      1     11      6      9   2.92176778999651     
      4     11      6      9 -0.982774999999998     
      3     12      6      9  -1.64342500000000     
      7      9      7      9  -2.48160000000000     
      9     10      7      9 -0.817500000000000     
      8      9      8      9 -0.475500000000000     
      7     10      8      9  -1.15822237502131     
      9     11      8      9 -0.408750000000000     
      1      7      1     10  0.559109331884203     
      4      7      1     10  -4.10273750000000     
      3      8      1     10   1.00370179235107     
      2      9      1     10 -0.154520582670237     
      5      9      1     10   1.92287534259532     
      1     10      1     10  -5.91563750000000     
      4     10      1     10  -1.81159519333101     
      3     11      1     10   1.21489957500154     
      2      7      2     10 -0.559109331884203     
      5      7      2     10   1.15897500000000     
      1      8      2     10 -0.559109331884203     
      4      8      2     10  -4.68222500000000     
      6      9      2     10  -2.51301778999651     
      2     10      2     10  -5.82642500000000     
      5     10      2     10   1.11017259666550     
      1     11      2     10 -0.178424999999999     
      4     11      2     10  0.701422596665503     
      3     12      2     10  -2.92176778999651     
      3      7      3     10  0.408750000000000     
      1      9      3     10 -0.408750000000000     
      4      9      3     10  -3.81224999999999     
      3     10      3     10  -5.71584999999999     
      1      7      4     10  -3.35264677531052     
      4      7      4     10  -1.81159519333101     
      3      8      4     10   3.13777491759686     
      2      9      4     10   3.13777491759686     
      5      9      4     10  -1.36953257354471     
      1     10      4     10  -1.81159519333101     
      4     10      4     10  -7.94670000000000     
      3     11      4     10  -1.36953257354471     
      2      7      5     10  0.265631991604571     
      5      7      5     10  -1.11017259666550     
      1      8      5     10  -1.94195537925983     
      4      8      5     10  0.701422596665503     
      6      9      5     10 -0.203274999999998     
      2     10      5     10   1.11017259666550     
      5     10      5     10  -5.90792500000000     
      1     11      5     10 -0.701422596665503     
      4     11      5     10  -3.22482500000000     
      3     12      5     10 -0.982774999999998     
      6      7      6     10   2.51301778999651     
      2      8      6     10   2.90347727733489     
      5      8      6     10  -1.92287534259532     
      6     10      6     10  -4.52980000000000     
      2     11      6     10  -1.21489957500154     
      5     11      6     10  -1.36953257354471     
      1     12      6     10   2.92176778999651     
      4     12      6     10  -2.62620000000000     
      8      9      7     10  -1.15822237502131     
      7     10      7     10  -1.81290000000000     
      9     11      7     10 -0.707975767593779     
      7      8      8     10  0.000000000000000E+000
      8     10      8     10  -1.14420000000000     
      7     11      8     10  -1.33740000000000     
     10     11      8     10 -0.408750000000000     
      9     12      8     10 -0.408750000000000     
      7      9      9     10 -0.817500000000000     
      9     10      9     10  -1.90360000000000     
      2      7      1     11  0.559109331884203     
      5      7      1     11  -4.68222500000000     
      1      8      1     11  0.559109331884203     
      4      8      1     11   1.15897500000000     
      6      9      1     11   2.92176778999651     
      2     10      1     11 -0.178424999999999     
      5     10      1     11 -0.701422596665503     
      1     11      1     11  -5.82642500000000     
      4     11      1     11  -1.11017259666550     
      3     12      1     11   2.51301778999651     
      6      7      2     11   1.00370179235107     
      2      8      2     11 -0.559109331884203     
      5      8      2     11  -4.10273750000000     
      6     10      2     11  -1.21489957500154     
      2     11      2     11  -5.91563750000000     
      5     11      2     11   1.81159519333101     
      1     12      2     11 -0.154520582670237     
      4     12      2     11  -1.92287534259532     
      1      7      3     11   2.90347727733489     
      4      7      3     11   1.92287534259532     
      3      8      3     11  -2.51301778999651     
      2      9      3     11  -2.92176778999651     
      5      9      3     11  -2.62620000000000     
      1     10      3     11   1.21489957500154     
      4     10      3     11  -1.36953257354471     
      3     11      3     11  -4.52980000000000     
      2      7      4     11  -1.94195537925983     
      5      7      4     11 -0.701422596665503     
      1      8      4     11  0.265631991604571     
      4      8      4     11   1.11017259666550     
      6      9      4     11 -0.982774999999998     
      2     10      4     11  0.701422596665503     
      5     10      4     11  -3.22482500000000     
      1     11      4     11  -1.11017259666550     
      4     11      4     11  -5.90792500000000     
      3     12      4     11 -0.203274999999998     
      6      7      5     11  -3.13777491759686     
      2      8      5     11  -3.35264677531052     
      5      8      5     11   1.81159519333101     
      6     10      5     11  -1.36953257354471     
      2     11      5     11   1.81159519333101     
      5     11      5     11  -7.94670000000000     
      1     12      5     11  -3.13777491759686     
      4     12      5     11  -1.36953257354471     
      6      8      6     11 -0.408750000000000     
      6     11      6     11  -5.71585000000000     
      2     12      6     11  0.408750000000000     
      5     12      6     11  -3.81224999999999     
      7      8      7     11  0.000000000000000E+000
      8     10      7     11  -1.33740000000000     
      7     11      7     11  -1.14420000000000     
     10     11      7     11 -0.408750000000000     
      9     12      7     11 -0.408750000000000     
      8     11      8     11  -1.81290000000000     
      7     12      8     11  -1.15822237502131     
     10     12      8     11 -0.707975767593779     
      8      9      9     11 -0.408750000000000     
      7     10      9     11 -0.707975767593779     
      9     11      9     11  -1.90360000000000     
      7      8     10     11   2.20758737086440     
      8     10     10     11 -0.408750000000000     
      7     11     10     11 -0.408750000000000     
     10     11     10     11  -2.68310000000000     
      9     12     10     11  0.779500000000000     
      6      7      1     12  -5.26171250000000     
      2      8      1     12  0.968405769809330     
      5      8      1     12   1.00370179235107     
      6     10      1     12   2.92176778999651     
      2     11      1     12 -0.154520582670238     
      5     11      1     12  -3.13777491759686     
      1     12      1     12  -5.73721250000000     
      4     12      1     12   2.51301778999651     
      6      8      2     12  -3.52325000000000     
      6     11      2     12  0.408750000000000     
      2     12      2     12  -6.00485000000000     
      5     12      2     12 -0.408750000000000     
      2      7      3     12   3.61827876691509     
      5      7      3     12   2.92176778999651     
      1      8      3     12   1.41069139605069     
      4      8      3     12  -2.51301778999651     
      6      9      3     12  -1.64342500000000     
      2     10      3     12  -2.92176778999651     
      5     10      3     12 -0.982774999999998     
      1     11      3     12   2.51301778999651     
      4     11      3     12 -0.203274999999998     
      3     12      3     12  -4.32652500000000     
      6      7      4     12   2.92176778999651     
      2      8      4     12   2.90347727733489     
      5      8      4     12  -1.21489957500154     
      6     10      4     12  -2.62620000000000     
      2     11      4     12  -1.92287534259532     
      5     11      4     12  -1.36953257354471     
      1     12      4     12   2.51301778999651     
      4     12      4     12  -4.52980000000000     
      6      8      5     12  0.408750000000000     
      6     11      5     12  -3.81224999999999     
      2     12      5     12 -0.408750000000000     
      5     12      5     12  -5.71584999999999     
      6     12      6     12  -9.52810000000000     
      8     11      7     12  -1.15822237502131     
      7     12      7     12 -0.475500000000000     
     10     12      7     12 -0.408750000000000     
      8     12      8     12  -2.48160000000000     
     11     12      8     12 -0.817500000000000     
      7      8      9     12  -2.20758737086440     
      8     10      9     12 -0.408750000000000     
      7     11      9     12 -0.408750000000000     
     10     11      9     12  0.779500000000000     
      9     12      9     12  -2.68310000000000     
      8     11     10     12 -0.707975767593779     
      7     12     10     12 -0.408750000000000     
     10     12     10     12  -1.90360000000000     
      8     12     11     12 -0.817500000000000     
     11     12     11     12  -1.90360000000000     
