      1      2      1      2  -1.26920000000000     
      2      4      1      2  0.000000000000000E+000
      1      5      1      2  0.000000000000000E+000
      4      5      1      2   1.97890903782867     
      3      6      1      2  -1.97890903782867     
      1      3      1      3  -2.21530000000000     
      3      4      1      3 -0.764100000000000     
      2      3      2      3 -0.482650000000000     
      1      4      2      3  -1.00034594391141     
      3      5      2      3 -0.382050000000000     
      2      3      1      4  -1.00034594391141     
      1      4      1      4  -1.63775000000000     
      3      5      1      4 -0.661730011031690     
      1      2      2      4  0.000000000000000E+000
      2      4      2      4  -1.06020000000000     
      1      5      2      4  -1.15510000000000     
      4      5      2      4 -0.382050000000000     
      3      6      2      4 -0.382050000000000     
      1      3      3      4 -0.764100000000000     
      3      4      3      4  -1.67500000000000     
      1      2      1      5  0.000000000000000E+000
      2      4      1      5  -1.15510000000000     
      1      5      1      5  -1.06020000000000     
      4      5      1      5 -0.382050000000000     
      3      6      1      5 -0.382050000000000     
      2      5      2      5  -1.63775000000000     
      1      6      2      5  -1.00034594391141     
      4      6      2      5 -0.661730011031690     
      2      3      3      5 -0.382050000000000     
      1      4      3      5 -0.661730011031690     
      3      5      3      5  -1.67500000000000     
      1      2      4      5   1.97890903782867     
      2      4      4      5 -0.382050000000000     
      1      5      4      5 -0.382050000000000     
      4      5      4      5  -2.46150000000000     
      3      6      4      5  0.786500000000000     
      2      5      1      6  -1.00034594391141     
      1      6      1      6 -0.482650000000000     
      4      6      1      6 -0.382050000000000     
      2      6      2      6  -2.21530000000000     
      5      6      2      6 -0.764100000000000     
      1      2      3      6  -1.97890903782867     
      2      4      3      6 -0.382050000000000     
      1      5      3      6 -0.382050000000000     
      4      5      3      6  0.786500000000000     
      3      6      3      6  -2.46150000000000     
      2      5      4      6 -0.661730011031690     
      1      6      4      6 -0.382050000000000     
      4      6      4      6  -1.67500000000000     
      2      6      5      6 -0.764100000000000     
      5      6      5      6  -1.67500000000000     
      1      7      1      7  -7.27460000000000     
      4      7      1      7  0.510425029999509     
      3      8      1      7 -0.884082085414019     
      2      9      1      7 -0.884082085414019     
      5      9      1      7   3.05415575290456     
      1     10      1      7  0.510425029999509     
      4     10      1      7  -3.52663529217298     
      3     11      1      7   3.05415575290456     
      2      7      2      7  -4.27190000000000     
      5      7      2      7  0.510425029999509     
      1      8      2      7  -3.00270000000000     
      4      8      2      7 -0.510425029999509     
      6      9      2      7   1.65552195021540     
      2     10      2      7 -0.510425029999509     
      5     10      2      7  0.107795695871091     
      1     11      2      7  0.510425029999509     
      4     11      2      7  -1.87111334195758     
      3     12      2      7   3.63443098804407     
      3      7      3      7  -5.98755000000000     
      1      9      3      7  -3.77225000000000     
      4      9      3      7 -0.382050000000000     
      3     10      3      7  0.382050000000000     
      1      7      4      7  0.510425029999509     
      4      7      4      7  -6.03903750000000     
      3      8      4      7  8.917896595470376E-002
      2      9      4      7   1.08952490986611     
      5      9      4      7   1.38668691902676     
      1     10      4      7  -4.40128750000000     
      4     10      4      7  -1.98325813196366     
      3     11      4      7   2.04841693005845     
      2      7      5      7  0.510425029999509     
      5      7      5      7  -6.09052500000000     
      1      8      5      7  0.510425029999509     
      4      8      5      7  0.102975000000002     
      6      9      5      7   2.78386219794550     
      2     10      5      7   1.25807500000000     
      5     10      5      7  -1.18265406598183     
      1     11      5      7  -5.03032500000000     
      4     11      5      7 -0.800604065981832     
      3     12      5      7   3.16591219794550     
      6      7      6      7  -6.14201250000000     
      2      8      6      7  0.884082085414019     
      5      8      6      7  8.917896595470376E-002
      6     10      6      7   2.78386219794550     
      2     11      6      7   1.08952490986611     
      5     11      6      7  -3.43510384908521     
      1     12      6      7  -5.65936250000000     
      4     12      6      7   3.16591219794550     
      2      7      1      8  -3.00270000000000     
      5      7      1      8  0.510425029999509     
      1      8      1      8  -4.27190000000000     
      4      8      1      8 -0.510425029999509     
      6      9      1      8   3.63443098804407     
      2     10      1      8 -0.510425029999509     
      5     10      1      8  -1.87111334195758     
      1     11      1      8  0.510425029999509     
      4     11      1      8  0.107795695871091     
      3     12      1      8   1.65552195021540     
      6      7      2      8  0.884082085414019     
      2      8      2      8  -7.27460000000000     
      5      8      2      8 -0.510425029999509     
      6     10      2      8   3.05415575290456     
      2     11      2      8 -0.510425029999509     
      5     11      2      8  -3.52663529217298     
      1     12      2      8  0.884082085414019     
      4     12      2      8   3.05415575290456     
      1      7      3      8 -0.884082085414019     
      4      7      3      8  8.917896595470376E-002
      3      8      3      8  -6.14201250000000     
      2      9      3      8  -5.65936250000000     
      5      9      3      8  -3.16591219794550     
      1     10      3      8   1.08952490986611     
      4     10      3      8   3.43510384908521     
      3     11      3      8  -2.78386219794550     
      2      7      4      8 -0.510425029999509     
      5      7      4      8  0.102975000000002     
      1      8      4      8 -0.510425029999509     
      4      8      4      8  -6.09052500000000     
      6      9      4      8  -3.16591219794550     
      2     10      4      8  -5.03032500000000     
      5     10      4      8  0.800604065981832     
      1     11      4      8   1.25807500000000     
      4     11      4      8   1.18265406598183     
      3     12      4      8  -2.78386219794550     
      6      7      5      8  8.917896595470376E-002
      2      8      5      8 -0.510425029999509     
      5      8      5      8  -6.03903750000000     
      6     10      5      8  -2.04841693005845     
      2     11      5      8  -4.40128750000000     
      5     11      5      8   1.98325813196366     
      1     12      5      8   1.08952490986611     
      4     12      5      8  -1.38668691902676     
      6      8      6      8  -5.98755000000000     
      6     11      6      8 -0.382050000000000     
      2     12      6      8  -3.77225000000000     
      5     12      6      8  0.382050000000000     
      7      8      7      8  -1.26920000000000     
      8     10      7      8  0.000000000000000E+000
      7     11      7      8  0.000000000000000E+000
     10     11      7      8   1.97890903782867     
      9     12      7      8  -1.97890903782867     
      3      7      1      9  -3.77225000000000     
      1      9      1      9  -5.98755000000000     
      4      9      1      9  0.382050000000000     
      3     10      1      9 -0.382050000000000     
      1      7      2      9 -0.884082085414019     
      4      7      2      9   1.08952490986611     
      3      8      2      9  -5.65936250000000     
      2      9      2      9  -6.14201250000000     
      5      9      2      9  -2.78386219794550     
      1     10      2      9  8.917896595470376E-002
      4     10      2      9   3.43510384908521     
      3     11      2      9  -3.16591219794550     
      3      9      3      9  -9.75980000000000     
      3      7      4      9 -0.382050000000000     
      1      9      4      9  0.382050000000000     
      4      9      4      9  -5.71740000000000     
      3     10      4      9  -4.04240000000000     
      1      7      5      9   3.05415575290456     
      4      7      5      9   1.38668691902676     
      3      8      5      9  -3.16591219794550     
      2      9      5      9  -2.78386219794550     
      5      9      5      9  -4.63461000000000     
      1     10      5      9   2.04841693005845     
      4     10      5      9  -1.25029819595167     
      3     11      5      9  -2.95961000000000     
      2      7      6      9   1.65552195021540     
      5      7      6      9   2.78386219794550     
      1      8      6      9   3.63443098804407     
      4      8      6      9  -3.16591219794550     
      6      9      6      9  -4.48646500000000     
      2     10      6      9  -2.78386219794550     
      5     10      6      9 -0.148144999999998     
      1     11      6      9   3.16591219794550     
      4     11      6      9 -0.934644999999998     
      3     12      6      9  -2.02496500000000     
      7      9      7      9  -2.21530000000000     
      9     10      7      9 -0.764100000000000     
      8      9      8      9 -0.482650000000000     
      7     10      8      9  -1.00034594391141     
      9     11      8      9 -0.382050000000000     
      1      7      1     10  0.510425029999509     
      4      7      1     10  -4.40128750000000     
      3      8      1     10   1.08952490986611     
      2      9      1     10  8.917896595470376E-002
      5      9      1     10   2.04841693005845     
      1     10      1     10  -6.03903750000000     
      4     10      1     10  -1.98325813196366     
      3     11      1     10   1.38668691902676     
      2      7      2     10 -0.510425029999509     
      5      7      2     10   1.25807500000000     
      1      8      2     10 -0.510425029999509     
      4      8      2     10  -5.03032500000000     
      6      9      2     10  -2.78386219794550     
      2     10      2     10  -6.09052500000000     
      5     10      2     10   1.18265406598183     
      1     11      2     10  0.102975000000002     
      4     11      2     10  0.800604065981832     
      3     12      2     10  -3.16591219794550     
      3      7      3     10  0.382050000000000     
      1      9      3     10 -0.382050000000000     
      4      9      3     10  -4.04240000000000     
      3     10      3     10  -5.71740000000000     
      1      7      4     10  -3.52663529217298     
      4      7      4     10  -1.98325813196367     
      3      8      4     10   3.43510384908521     
      2      9      4     10   3.43510384908521     
      5      9      4     10  -1.25029819595167     
      1     10      4     10  -1.98325813196367     
      4     10      4     10  -8.31608000000000     
      3     11      4     10  -1.25029819595167     
      2      7      5     10  0.107795695871091     
      5      7      5     10  -1.18265406598183     
      1      8      5     10  -1.87111334195758     
      4      8      5     10  0.800604065981832     
      6      9      5     10 -0.148144999999998     
      2     10      5     10   1.18265406598183     
      5     10      5     10  -5.93018500000000     
      1     11      5     10 -0.800604065981832     
      4     11      5     10  -3.46868500000000     
      3     12      5     10 -0.934644999999998     
      6      7      6     10   2.78386219794550     
      2      8      6     10   3.05415575290456     
      5      8      6     10  -2.04841693005845     
      6     10      6     10  -4.63461000000000     
      2     11      6     10  -1.38668691902676     
      5     11      6     10  -1.25029819595167     
      1     12      6     10   3.16591219794550     
      4     12      6     10  -2.95961000000000     
      8      9      7     10  -1.00034594391141     
      7     10      7     10  -1.63775000000000     
      9     11      7     10 -0.661730011031690     
      7      8      8     10  0.000000000000000E+000
      8     10      8     10  -1.06020000000000     
      7     11      8     10  -1.15510000000000     
     10     11      8     10 -0.382050000000000     
      9     12      8     10 -0.382050000000000     
      7      9      9     10 -0.764100000000000     
      9     10      9     10  -1.67500000000000     
      2      7      1     11  0.510425029999509     
      5      7      1     11  -5.03032500000000     
      1      8      1     11  0.510425029999509     
      4      8      1     11   1.25807500000000     
      6      9      1     11   3.16591219794550     
      2     10      1     11  0.102975000000002     
      5     10      1     11 -0.800604065981832     
      1     11      1     11  -6.09052500000000     
      4     11      1     11  -1.18265406598183     
      3     12      1     11   2.78386219794550     
      6      7      2     11   1.08952490986611     
      2      8      2     11 -0.510425029999509     
      5      8      2     11  -4.40128750000000     
      6     10      2     11  -1.38668691902676     
      2     11      2     11  -6.03903750000000     
      5     11      2     11   1.98325813196366     
      1     12      2     11  8.917896595470376E-002
      4     12      2     11  -2.04841693005845     
      1      7      3     11   3.05415575290456     
      4      7      3     11   2.04841693005845     
      3      8      3     11  -2.78386219794550     
      2      9      3     11  -3.16591219794550     
      5      9      3     11  -2.95961000000000     
      1     10      3     11   1.38668691902676     
      4     10      3     11  -1.25029819595167     
      3     11      3     11  -4.63461000000000     
      2      7      4     11  -1.87111334195758     
      5      7      4     11 -0.800604065981832     
      1      8      4     11  0.107795695871091     
      4      8      4     11   1.18265406598183     
      6      9      4     11 -0.934644999999998     
      2     10      4     11  0.800604065981832     
      5     10      4     11  -3.46868500000000     
      1     11      4     11  -1.18265406598183     
      4     11      4     11  -5.93018500000000     
      3     12      4     11 -0.148144999999998     
      6      7      5     11  -3.43510384908521     
      2      8      5     11  -3.52663529217298     
      5      8      5     11   1.98325813196367     
      6     10      5     11  -1.25029819595167     
      2     11      5     11   1.98325813196367     
      5     11      5     11  -8.31608000000000     
      1     12      5     11  -3.43510384908521     
      4     12      5     11  -1.25029819595167     
      6      8      6     11 -0.382050000000000     
      6     11      6     11  -5.71740000000000     
      2     12      6     11  0.382050000000000     
      5     12      6     11  -4.04240000000000     
      7      8      7     11  0.000000000000000E+000
      8     10      7     11  -1.15510000000000     
      7     11      7     11  -1.06020000000000     
     10     11      7     11 -0.382050000000000     
      9     12      7     11 -0.382050000000000     
      8     11      8     11  -1.63775000000000     
      7     12      8     11  -1.00034594391141     
     10     12      8     11 -0.661730011031690     
      8      9      9     11 -0.382050000000000     
      7     10      9     11 -0.661730011031690     
      9     11      9     11  -1.67500000000000     
      7      8     10     11   1.97890903782867     
      8     10     10     11 -0.382050000000000     
      7     11     10     11 -0.382050000000000     
     10     11     10     11  -2.46150000000000     
      9     12     10     11  0.786500000000000     
      6      7      1     12  -5.65936250000000     
      2      8      1     12  0.884082085414019     
      5      8      1     12   1.08952490986611     
      6     10      1     12   3.16591219794550     
      2     11      1     12  8.917896595470376E-002
      5     11      1     12  -3.43510384908521     
      1     12      1     12  -6.14201250000000     
      4     12      1     12   2.78386219794550     
      6      8      2     12  -3.77225000000000     
      6     11      2     12  0.382050000000000     
      2     12      2     12  -5.98755000000000     
      5     12      2     12 -0.382050000000000     
      2      7      3     12   3.63443098804407     
      5      7      3     12   3.16591219794550     
      1      8      3     12   1.65552195021540     
      4      8      3     12  -2.78386219794550     
      6      9      3     12  -2.02496500000000     
      2     10      3     12  -3.16591219794550     
      5     10      3     12 -0.934644999999998     
      1     11      3     12   2.78386219794550     
      4     11      3     12 -0.148144999999998     
      3     12      3     12  -4.48646500000000     
      6      7      4     12   3.16591219794550     
      2      8      4     12   3.05415575290456     
      5      8      4     12  -1.38668691902676     
      6     10      4     12  -2.95961000000000     
      2     11      4     12  -2.04841693005845     
      5     11      4     12  -1.25029819595167     
      1     12      4     12   2.78386219794550     
      4     12      4     12  -4.63461000000000     
      6      8      5     12  0.382050000000000     
      6     11      5     12  -4.04240000000000     
      2     12      5     12 -0.382050000000000     
      5     12      5     12  -5.71740000000000     
      6     12      6     12  -9.75980000000000     
      8     11      7     12  -1.00034594391141     
      7     12      7     12 -0.482650000000000     
     10     12      7     12 -0.382050000000000     
      8     12      8     12  -2.21530000000000     
     11     12      8     12 -0.764100000000000     
      7      8      9     12  -1.97890903782867     
      8     10      9     12 -0.382050000000000     
      7     11      9     12 -0.382050000000000     
     10     11      9     12  0.786500000000000     
      9     12      9     12  -2.46150000000000     
      8     11     10     12 -0.661730011031690     
      7     12     10     12 -0.382050000000000     
     10     12     10     12  -1.67500000000000     
      8     12     11     12 -0.764100000000000     
     11     12     11     12  -1.67500000000000     
