      1      1      1      1           2           0   5.20082895988707     
      1      1      1      1           0           0  -11.5465000000000     
      1      1      1      2           2           0  -1.76816417082804     
      1      1      2      1           2           0  -1.76816417082804     
      1      1      2      2           4           0  -8.12683474879827     
      1      1      2      2           2           0   5.92160388372314     
      1      2      1      1           2           0   1.76816417082804     
      1      2      1      2           2           0 -0.282008651795469     
      1      2      1      2           0           0  -17.1537917931521     
      1      2      2      1           4           0   12.6547192593132     
      1      2      2      1           2           0  -5.44420374898559     
      1      2      2      2           4           0   10.0114934176176     
      1      2      2      2           2           0   4.38508906568604     
      2      1      1      1           2           0   1.76816417082804     
      2      1      1      2           4           0   12.6547192593132     
      2      1      1      2           2           0  -5.44420374898559     
      2      1      2      1           2           0 -0.282008651795469     
      2      1      2      1           0           0  -17.1537917931521     
      2      1      2      2           4           0   10.0114934176176     
      2      1      2      2           2           0   4.38508906568604     
      2      2      1      1           4           0  -8.12683474879827     
      2      2      1      1           2           0   5.92160388372314     
      2      2      1      2           4           0  -10.0114934176176     
      2      2      1      2           2           0  -4.38508906568604     
      2      2      2      1           4           0  -10.0114934176176     
      2      2      2      1           2           0  -4.38508906568604     
      2      2      2      2           6           0   5.35755380360991     
      2      2      2      2           4           0  -8.70781890171845     
      2      2      2      2           2           0   9.75883324330706     
      2      2      2      2           0           0  -24.5982750000000     
      1      1      1      1           2           0   5.20082895988707     
      1      1      1      1           0           0  -11.5465000000000     
      1      1      1      2           2           0  -1.76816417082804     
      1      1      2      1           2           0  -1.76816417082804     
      1      1      2      2           4           0  -8.12683474879827     
      1      1      2      2           2           0   5.92160388372314     
      1      2      1      1           2           0   1.76816417082804     
      1      2      1      2           2           0 -0.282008651795469     
      1      2      1      2           0           0  -17.1537917931521     
      1      2      2      1           4           0   12.6547192593132     
      1      2      2      1           2           0  -5.44420374898559     
      1      2      2      2           4           0   10.0114934176176     
      1      2      2      2           2           0   4.38508906568604     
      2      1      1      1           2           0   1.76816417082804     
      2      1      1      2           4           0   12.6547192593132     
      2      1      1      2           2           0  -5.44420374898559     
      2      1      2      1           2           0 -0.282008651795469     
      2      1      2      1           0           0  -17.1537917931521     
      2      1      2      2           4           0   10.0114934176176     
      2      1      2      2           2           0   4.38508906568604     
      2      2      1      1           4           0  -8.12683474879827     
      2      2      1      1           2           0   5.92160388372314     
      2      2      1      2           4           0  -10.0114934176176     
      2      2      1      2           2           0  -4.38508906568604     
      2      2      2      1           4           0  -10.0114934176176     
      2      2      2      1           2           0  -4.38508906568604     
      2      2      2      2           6           0   5.35755380360991     
      2      2      2      2           4           0  -8.70781890171845     
      2      2      2      2           2           0   9.75883324330706     
      2      2      2      2           0           0  -24.5982750000000     
          60           6
   1   1   3   3   0   0   0   0-11.5465   1   1
   1   1   3   3   2   0   0   0  5.2008   1   1
   1   1   3   4   2   0   0   0 -1.7682   1   1
   1   1   4   3   2   0   0   0  1.7682   1   1
   1   1   4   4   0   0   0   0-17.1538   1   1
   1   1   4   4   2   0   0   0 -0.2820   1   1
   1   2   3   3   2   0   0   0 -1.7682   1   1
   1   2   3   4   2   0   0   0  5.9216   1   1
   1   2   3   4   4   0   0   0 -8.1268   1   1
   1   2   4   3   2   0   0   0 -5.4442   1   1
   1   2   4   3   4   0   0   0 12.6547   1   1
   1   2   4   4   2   0   0   0  4.3851   1   1
   1   2   4   4   4   0   0   0 10.0115   1   1
   2   1   3   3   2   0   0   0  1.7682   1   1
   2   1   3   4   2   0   0   0 -5.4442   1   1
   2   1   3   4   4   0   0   0 12.6547   1   1
   2   1   4   3   2   0   0   0  5.9216   1   1
   2   1   4   3   4   0   0   0 -8.1268   1   1
   2   1   4   4   2   0   0   0 -4.3851   1   1
   2   1   4   4   4   0   0   0-10.0115   1   1
   2   2   3   3   0   0   0   0-17.1538   1   1
   2   2   3   3   2   0   0   0 -0.2820   1   1
   2   2   3   4   2   0   0   0  4.3851   1   1
   2   2   3   4   4   0   0   0 10.0115   1   1
   2   2   4   3   2   0   0   0 -4.3851   1   1
   2   2   4   3   4   0   0   0-10.0115   1   1
   2   2   4   4   0   0   0   0-24.5983   1   1
   2   2   4   4   2   0   0   0  9.7588   1   1
   2   2   4   4   4   0   0   0 -8.7078   1   1
   2   2   4   4   6   0   0   0  5.3576   1   1
   3   3   1   1   0   0   0   0-11.5465   1   1
   3   3   1   1   2   0   0   0  5.2008   1   1
   3   3   1   2   2   0   0   0 -1.7682   1   1
   3   3   2   1   2   0   0   0  1.7682   1   1
   3   3   2   2   0   0   0   0-17.1538   1   1
   3   3   2   2   2   0   0   0 -0.2820   1   1
   3   4   1   1   2   0   0   0 -1.7682   1   1
   3   4   1   2   2   0   0   0  5.9216   1   1
   3   4   1   2   4   0   0   0 -8.1268   1   1
   3   4   2   1   2   0   0   0 -5.4442   1   1
   3   4   2   1   4   0   0   0 12.6547   1   1
   3   4   2   2   2   0   0   0  4.3851   1   1
   3   4   2   2   4   0   0   0 10.0115   1   1
   4   3   1   1   2   0   0   0  1.7682   1   1
   4   3   1   2   2   0   0   0 -5.4442   1   1
   4   3   1   2   4   0   0   0 12.6547   1   1
   4   3   2   1   2   0   0   0  5.9216   1   1
   4   3   2   1   4   0   0   0 -8.1268   1   1
   4   3   2   2   2   0   0   0 -4.3851   1   1
   4   3   2   2   4   0   0   0-10.0115   1   1
   4   4   1   1   0   0   0   0-17.1538   1   1
   4   4   1   1   2   0   0   0 -0.2820   1   1
   4   4   1   2   2   0   0   0  4.3851   1   1
   4   4   1   2   4   0   0   0 10.0115   1   1
   4   4   2   1   2   0   0   0 -4.3851   1   1
   4   4   2   1   4   0   0   0-10.0115   1   1
   4   4   2   2   0   0   0   0-24.5983   1   1
   4   4   2   2   2   0   0   0  9.7588   1   1
   4   4   2   2   4   0   0   0 -8.7078   1   1
   4   4   2   2   6   0   0   0  5.3576   1   1
