 ! Total Interaction
  20
   1   1   1   1     1     0  -7.2746
   1   2   1   1     1     0  -1.4437
   2   2   1   1     1     0   5.5761
   1   1   1   2     1     0  -1.4437
   1   2   1   2     1     0 -12.4819
   2   2   1   2     1     0  -8.8694
   1   1   2   2     1     0   5.5761
   1   2   2   2     1     0  -8.8694
   2   2   2   2     1     0  -6.1505
   1   2   1   2     2     0  -9.7598
   2   2   2   2     3     0  -9.7598
   1   1   1   1     0     1  -1.2692
   2   2   1   1     0     1  -2.7986
   1   1   2   2     0     1  -2.7986
   2   2   2   2     0     1  -3.2480
   1   2   1   2     1     1   0.0949
   1   2   1   2     2     1  -2.2153
   2   2   1   2     2     1   0.7641
   1   2   2   2     2     1   0.7641
   2   2   2   2     2     1  -1.6750
