      1      2      1      2  -1.20660000000000     
      2      4      1      2  0.000000000000000E+000
      1      5      1      2  0.000000000000000E+000
      4      5      1      2   2.63269996771375     
      3      6      1      2  -2.63269996771375     
      1      3      1      3  -3.02520000000000     
      3      4      1      3  -1.51760000000000     
      2      3      2      3 -0.262950000000000     
      1      4      2      3  -1.59478578106904     
      3      5      2      3 -0.758800000000000     
      2      3      1      4  -1.59478578106904     
      1      4      1      4  -2.10445000000000     
      3      5      1      4  -1.31428015278326     
      1      2      2      4  0.000000000000000E+000
      2      4      2      4  -1.18370000000000     
      1      5      2      4  -1.84150000000000     
      4      5      2      4 -0.758800000000000     
      3      6      2      4 -0.758800000000000     
      1      3      3      4  -1.51760000000000     
      3      4      3      4  -1.95210000000000     
      1      2      1      5  0.000000000000000E+000
      2      4      1      5  -1.84150000000000     
      1      5      1      5  -1.18370000000000     
      4      5      1      5 -0.758800000000000     
      3      6      1      5 -0.758800000000000     
      2      5      2      5  -2.10445000000000     
      1      6      2      5  -1.59478578106904     
      4      6      2      5  -1.31428015278326     
      2      3      3      5 -0.758800000000000     
      1      4      3      5  -1.31428015278326     
      3      5      3      5  -1.95210000000000     
      1      2      4      5   2.63269996771375     
      2      4      4      5 -0.758800000000000     
      1      5      4      5 -0.758800000000000     
      4      5      4      5  -2.89570000000000     
      3      6      4      5  0.943600000000000     
      2      5      1      6  -1.59478578106904     
      1      6      1      6 -0.262950000000000     
      4      6      1      6 -0.758800000000000     
      2      6      2      6  -3.02520000000000     
      5      6      2      6  -1.51760000000000     
      1      2      3      6  -2.63269996771375     
      2      4      3      6 -0.758800000000000     
      1      5      3      6 -0.758800000000000     
      4      5      3      6  0.943600000000000     
      3      6      3      6  -2.89570000000000     
      2      5      4      6  -1.31428015278326     
      1      6      4      6 -0.758800000000000     
      4      6      4      6  -1.95210000000000     
      2      6      5      6  -1.51760000000000     
      5      6      5      6  -1.95210000000000     
      1      7      1      7  -7.36160000000000     
      4      7      1      7  9.347951647286162E-002
      3      8      1      7 -0.161911271997968     
      2      9      1      7 -0.161911271997968     
      5      9      1      7   1.69651584961650     
      1     10      1      7  9.347951647286162E-002
      4     10      1      7  -1.95896776492111     
      3     11      1      7   1.69651584961650     
      2      7      2      7  -4.28410000000000     
      5      7      2      7  9.347951647286164E-002
      1      8      2      7  -3.07750000000000     
      4      8      2      7 -9.347951647286164E-002
      6      9      2      7  0.152875839833954     
      2     10      2      7 -9.347951647286164E-002
      5     10      2      7  0.826608042626600     
      1     11      2      7  9.347951647286164E-002
      4     11      2      7  -1.80609192508715     
      3     12      2      7   2.78557580754771     
      3      7      3      7  -5.74925000000000     
      1      9      3      7  -2.72405000000000     
      4      9      3      7 -0.758800000000000     
      3     10      3      7  0.758800000000000     
      1      7      4      7  9.347951647286162E-002
      4      7      4      7  -5.67947500000000     
      3      8      4      7 -0.120853845098117     
      2      9      4      7   1.47393193597093     
      5      9      4      7  0.461532433326918     
      1     10      4      7  -3.57502500000000     
      4     10      4      7  -1.29173174924208     
      3     11      4      7   1.77581258611018     
      2      7      5      7  9.347951647286162E-002
      5      7      5      7  -5.60970000000000     
      1      8      5      7  9.347951647286162E-002
      4      8      5      7 -0.139549999999998     
      6      9      5      7   1.55819762386312     
      2     10      5      7   1.70195000000000     
      5     10      5      7  -1.02526587462104     
      1     11      5      7  -4.42600000000000     
      4     11      5      7 -0.266465874621039     
      3     12      5      7   2.31699762386312     
      6      7      6      7  -5.53992500000000     
      2      8      6      7  0.161911271997968     
      5      8      6      7 -0.120853845098117     
      6     10      6      7   1.55819762386312     
      2     11      6      7   1.47393193597093     
      5     11      6      7  -2.23734501943710     
      1     12      6      7  -5.27697500000000     
      4     12      6      7   2.31699762386312     
      2      7      1      8  -3.07750000000000     
      5      7      1      8  9.347951647286164E-002
      1      8      1      8  -4.28410000000000     
      4      8      1      8 -9.347951647286164E-002
      6      9      1      8   2.78557580754771     
      2     10      1      8 -9.347951647286164E-002
      5     10      1      8  -1.80609192508715     
      1     11      1      8  9.347951647286164E-002
      4     11      1      8  0.826608042626600     
      3     12      1      8  0.152875839833954     
      6      7      2      8  0.161911271997968     
      2      8      2      8  -7.36160000000000     
      5      8      2      8 -9.347951647286162E-002
      6     10      2      8   1.69651584961650     
      2     11      2      8 -9.347951647286162E-002
      5     11      2      8  -1.95896776492111     
      1     12      2      8  0.161911271997968     
      4     12      2      8   1.69651584961650     
      1      7      3      8 -0.161911271997968     
      4      7      3      8 -0.120853845098117     
      3      8      3      8  -5.53992500000000     
      2      9      3      8  -5.27697500000000     
      5      9      3      8  -2.31699762386312     
      1     10      3      8   1.47393193597093     
      4     10      3      8   2.23734501943710     
      3     11      3      8  -1.55819762386312     
      2      7      4      8 -9.347951647286162E-002
      5      7      4      8 -0.139549999999998     
      1      8      4      8 -9.347951647286162E-002
      4      8      4      8  -5.60970000000000     
      6      9      4      8  -2.31699762386312     
      2     10      4      8  -4.42600000000000     
      5     10      4      8  0.266465874621039     
      1     11      4      8   1.70195000000000     
      4     11      4      8   1.02526587462104     
      3     12      4      8  -1.55819762386312     
      6      7      5      8 -0.120853845098117     
      2      8      5      8 -9.347951647286162E-002
      5      8      5      8  -5.67947500000000     
      6     10      5      8  -1.77581258611018     
      2     11      5      8  -3.57502500000000     
      5     11      5      8   1.29173174924208     
      1     12      5      8   1.47393193597093     
      4     12      5      8 -0.461532433326918     
      6      8      6      8  -5.74925000000000     
      6     11      6      8 -0.758800000000000     
      2     12      6      8  -2.72405000000000     
      5     12      6      8  0.758800000000000     
      7      8      7      8  -1.20660000000000     
      8     10      7      8  0.000000000000000E+000
      7     11      7      8  0.000000000000000E+000
     10     11      7      8   2.63269996771375     
      9     12      7      8  -2.63269996771375     
      3      7      1      9  -2.72405000000000     
      1      9      1      9  -5.74925000000000     
      4      9      1      9  0.758800000000000     
      3     10      1      9 -0.758800000000000     
      1      7      2      9 -0.161911271997968     
      4      7      2      9   1.47393193597093     
      3      8      2      9  -5.27697500000000     
      2      9      2      9  -5.53992500000000     
      5      9      2      9  -1.55819762386312     
      1     10      2      9 -0.120853845098117     
      4     10      2      9   2.23734501943710     
      3     11      2      9  -2.31699762386312     
      3      9      3      9  -8.47330000000000     
      3      7      4      9 -0.758800000000000     
      1      9      4      9  0.758800000000000     
      4      9      4      9  -5.21270000000000     
      3     10      4      9  -3.26060000000000     
      1      7      5      9   1.69651584961650     
      4      7      5      9  0.461532433326918     
      3      8      5      9  -2.31699762386312     
      2      9      5      9  -1.55819762386312     
      5      9      5      9  -5.01443000000000     
      1     10      5      9   1.77581258611018     
      4     10      5      9 -0.228942475744450     
      3     11      5      9  -3.06233000000000     
      2      7      6      9  0.152875839833954     
      5      7      6      9   1.55819762386312     
      1      8      6      9   2.78557580754771     
      4      8      6      9  -2.31699762386312     
      6      9      6      9  -5.38709500000000     
      2     10      6      9  -1.55819762386312     
      5     10      6      9  0.372665000000002     
      1     11      6      9   2.31699762386312     
      4     11      6      9 -0.570934999999998     
      3     12      6      9  -2.49139500000000     
      7      9      7      9  -3.02520000000000     
      9     10      7      9  -1.51760000000000     
      8      9      8      9 -0.262950000000000     
      7     10      8      9  -1.59478578106904     
      9     11      8      9 -0.758800000000000     
      1      7      1     10  9.347951647286162E-002
      4      7      1     10  -3.57502500000000     
      3      8      1     10   1.47393193597093     
      2      9      1     10 -0.120853845098117     
      5      9      1     10   1.77581258611018     
      1     10      1     10  -5.67947500000000     
      4     10      1     10  -1.29173174924208     
      3     11      1     10  0.461532433326918     
      2      7      2     10 -9.347951647286162E-002
      5      7      2     10   1.70195000000000     
      1      8      2     10 -9.347951647286162E-002
      4      8      2     10  -4.42600000000000     
      6      9      2     10  -1.55819762386312     
      2     10      2     10  -5.60970000000000     
      5     10      2     10   1.02526587462104     
      1     11      2     10 -0.139549999999998     
      4     11      2     10  0.266465874621039     
      3     12      2     10  -2.31699762386312     
      3      7      3     10  0.758800000000000     
      1      9      3     10 -0.758800000000000     
      4      9      3     10  -3.26060000000000     
      3     10      3     10  -5.21269999999999     
      1      7      4     10  -1.95896776492111     
      4      7      4     10  -1.29173174924208     
      3      8      4     10   2.23734501943710     
      2      9      4     10   2.23734501943710     
      5      9      4     10 -0.228942475744450     
      1     10      4     10  -1.29173174924208     
      4     10      4     10  -8.20894000000000     
      3     11      4     10 -0.228942475744450     
      2      7      5     10  0.826608042626600     
      5      7      5     10  -1.02526587462104     
      1      8      5     10  -1.80609192508715     
      4      8      5     10  0.266465874621039     
      6      9      5     10  0.372665000000002     
      2     10      5     10   1.02526587462104     
      5     10      5     10  -5.65145500000000     
      1     11      5     10 -0.266465874621039     
      4     11      5     10  -2.75575500000000     
      3     12      5     10 -0.570934999999998     
      6      7      6     10   1.55819762386312     
      2      8      6     10   1.69651584961650     
      5      8      6     10  -1.77581258611018     
      6     10      6     10  -5.01443000000000     
      2     11      6     10 -0.461532433326918     
      5     11      6     10 -0.228942475744450     
      1     12      6     10   2.31699762386312     
      4     12      6     10  -3.06233000000000     
      8      9      7     10  -1.59478578106904     
      7     10      7     10  -2.10445000000000     
      9     11      7     10  -1.31428015278326     
      7      8      8     10  0.000000000000000E+000
      8     10      8     10  -1.18370000000000     
      7     11      8     10  -1.84150000000000     
     10     11      8     10 -0.758800000000000     
      9     12      8     10 -0.758800000000000     
      7      9      9     10  -1.51760000000000     
      9     10      9     10  -1.95210000000000     
      2      7      1     11  9.347951647286162E-002
      5      7      1     11  -4.42600000000000     
      1      8      1     11  9.347951647286162E-002
      4      8      1     11   1.70195000000000     
      6      9      1     11   2.31699762386312     
      2     10      1     11 -0.139549999999998     
      5     10      1     11 -0.266465874621039     
      1     11      1     11  -5.60970000000000     
      4     11      1     11  -1.02526587462104     
      3     12      1     11   1.55819762386312     
      6      7      2     11   1.47393193597093     
      2      8      2     11 -9.347951647286162E-002
      5      8      2     11  -3.57502500000000     
      6     10      2     11 -0.461532433326918     
      2     11      2     11  -5.67947500000000     
      5     11      2     11   1.29173174924208     
      1     12      2     11 -0.120853845098117     
      4     12      2     11  -1.77581258611018     
      1      7      3     11   1.69651584961650     
      4      7      3     11   1.77581258611018     
      3      8      3     11  -1.55819762386312     
      2      9      3     11  -2.31699762386312     
      5      9      3     11  -3.06233000000000     
      1     10      3     11  0.461532433326918     
      4     10      3     11 -0.228942475744450     
      3     11      3     11  -5.01443000000000     
      2      7      4     11  -1.80609192508715     
      5      7      4     11 -0.266465874621039     
      1      8      4     11  0.826608042626600     
      4      8      4     11   1.02526587462104     
      6      9      4     11 -0.570934999999998     
      2     10      4     11  0.266465874621039     
      5     10      4     11  -2.75575500000000     
      1     11      4     11  -1.02526587462104     
      4     11      4     11  -5.65145500000000     
      3     12      4     11  0.372665000000002     
      6      7      5     11  -2.23734501943710     
      2      8      5     11  -1.95896776492111     
      5      8      5     11   1.29173174924208     
      6     10      5     11 -0.228942475744450     
      2     11      5     11   1.29173174924208     
      5     11      5     11  -8.20894000000000     
      1     12      5     11  -2.23734501943710     
      4     12      5     11 -0.228942475744450     
      6      8      6     11 -0.758800000000000     
      6     11      6     11  -5.21270000000000     
      2     12      6     11  0.758800000000000     
      5     12      6     11  -3.26060000000000     
      7      8      7     11  0.000000000000000E+000
      8     10      7     11  -1.84150000000000     
      7     11      7     11  -1.18370000000000     
     10     11      7     11 -0.758800000000000     
      9     12      7     11 -0.758800000000000     
      8     11      8     11  -2.10445000000000     
      7     12      8     11  -1.59478578106904     
     10     12      8     11  -1.31428015278326     
      8      9      9     11 -0.758800000000000     
      7     10      9     11  -1.31428015278326     
      9     11      9     11  -1.95210000000000     
      7      8     10     11   2.63269996771375     
      8     10     10     11 -0.758800000000000     
      7     11     10     11 -0.758800000000000     
     10     11     10     11  -2.89570000000000     
      9     12     10     11  0.943600000000000     
      6      7      1     12  -5.27697500000000     
      2      8      1     12  0.161911271997968     
      5      8      1     12   1.47393193597093     
      6     10      1     12   2.31699762386312     
      2     11      1     12 -0.120853845098117     
      5     11      1     12  -2.23734501943710     
      1     12      1     12  -5.53992500000000     
      4     12      1     12   1.55819762386312     
      6      8      2     12  -2.72405000000000     
      6     11      2     12  0.758800000000000     
      2     12      2     12  -5.74925000000000     
      5     12      2     12 -0.758800000000000     
      2      7      3     12   2.78557580754771     
      5      7      3     12   2.31699762386312     
      1      8      3     12  0.152875839833954     
      4      8      3     12  -1.55819762386312     
      6      9      3     12  -2.49139500000000     
      2     10      3     12  -2.31699762386312     
      5     10      3     12 -0.570934999999998     
      1     11      3     12   1.55819762386312     
      4     11      3     12  0.372665000000002     
      3     12      3     12  -5.38709500000000     
      6      7      4     12   2.31699762386312     
      2      8      4     12   1.69651584961650     
      5      8      4     12 -0.461532433326918     
      6     10      4     12  -3.06233000000000     
      2     11      4     12  -1.77581258611018     
      5     11      4     12 -0.228942475744450     
      1     12      4     12   1.55819762386312     
      4     12      4     12  -5.01443000000000     
      6      8      5     12  0.758800000000000     
      6     11      5     12  -3.26060000000000     
      2     12      5     12 -0.758800000000000     
      5     12      5     12  -5.21269999999999     
      6     12      6     12  -8.47330000000000     
      8     11      7     12  -1.59478578106904     
      7     12      7     12 -0.262950000000000     
     10     12      7     12 -0.758800000000000     
      8     12      8     12  -3.02520000000000     
     11     12      8     12  -1.51760000000000     
      7      8      9     12  -2.63269996771375     
      8     10      9     12 -0.758800000000000     
      7     11      9     12 -0.758800000000000     
     10     11      9     12  0.943600000000000     
      9     12      9     12  -2.89570000000000     
      8     11     10     12  -1.31428015278326     
      7     12     10     12 -0.758800000000000     
     10     12     10     12  -1.95210000000000     
      8     12     11     12  -1.51760000000000     
     11     12     11     12  -1.95210000000000     
