      1      1      1      1           2           0   5.33038636029322     
      1      1      1      1           0           0  -11.6457000000000     
      1      1      1      2           2           0 -0.323822543995936     
      1      1      2      1           2           0 -0.323822543995936     
      1      1      2      2           4           0  -6.22873686215554     
      1      1      2      2           2           0   1.96130457145867     
      1      2      1      1           2           0  0.323822543995936     
      1      2      1      2           2           0  0.382173414499229     
      1      2      1      2           0           0  -15.9653043930033     
      1      2      2      1           4           0   11.7996748155670     
      1      2      2      1           2           0  -3.24426106638707     
      1      2      2      2           4           0   7.32698982460555     
      1      2      2      2           2           0   1.45949370335286     
      2      1      1      1           2           0  0.323822543995936     
      2      1      1      2           4           0   11.7996748155670     
      2      1      1      2           2           0  -3.24426106638707     
      2      1      2      1           2           0  0.382173414499229     
      2      1      2      1           0           0  -15.9653043930033     
      2      1      2      2           4           0   7.32698982460555     
      2      1      2      2           2           0   1.45949370335286     
      2      2      1      1           4           0  -6.22873686215555     
      2      2      1      1           2           0   1.96130457145867     
      2      2      1      2           4           0  -7.32698982460556     
      2      2      1      2           2           0  -1.45949370335286     
      2      2      2      1           4           0  -7.32698982460556     
      2      2      2      1           2           0  -1.45949370335286     
      2      2      2      2           6           0   6.59161158762977     
      2      2      2      2           4           0  -8.12422752027078     
      2      2      2      2           2           0   5.45993510044534     
      2      2      2      2           0           0  -24.0875250000000     
      1      1      1      1           2           0   5.33038636029322     
      1      1      1      1           0           0  -11.6457000000000     
      1      1      1      2           2           0 -0.323822543995936     
      1      1      2      1           2           0 -0.323822543995936     
      1      1      2      2           4           0  -6.22873686215554     
      1      1      2      2           2           0   1.96130457145867     
      1      2      1      1           2           0  0.323822543995936     
      1      2      1      2           2           0  0.382173414499229     
      1      2      1      2           0           0  -15.9653043930033     
      1      2      2      1           4           0   11.7996748155670     
      1      2      2      1           2           0  -3.24426106638707     
      1      2      2      2           4           0   7.32698982460555     
      1      2      2      2           2           0   1.45949370335286     
      2      1      1      1           2           0  0.323822543995936     
      2      1      1      2           4           0   11.7996748155670     
      2      1      1      2           2           0  -3.24426106638707     
      2      1      2      1           2           0  0.382173414499229     
      2      1      2      1           0           0  -15.9653043930033     
      2      1      2      2           4           0   7.32698982460555     
      2      1      2      2           2           0   1.45949370335286     
      2      2      1      1           4           0  -6.22873686215555     
      2      2      1      1           2           0   1.96130457145867     
      2      2      1      2           4           0  -7.32698982460556     
      2      2      1      2           2           0  -1.45949370335286     
      2      2      2      1           4           0  -7.32698982460556     
      2      2      2      1           2           0  -1.45949370335286     
      2      2      2      2           6           0   6.59161158762977     
      2      2      2      2           4           0  -8.12422752027078     
      2      2      2      2           2           0   5.45993510044534     
      2      2      2      2           0           0  -24.0875250000000     
          60           6
   1   1   3   3   0   0   0   0-11.6457   1   1
   1   1   3   3   2   0   0   0  5.3304   1   1
   1   1   3   4   2   0   0   0 -0.3238   1   1
   1   1   4   3   2   0   0   0  0.3238   1   1
   1   1   4   4   0   0   0   0-15.9653   1   1
   1   1   4   4   2   0   0   0  0.3822   1   1
   1   2   3   3   2   0   0   0 -0.3238   1   1
   1   2   3   4   2   0   0   0  1.9613   1   1
   1   2   3   4   4   0   0   0 -6.2287   1   1
   1   2   4   3   2   0   0   0 -3.2443   1   1
   1   2   4   3   4   0   0   0 11.7997   1   1
   1   2   4   4   2   0   0   0  1.4595   1   1
   1   2   4   4   4   0   0   0  7.3270   1   1
   2   1   3   3   2   0   0   0  0.3238   1   1
   2   1   3   4   2   0   0   0 -3.2443   1   1
   2   1   3   4   4   0   0   0 11.7997   1   1
   2   1   4   3   2   0   0   0  1.9613   1   1
   2   1   4   3   4   0   0   0 -6.2287   1   1
   2   1   4   4   2   0   0   0 -1.4595   1   1
   2   1   4   4   4   0   0   0 -7.3270   1   1
   2   2   3   3   0   0   0   0-15.9653   1   1
   2   2   3   3   2   0   0   0  0.3822   1   1
   2   2   3   4   2   0   0   0  1.4595   1   1
   2   2   3   4   4   0   0   0  7.3270   1   1
   2   2   4   3   2   0   0   0 -1.4595   1   1
   2   2   4   3   4   0   0   0 -7.3270   1   1
   2   2   4   4   0   0   0   0-24.0875   1   1
   2   2   4   4   2   0   0   0  5.4599   1   1
   2   2   4   4   4   0   0   0 -8.1242   1   1
   2   2   4   4   6   0   0   0  6.5916   1   1
   3   3   1   1   0   0   0   0-11.6457   1   1
   3   3   1   1   2   0   0   0  5.3304   1   1
   3   3   1   2   2   0   0   0 -0.3238   1   1
   3   3   2   1   2   0   0   0  0.3238   1   1
   3   3   2   2   0   0   0   0-15.9653   1   1
   3   3   2   2   2   0   0   0  0.3822   1   1
   3   4   1   1   2   0   0   0 -0.3238   1   1
   3   4   1   2   2   0   0   0  1.9613   1   1
   3   4   1   2   4   0   0   0 -6.2287   1   1
   3   4   2   1   2   0   0   0 -3.2443   1   1
   3   4   2   1   4   0   0   0 11.7997   1   1
   3   4   2   2   2   0   0   0  1.4595   1   1
   3   4   2   2   4   0   0   0  7.3270   1   1
   4   3   1   1   2   0   0   0  0.3238   1   1
   4   3   1   2   2   0   0   0 -3.2443   1   1
   4   3   1   2   4   0   0   0 11.7997   1   1
   4   3   2   1   2   0   0   0  1.9613   1   1
   4   3   2   1   4   0   0   0 -6.2287   1   1
   4   3   2   2   2   0   0   0 -1.4595   1   1
   4   3   2   2   4   0   0   0 -7.3270   1   1
   4   4   1   1   0   0   0   0-15.9653   1   1
   4   4   1   1   2   0   0   0  0.3822   1   1
   4   4   1   2   2   0   0   0  1.4595   1   1
   4   4   1   2   4   0   0   0  7.3270   1   1
   4   4   2   1   2   0   0   0 -1.4595   1   1
   4   4   2   1   4   0   0   0 -7.3270   1   1
   4   4   2   2   0   0   0   0-24.0875   1   1
   4   4   2   2   2   0   0   0  5.4599   1   1
   4   4   2   2   4   0   0   0 -8.1242   1   1
   4   4   2   2   6   0   0   0  6.5916   1   1
