 ! Total Interaction
  20
   1   1   1   1     1     0  -7.3616
   1   2   1   1     1     0  -0.2644
   2   2   1   1     1     0   3.0974
   1   1   1   2     1     0  -0.2644
   1   2   1   2     1     0 -11.5981
   2   2   1   2     1     0  -5.7768
   1   1   2   2     1     0   3.0974
   1   2   2   2     1     0  -5.7768
   2   2   2   2     1     0  -7.8124
   1   2   1   2     2     0  -8.4733
   2   2   2   2     3     0  -8.4733
   1   1   1   1     0     1  -1.2066
   2   2   1   1     0     1  -3.7232
   1   1   2   2     0     1  -3.7232
   2   2   2   2     0     1  -3.8393
   1   2   1   2     1     1   0.6578
   1   2   1   2     2     1  -3.0252
   2   2   1   2     2     1   1.5176
   1   2   2   2     2     1   1.5176
   2   2   2   2     2     1  -1.9521
