      1      1      1      1           2           0   4.80436253003455     
      1      1      1      1           0           0  -10.8970000000000     
      1      1      1      2           2           0 -0.421557184732985     
      1      1      2      1           2           0 -0.421557184732985     
      1      1      2      2           4           0  -6.20751677801804     
      1      1      2      2           2           0   2.45908016148815     
      1      2      1      1           2           0  0.421557184732985     
      1      2      1      2           2           0  5.093819784798237E-002
      1      2      1      2           0           0  -15.2415452471198     
      1      2      2      1           4           0   11.3013670667811     
      1      2      2      1           2           0  -3.21057267817986     
      1      2      2      2           4           0   7.56653385496406     
      1      2      2      2           2           0   1.81177145956180     
      2      1      1      1           2           0  0.421557184732985     
      2      1      1      2           4           0   11.3013670667811     
      2      1      1      2           2           0  -3.21057267817986     
      2      1      2      1           2           0  5.093819784798237E-002
      2      1      2      1           0           0  -15.2415452471198     
      2      1      2      2           4           0   7.56653385496406     
      2      1      2      2           2           0   1.81177145956180     
      2      2      1      1           4           0  -6.20751677801804     
      2      2      1      1           2           0   2.45908016148815     
      2      2      1      2           4           0  -7.56653385496406     
      2      2      1      2           2           0  -1.81177145956180     
      2      2      2      1           4           0  -7.56653385496406     
      2      2      2      1           2           0  -1.81177145956180     
      2      2      2      2           6           0   6.02708763038792     
      2      2      2      2           4           0  -7.83378465067333     
      2      2      2      2           2           0   5.43608476082511     
      2      2      2      2           0           0  -22.6172750000000     
      1      1      1      1           2           0   4.80436253003455     
      1      1      1      1           0           0  -10.8970000000000     
      1      1      1      2           2           0 -0.421557184732985     
      1      1      2      1           2           0 -0.421557184732985     
      1      1      2      2           4           0  -6.20751677801804     
      1      1      2      2           2           0   2.45908016148815     
      1      2      1      1           2           0  0.421557184732985     
      1      2      1      2           2           0  5.093819784798237E-002
      1      2      1      2           0           0  -15.2415452471198     
      1      2      2      1           4           0   11.3013670667811     
      1      2      2      1           2           0  -3.21057267817986     
      1      2      2      2           4           0   7.56653385496406     
      1      2      2      2           2           0   1.81177145956180     
      2      1      1      1           2           0  0.421557184732985     
      2      1      1      2           4           0   11.3013670667811     
      2      1      1      2           2           0  -3.21057267817986     
      2      1      2      1           2           0  5.093819784798237E-002
      2      1      2      1           0           0  -15.2415452471198     
      2      1      2      2           4           0   7.56653385496406     
      2      1      2      2           2           0   1.81177145956180     
      2      2      1      1           4           0  -6.20751677801804     
      2      2      1      1           2           0   2.45908016148815     
      2      2      1      2           4           0  -7.56653385496406     
      2      2      1      2           2           0  -1.81177145956180     
      2      2      2      1           4           0  -7.56653385496406     
      2      2      2      1           2           0  -1.81177145956180     
      2      2      2      2           6           0   6.02708763038792     
      2      2      2      2           4           0  -7.83378465067333     
      2      2      2      2           2           0   5.43608476082511     
      2      2      2      2           0           0  -22.6172750000000     
          60           6
   1   1   3   3   0   0   0   0-10.8970   1   1
   1   1   3   3   2   0   0   0  4.8044   1   1
   1   1   3   4   2   0   0   0 -0.4216   1   1
   1   1   4   3   2   0   0   0  0.4216   1   1
   1   1   4   4   0   0   0   0-15.2415   1   1
   1   1   4   4   2   0   0   0  0.0509   1   1
   1   2   3   3   2   0   0   0 -0.4216   1   1
   1   2   3   4   2   0   0   0  2.4591   1   1
   1   2   3   4   4   0   0   0 -6.2075   1   1
   1   2   4   3   2   0   0   0 -3.2106   1   1
   1   2   4   3   4   0   0   0 11.3014   1   1
   1   2   4   4   2   0   0   0  1.8118   1   1
   1   2   4   4   4   0   0   0  7.5665   1   1
   2   1   3   3   2   0   0   0  0.4216   1   1
   2   1   3   4   2   0   0   0 -3.2106   1   1
   2   1   3   4   4   0   0   0 11.3014   1   1
   2   1   4   3   2   0   0   0  2.4591   1   1
   2   1   4   3   4   0   0   0 -6.2075   1   1
   2   1   4   4   2   0   0   0 -1.8118   1   1
   2   1   4   4   4   0   0   0 -7.5665   1   1
   2   2   3   3   0   0   0   0-15.2415   1   1
   2   2   3   3   2   0   0   0  0.0509   1   1
   2   2   3   4   2   0   0   0  1.8118   1   1
   2   2   3   4   4   0   0   0  7.5665   1   1
   2   2   4   3   2   0   0   0 -1.8118   1   1
   2   2   4   3   4   0   0   0 -7.5665   1   1
   2   2   4   4   0   0   0   0-22.6173   1   1
   2   2   4   4   2   0   0   0  5.4361   1   1
   2   2   4   4   4   0   0   0 -7.8338   1   1
   2   2   4   4   6   0   0   0  6.0271   1   1
   3   3   1   1   0   0   0   0-10.8970   1   1
   3   3   1   1   2   0   0   0  4.8044   1   1
   3   3   1   2   2   0   0   0 -0.4216   1   1
   3   3   2   1   2   0   0   0  0.4216   1   1
   3   3   2   2   0   0   0   0-15.2415   1   1
   3   3   2   2   2   0   0   0  0.0509   1   1
   3   4   1   1   2   0   0   0 -0.4216   1   1
   3   4   1   2   2   0   0   0  2.4591   1   1
   3   4   1   2   4   0   0   0 -6.2075   1   1
   3   4   2   1   2   0   0   0 -3.2106   1   1
   3   4   2   1   4   0   0   0 11.3014   1   1
   3   4   2   2   2   0   0   0  1.8118   1   1
   3   4   2   2   4   0   0   0  7.5665   1   1
   4   3   1   1   2   0   0   0  0.4216   1   1
   4   3   1   2   2   0   0   0 -3.2106   1   1
   4   3   1   2   4   0   0   0 11.3014   1   1
   4   3   2   1   2   0   0   0  2.4591   1   1
   4   3   2   1   4   0   0   0 -6.2075   1   1
   4   3   2   2   2   0   0   0 -1.8118   1   1
   4   3   2   2   4   0   0   0 -7.5665   1   1
   4   4   1   1   0   0   0   0-15.2415   1   1
   4   4   1   1   2   0   0   0  0.0509   1   1
   4   4   1   2   2   0   0   0  1.8118   1   1
   4   4   1   2   4   0   0   0  7.5665   1   1
   4   4   2   1   2   0   0   0 -1.8118   1   1
   4   4   2   1   4   0   0   0 -7.5665   1   1
   4   4   2   2   0   0   0   0-22.6173   1   1
   4   4   2   2   2   0   0   0  5.4361   1   1
   4   4   2   2   4   0   0   0 -7.8338   1   1
   4   4   2   2   6   0   0   0  6.0271   1   1
