 ! Total Interaction
  20
   1   1   1   1     1     0  -6.8354
   1   2   1   1     1     0  -0.3442
   2   2   1   1     1     0   3.3171
   1   1   1   2     1     0  -0.3442
   1   2   1   2     1     0 -11.2197
   2   2   1   2     1     0  -6.0900
   1   1   2   2     1     0   3.3171
   1   2   2   2     1     0  -6.0900
   2   2   2   2     1     0  -7.1959
   1   2   1   2     2     0  -8.0564
   2   2   2   2     3     0  -8.0564
   1   1   1   1     0     1  -1.2878
   2   2   1   1     0     1  -3.4016
   1   1   2   2     0     1  -3.4016
   2   2   2   2     0     1  -3.6931
   1   2   1   2     1     1   0.4888
   1   2   1   2     2     1  -2.7489
   2   2   1   2     2     1   1.4004
   1   2   2   2     2     1   1.4004
   2   2   2   2     2     1  -1.7587
