      1      1      1      1           2           0   4.60682213543132     
      1      1      1      1           0           0  -10.5956500000000     
      1      1      1      2           2           0 -0.447521776006487     
      1      1      2      1           2           0 -0.447521776006487     
      1      1      2      2           4           0  -6.16409834768637     
      1      1      2      2           2           0   2.60159917743878     
      1      2      1      1           2           0  0.447521776006487     
      1      2      1      2           2           0 -6.011255068618970E-002
      1      2      1      2           0           0  -14.9209783878689     
      1      2      2      1           4           0   11.0797168285115     
      1      2      2      1           2           0  -3.18108451318100     
      1      2      2      2           4           0   7.60027532894125     
      1      2      2      2           2           0   1.91450593738617     
      2      1      1      1           2           0  0.447521776006487     
      2      1      1      2           4           0   11.0797168285115     
      2      1      1      2           2           0  -3.18108451318100     
      2      1      2      1           2           0 -6.011255068618970E-002
      2      1      2      1           0           0  -14.9209783878689     
      2      1      2      2           4           0   7.60027532894125     
      2      1      2      2           2           0   1.91450593738617     
      2      2      1      1           4           0  -6.16409834768637     
      2      2      1      1           2           0   2.60159917743878     
      2      2      1      2           4           0  -7.60027532894126     
      2      2      1      2           2           0  -1.91450593738617     
      2      2      2      1           4           0  -7.60027532894126     
      2      2      2      1           2           0  -1.91450593738617     
      2      2      2      2           6           0   5.81624770840918     
      2      2      2      2           4           0  -7.70067152397277     
      2      2      2      2           2           0   5.39020273493261     
      2      2      2      2           0           0  -22.0152250000000     
      1      1      1      1           2           0   4.60682213543132     
      1      1      1      1           0           0  -10.5956500000000     
      1      1      1      2           2           0 -0.447521776006487     
      1      1      2      1           2           0 -0.447521776006487     
      1      1      2      2           4           0  -6.16409834768637     
      1      1      2      2           2           0   2.60159917743878     
      1      2      1      1           2           0  0.447521776006487     
      1      2      1      2           2           0 -6.011255068618970E-002
      1      2      1      2           0           0  -14.9209783878689     
      1      2      2      1           4           0   11.0797168285115     
      1      2      2      1           2           0  -3.18108451318100     
      1      2      2      2           4           0   7.60027532894125     
      1      2      2      2           2           0   1.91450593738617     
      2      1      1      1           2           0  0.447521776006487     
      2      1      1      2           4           0   11.0797168285115     
      2      1      1      2           2           0  -3.18108451318100     
      2      1      2      1           2           0 -6.011255068618970E-002
      2      1      2      1           0           0  -14.9209783878689     
      2      1      2      2           4           0   7.60027532894125     
      2      1      2      2           2           0   1.91450593738617     
      2      2      1      1           4           0  -6.16409834768637     
      2      2      1      1           2           0   2.60159917743878     
      2      2      1      2           4           0  -7.60027532894126     
      2      2      1      2           2           0  -1.91450593738617     
      2      2      2      1           4           0  -7.60027532894126     
      2      2      2      1           2           0  -1.91450593738617     
      2      2      2      2           6           0   5.81624770840918     
      2      2      2      2           4           0  -7.70067152397277     
      2      2      2      2           2           0   5.39020273493261     
      2      2      2      2           0           0  -22.0152250000000     
          60           6
   1   1   3   3   0   0   0   0-10.5957   1   1
   1   1   3   3   2   0   0   0  4.6068   1   1
   1   1   3   4   2   0   0   0 -0.4475   1   1
   1   1   4   3   2   0   0   0  0.4475   1   1
   1   1   4   4   0   0   0   0-14.9210   1   1
   1   1   4   4   2   0   0   0 -0.0601   1   1
   1   2   3   3   2   0   0   0 -0.4475   1   1
   1   2   3   4   2   0   0   0  2.6016   1   1
   1   2   3   4   4   0   0   0 -6.1641   1   1
   1   2   4   3   2   0   0   0 -3.1811   1   1
   1   2   4   3   4   0   0   0 11.0797   1   1
   1   2   4   4   2   0   0   0  1.9145   1   1
   1   2   4   4   4   0   0   0  7.6003   1   1
   2   1   3   3   2   0   0   0  0.4475   1   1
   2   1   3   4   2   0   0   0 -3.1811   1   1
   2   1   3   4   4   0   0   0 11.0797   1   1
   2   1   4   3   2   0   0   0  2.6016   1   1
   2   1   4   3   4   0   0   0 -6.1641   1   1
   2   1   4   4   2   0   0   0 -1.9145   1   1
   2   1   4   4   4   0   0   0 -7.6003   1   1
   2   2   3   3   0   0   0   0-14.9210   1   1
   2   2   3   3   2   0   0   0 -0.0601   1   1
   2   2   3   4   2   0   0   0  1.9145   1   1
   2   2   3   4   4   0   0   0  7.6003   1   1
   2   2   4   3   2   0   0   0 -1.9145   1   1
   2   2   4   3   4   0   0   0 -7.6003   1   1
   2   2   4   4   0   0   0   0-22.0152   1   1
   2   2   4   4   2   0   0   0  5.3902   1   1
   2   2   4   4   4   0   0   0 -7.7007   1   1
   2   2   4   4   6   0   0   0  5.8162   1   1
   3   3   1   1   0   0   0   0-10.5957   1   1
   3   3   1   1   2   0   0   0  4.6068   1   1
   3   3   1   2   2   0   0   0 -0.4475   1   1
   3   3   2   1   2   0   0   0  0.4475   1   1
   3   3   2   2   0   0   0   0-14.9210   1   1
   3   3   2   2   2   0   0   0 -0.0601   1   1
   3   4   1   1   2   0   0   0 -0.4475   1   1
   3   4   1   2   2   0   0   0  2.6016   1   1
   3   4   1   2   4   0   0   0 -6.1641   1   1
   3   4   2   1   2   0   0   0 -3.1811   1   1
   3   4   2   1   4   0   0   0 11.0797   1   1
   3   4   2   2   2   0   0   0  1.9145   1   1
   3   4   2   2   4   0   0   0  7.6003   1   1
   4   3   1   1   2   0   0   0  0.4475   1   1
   4   3   1   2   2   0   0   0 -3.1811   1   1
   4   3   1   2   4   0   0   0 11.0797   1   1
   4   3   2   1   2   0   0   0  2.6016   1   1
   4   3   2   1   4   0   0   0 -6.1641   1   1
   4   3   2   2   2   0   0   0 -1.9145   1   1
   4   3   2   2   4   0   0   0 -7.6003   1   1
   4   4   1   1   0   0   0   0-14.9210   1   1
   4   4   1   1   2   0   0   0 -0.0601   1   1
   4   4   1   2   2   0   0   0  1.9145   1   1
   4   4   1   2   4   0   0   0  7.6003   1   1
   4   4   2   1   2   0   0   0 -1.9145   1   1
   4   4   2   1   4   0   0   0 -7.6003   1   1
   4   4   2   2   0   0   0   0-22.0152   1   1
   4   4   2   2   2   0   0   0  5.3902   1   1
   4   4   2   2   4   0   0   0 -7.7007   1   1
   4   4   2   2   6   0   0   0  5.8162   1   1
