 ! Total Interaction
  20
   1   1   1   1     1     0  -6.6277
   1   2   1   1     1     0  -0.3654
   2   2   1   1     1     0   3.3668
   1   1   1   2     1     0  -0.3654
   1   2   1   2     1     0 -11.0374
   2   2   1   2     1     0  -6.1558
   1   1   2   2     1     0   3.3668
   1   2   2   2     1     0  -6.1558
   2   2   2   2     1     0  -6.9614
   1   2   1   2     2     0  -7.8751
   2   2   2   2     3     0  -7.8751
   1   1   1   1     0     1  -1.3082
   2   2   1   1     0     1  -3.2800
   1   1   2   2     0     1  -3.2800
   2   2   2   2     0     1  -3.6275
   1   2   1   2     1     1   0.4318
   1   2   1   2     2     1  -2.6427
   2   2   1   2     2     1   1.3548
   1   2   2   2     2     1   1.3548
   2   2   2   2     2     1  -1.6847
