      1      2      1      2  -1.30820000000000     
      2      4      1      2  0.000000000000000E+000
      1      5      1      2  0.000000000000000E+000
      4      5      1      2   2.31931024229188     
      3      6      1      2  -2.31931024229188     
      1      3      1      3  -2.64270000000000     
      3      4      1      3  -1.35480000000000     
      2      3      2      3 -0.336825000000000     
      1      4      2      3  -1.33129755196763     
      3      5      2      3 -0.677400000000000     
      2      3      1      4  -1.33129755196763     
      1      4      1      4  -1.87407500000000     
      3      5      1      4  -1.17329121704716     
      1      2      2      4  0.000000000000000E+000
      2      4      2      4  -1.10545000000000     
      1      5      2      4  -1.53725000000000     
      4      5      2      4 -0.677400000000000     
      3      6      2      4 -0.677400000000000     
      1      3      3      4  -1.35480000000000     
      3      4      3      4  -1.68470000000000     
      1      2      1      5  0.000000000000000E+000
      2      4      1      5  -1.53725000000000     
      1      5      1      5  -1.10545000000000     
      4      5      1      5 -0.677400000000000     
      3      6      1      5 -0.677400000000000     
      2      5      2      5  -1.87407500000000     
      1      6      2      5  -1.33129755196763     
      4      6      2      5  -1.17329121704716     
      2      3      3      5 -0.677400000000000     
      1      4      3      5  -1.17329121704716     
      3      5      3      5  -1.68470000000000     
      1      2      4      5   2.31931024229188     
      2      4      4      5 -0.677400000000000     
      1      5      4      5 -0.677400000000000     
      4      5      4      5  -2.65610000000000     
      3      6      4      5  0.971400000000000     
      2      5      1      6  -1.33129755196763     
      1      6      1      6 -0.336825000000000     
      4      6      1      6 -0.677400000000000     
      2      6      2      6  -2.64270000000000     
      5      6      2      6  -1.35480000000000     
      1      2      3      6  -2.31931024229188     
      2      4      3      6 -0.677400000000000     
      1      5      3      6 -0.677400000000000     
      4      5      3      6  0.971400000000000     
      3      6      3      6  -2.65610000000000     
      2      5      4      6  -1.17329121704716     
      1      6      4      6 -0.677400000000000     
      4      6      4      6  -1.68470000000000     
      2      6      5      6  -1.35480000000000     
      5      6      5      6  -1.68470000000000     
      1      7      1      7  -6.62770000000000     
      4      7      1      7  0.129188408922782     
      3      8      1      7 -0.223760888003243     
      2      9      1      7 -0.223760888003243     
      5      9      1      7   1.84407230660839     
      1     10      1      7  0.129188408922782     
      4     10      1      7  -2.12935128525098     
      3     11      1      7   1.84407230660839     
      2      7      2      7  -3.96795000000000     
      5      7      2      7  0.129188408922782     
      1      8      2      7  -2.65975000000000     
      4      8      2      7 -0.129188408922782     
      6      9      2      7  0.437358342792297     
      2     10      2      7 -0.129188408922782     
      5     10      2      7  0.627317299833193     
      1     11      2      7  0.129188408922782     
      4     11      2      7  -1.69199294245868     
      3     12      2      7   2.75666858508417     
      3      7      3      7  -5.25890000000000     
      1      9      3      7  -2.61620000000000     
      4      9      3      7 -0.677400000000000     
      3     10      3      7  0.677400000000000     
      1      7      4      7  0.129188408922782     
      4      7      4      7  -5.26987500000000     
      3      8      4      7  1.900925761306960E-002
      2      9      4      7   1.35030680958070     
      5      9      4      7  0.605419935605603     
      1     10      4      7  -3.39580000000000     
      4     10      4      7  -1.37647872558932     
      3     11      4      7   1.77871115265276     
      2      7      5      7  0.129188408922782     
      5      7      5      7  -5.28085000000000     
      1      8      5      7  0.129188408922782     
      4      8      5      7  2.195000000000136E-002
      6      9      5      7   1.72601808838398     
      2     10      5      7   1.55920000000000     
      5     10      5      7  -1.02693936279466     
      1     11      5      7  -4.17540000000000     
      4     11      5      7 -0.349539362794661     
      3     12      5      7   2.40341808838398     
      6      7      6      7  -5.29182500000000     
      2      8      6      7  0.223760888003243     
      5      8      6      7  1.900925761306915E-002
      6     10      6      7   1.72601808838398     
      2     11      6      7   1.35030680958070     
      5     11      6      7  -2.38413108825836     
      1     12      6      7  -4.95500000000000     
      4     12      6      7   2.40341808838398     
      2      7      1      8  -2.65975000000000     
      5      7      1      8  0.129188408922782     
      1      8      1      8  -3.96795000000000     
      4      8      1      8 -0.129188408922782     
      6      9      1      8   2.75666858508417     
      2     10      1      8 -0.129188408922782     
      5     10      1      8  -1.69199294245868     
      1     11      1      8  0.129188408922782     
      4     11      1      8  0.627317299833193     
      3     12      1      8  0.437358342792297     
      6      7      2      8  0.223760888003243     
      2      8      2      8  -6.62770000000000     
      5      8      2      8 -0.129188408922782     
      6     10      2      8   1.84407230660839     
      2     11      2      8 -0.129188408922782     
      5     11      2      8  -2.12935128525098     
      1     12      2      8  0.223760888003243     
      4     12      2      8   1.84407230660839     
      1      7      3      8 -0.223760888003243     
      4      7      3      8  1.900925761306915E-002
      3      8      3      8  -5.29182500000000     
      2      9      3      8  -4.95500000000000     
      5      9      3      8  -2.40341808838398     
      1     10      3      8   1.35030680958070     
      4     10      3      8   2.38413108825836     
      3     11      3      8  -1.72601808838398     
      2      7      4      8 -0.129188408922782     
      5      7      4      8  2.195000000000136E-002
      1      8      4      8 -0.129188408922782     
      4      8      4      8  -5.28085000000000     
      6      9      4      8  -2.40341808838398     
      2     10      4      8  -4.17540000000000     
      5     10      4      8  0.349539362794661     
      1     11      4      8   1.55920000000000     
      4     11      4      8   1.02693936279466     
      3     12      4      8  -1.72601808838398     
      6      7      5      8  1.900925761306960E-002
      2      8      5      8 -0.129188408922782     
      5      8      5      8  -5.26987500000000     
      6     10      5      8  -1.77871115265276     
      2     11      5      8  -3.39580000000000     
      5     11      5      8   1.37647872558932     
      1     12      5      8   1.35030680958070     
      4     12      5      8 -0.605419935605603     
      6      8      6      8  -5.25890000000000     
      6     11      6      8 -0.677400000000000     
      2     12      6      8  -2.61620000000000     
      5     12      6      8  0.677400000000000     
      7      8      7      8  -1.30820000000000     
      8     10      7      8  0.000000000000000E+000
      7     11      7      8  0.000000000000000E+000
     10     11      7      8   2.31931024229188     
      9     12      7      8  -2.31931024229188     
      3      7      1      9  -2.61620000000000     
      1      9      1      9  -5.25890000000000     
      4      9      1      9  0.677400000000000     
      3     10      1      9 -0.677400000000000     
      1      7      2      9 -0.223760888003243     
      4      7      2      9   1.35030680958070     
      3      8      2      9  -4.95500000000000     
      2      9      2      9  -5.29182500000000     
      5      9      2      9  -1.72601808838398     
      1     10      2      9  1.900925761306915E-002
      4     10      2      9   2.38413108825836     
      3     11      2      9  -2.40341808838398     
      3      9      3      9  -7.87510000000000     
      3      7      4      9 -0.677400000000000     
      1      9      4      9  0.677400000000000     
      4      9      4      9  -4.77990000000000     
      3     10      4      9  -3.09520000000000     
      1      7      5      9   1.84407230660839     
      4      7      5      9  0.605419935605602     
      3      8      5      9  -2.40341808838398     
      2      9      5      9  -1.72601808838398     
      5      9      5      9  -4.50579000000000     
      1     10      5      9   1.77871115265276     
      4     10      5      9 -0.316514964575133     
      3     11      5      9  -2.82109000000000     
      2      7      6      9  0.437358342792297     
      5      7      6      9   1.72601808838398     
      1      8      6      9   2.75666858508417     
      4      8      6      9  -2.40341808838398     
      6      9      6      9  -4.85443500000000     
      2     10      6      9  -1.72601808838398     
      5     10      6      9  0.348645000000002     
      1     11      6      9   2.40341808838398     
      4     11      6      9 -0.622754999999998     
      3     12      6      9  -2.19833500000000     
      7      9      7      9  -2.64270000000000     
      9     10      7      9  -1.35480000000000     
      8      9      8      9 -0.336825000000000     
      7     10      8      9  -1.33129755196763     
      9     11      8      9 -0.677400000000000     
      1      7      1     10  0.129188408922782     
      4      7      1     10  -3.39580000000000     
      3      8      1     10   1.35030680958070     
      2      9      1     10  1.900925761306960E-002
      5      9      1     10   1.77871115265276     
      1     10      1     10  -5.26987500000000     
      4     10      1     10  -1.37647872558932     
      3     11      1     10  0.605419935605603     
      2      7      2     10 -0.129188408922782     
      5      7      2     10   1.55920000000000     
      1      8      2     10 -0.129188408922782     
      4      8      2     10  -4.17540000000000     
      6      9      2     10  -1.72601808838398     
      2     10      2     10  -5.28085000000000     
      5     10      2     10   1.02693936279466     
      1     11      2     10  2.195000000000136E-002
      4     11      2     10  0.349539362794661     
      3     12      2     10  -2.40341808838398     
      3      7      3     10  0.677400000000000     
      1      9      3     10 -0.677400000000000     
      4      9      3     10  -3.09520000000000     
      3     10      3     10  -4.77990000000000     
      1      7      4     10  -2.12935128525098     
      4      7      4     10  -1.37647872558932     
      3      8      4     10   2.38413108825836     
      2      9      4     10   2.38413108825836     
      5      9      4     10 -0.316514964575132     
      1     10      4     10  -1.37647872558932     
      4     10      4     10  -7.50962000000000     
      3     11      4     10 -0.316514964575132     
      2      7      5     10  0.627317299833193     
      5      7      5     10  -1.02693936279466     
      1      8      5     10  -1.69199294245868     
      4      8      5     10  0.349539362794661     
      6      9      5     10  0.348645000000002     
      2     10      5     10   1.02693936279466     
      5     10      5     10  -5.21991500000000     
      1     11      5     10 -0.349539362794661     
      4     11      5     10  -2.56381500000000     
      3     12      5     10 -0.622754999999998     
      6      7      6     10   1.72601808838398     
      2      8      6     10   1.84407230660839     
      5      8      6     10  -1.77871115265276     
      6     10      6     10  -4.50579000000000     
      2     11      6     10 -0.605419935605602     
      5     11      6     10 -0.316514964575133     
      1     12      6     10   2.40341808838398     
      4     12      6     10  -2.82109000000000     
      8      9      7     10  -1.33129755196763     
      7     10      7     10  -1.87407500000000     
      9     11      7     10  -1.17329121704716     
      7      8      8     10  0.000000000000000E+000
      8     10      8     10  -1.10545000000000     
      7     11      8     10  -1.53725000000000     
     10     11      8     10 -0.677400000000000     
      9     12      8     10 -0.677400000000000     
      7      9      9     10  -1.35480000000000     
      9     10      9     10  -1.68470000000000     
      2      7      1     11  0.129188408922782     
      5      7      1     11  -4.17540000000000     
      1      8      1     11  0.129188408922782     
      4      8      1     11   1.55920000000000     
      6      9      1     11   2.40341808838398     
      2     10      1     11  2.195000000000136E-002
      5     10      1     11 -0.349539362794661     
      1     11      1     11  -5.28085000000000     
      4     11      1     11  -1.02693936279466     
      3     12      1     11   1.72601808838398     
      6      7      2     11   1.35030680958070     
      2      8      2     11 -0.129188408922782     
      5      8      2     11  -3.39580000000000     
      6     10      2     11 -0.605419935605603     
      2     11      2     11  -5.26987500000000     
      5     11      2     11   1.37647872558932     
      1     12      2     11  1.900925761306960E-002
      4     12      2     11  -1.77871115265276     
      1      7      3     11   1.84407230660839     
      4      7      3     11   1.77871115265276     
      3      8      3     11  -1.72601808838398     
      2      9      3     11  -2.40341808838398     
      5      9      3     11  -2.82109000000000     
      1     10      3     11  0.605419935605602     
      4     10      3     11 -0.316514964575133     
      3     11      3     11  -4.50579000000000     
      2      7      4     11  -1.69199294245868     
      5      7      4     11 -0.349539362794661     
      1      8      4     11  0.627317299833193     
      4      8      4     11   1.02693936279466     
      6      9      4     11 -0.622754999999998     
      2     10      4     11  0.349539362794661     
      5     10      4     11  -2.56381500000000     
      1     11      4     11  -1.02693936279466     
      4     11      4     11  -5.21991500000000     
      3     12      4     11  0.348645000000002     
      6      7      5     11  -2.38413108825836     
      2      8      5     11  -2.12935128525098     
      5      8      5     11   1.37647872558932     
      6     10      5     11 -0.316514964575132     
      2     11      5     11   1.37647872558932     
      5     11      5     11  -7.50962000000000     
      1     12      5     11  -2.38413108825836     
      4     12      5     11 -0.316514964575132     
      6      8      6     11 -0.677400000000000     
      6     11      6     11  -4.77990000000000     
      2     12      6     11  0.677400000000000     
      5     12      6     11  -3.09520000000000     
      7      8      7     11  0.000000000000000E+000
      8     10      7     11  -1.53725000000000     
      7     11      7     11  -1.10545000000000     
     10     11      7     11 -0.677400000000000     
      9     12      7     11 -0.677400000000000     
      8     11      8     11  -1.87407500000000     
      7     12      8     11  -1.33129755196763     
     10     12      8     11  -1.17329121704716     
      8      9      9     11 -0.677400000000000     
      7     10      9     11  -1.17329121704716     
      9     11      9     11  -1.68470000000000     
      7      8     10     11   2.31931024229188     
      8     10     10     11 -0.677400000000000     
      7     11     10     11 -0.677400000000000     
     10     11     10     11  -2.65610000000000     
      9     12     10     11  0.971400000000000     
      6      7      1     12  -4.95500000000000     
      2      8      1     12  0.223760888003243     
      5      8      1     12   1.35030680958070     
      6     10      1     12   2.40341808838398     
      2     11      1     12  1.900925761306915E-002
      5     11      1     12  -2.38413108825836     
      1     12      1     12  -5.29182500000000     
      4     12      1     12   1.72601808838398     
      6      8      2     12  -2.61620000000000     
      6     11      2     12  0.677400000000000     
      2     12      2     12  -5.25890000000000     
      5     12      2     12 -0.677400000000000     
      2      7      3     12   2.75666858508417     
      5      7      3     12   2.40341808838398     
      1      8      3     12  0.437358342792297     
      4      8      3     12  -1.72601808838398     
      6      9      3     12  -2.19833500000000     
      2     10      3     12  -2.40341808838398     
      5     10      3     12 -0.622754999999998     
      1     11      3     12   1.72601808838398     
      4     11      3     12  0.348645000000002     
      3     12      3     12  -4.85443500000000     
      6      7      4     12   2.40341808838398     
      2      8      4     12   1.84407230660839     
      5      8      4     12 -0.605419935605602     
      6     10      4     12  -2.82109000000000     
      2     11      4     12  -1.77871115265276     
      5     11      4     12 -0.316514964575133     
      1     12      4     12   1.72601808838398     
      4     12      4     12  -4.50579000000000     
      6      8      5     12  0.677400000000000     
      6     11      5     12  -3.09520000000000     
      2     12      5     12 -0.677400000000000     
      5     12      5     12  -4.77990000000000     
      6     12      6     12  -7.87510000000000     
      8     11      7     12  -1.33129755196763     
      7     12      7     12 -0.336825000000000     
     10     12      7     12 -0.677400000000000     
      8     12      8     12  -2.64270000000000     
     11     12      8     12  -1.35480000000000     
      7      8      9     12  -2.31931024229188     
      8     10      9     12 -0.677400000000000     
      7     11      9     12 -0.677400000000000     
     10     11      9     12  0.971400000000000     
      9     12      9     12  -2.65610000000000     
      8     11     10     12  -1.17329121704716     
      7     12     10     12 -0.677400000000000     
     10     12     10     12  -1.68470000000000     
      8     12     11     12  -1.35480000000000     
     11     12     11     12  -1.68470000000000     
