      1      2      1      2  -1.23660000000000     
      2      4      1      2  0.000000000000000E+000
      1      5      1      2  0.000000000000000E+000
      4      5      1      2   2.31195633176754     
      3      6      1      2  -2.31195633176754     
      1      3      1      3  -2.60060000000000     
      3      4      1      3 -0.840200000000000     
      2      3      2      3 -0.465500000000000     
      1      4      2      3  -1.23270055974677     
      3      5      2      3 -0.420100000000000     
      2      3      1      4  -1.23270055974677     
      1      4      1      4  -1.88890000000000     
      3      5      1      4 -0.727634544259686     
      1      2      2      4  0.000000000000000E+000
      2      4      2      4  -1.17720000000000     
      1      5      2      4  -1.42340000000000     
      4      5      2      4 -0.420100000000000     
      3      6      2      4 -0.420100000000000     
      1      3      3      4 -0.840200000000000     
      3      4      3      4  -2.00640000000000     
      1      2      1      5  0.000000000000000E+000
      2      4      1      5  -1.42340000000000     
      1      5      1      5  -1.17720000000000     
      4      5      1      5 -0.420100000000000     
      3      6      1      5 -0.420100000000000     
      2      5      2      5  -1.88890000000000     
      1      6      2      5  -1.23270055974677     
      4      6      2      5 -0.727634544259686     
      2      3      3      5 -0.420100000000000     
      1      4      3      5 -0.727634544259686     
      3      5      3      5  -2.00640000000000     
      1      2      4      5   2.31195633176754     
      2      4      4      5 -0.420100000000000     
      1      5      4      5 -0.420100000000000     
      4      5      4      5  -2.77745000000000     
      3      6      4      5  0.771050000000000     
      2      5      1      6  -1.23270055974677     
      1      6      1      6 -0.465500000000000     
      4      6      1      6 -0.420100000000000     
      2      6      2      6  -2.60060000000000     
      5      6      2      6 -0.840200000000000     
      1      2      3      6  -2.31195633176754     
      2      4      3      6 -0.420100000000000     
      1      5      3      6 -0.420100000000000     
      4      5      3      6  0.771050000000000     
      3      6      3      6  -2.77745000000000     
      2      5      4      6 -0.727634544259686     
      1      6      4      6 -0.420100000000000     
      4      6      4      6  -2.00640000000000     
      2      6      5      6 -0.840200000000000     
      5      6      5      6  -2.00640000000000     
      1      7      1      7  -7.24430000000000     
      4      7      1      7  0.577494108195054     
      3      8      1      7  -1.00024913646551     
      2      9      1      7  -1.00024913646551     
      5      9      1      7   2.91558194585575     
      1     10      1      7  0.577494108195054     
      4     10      1      7  -3.36662404256846     
      3     11      1      7   2.91558194585575     
      2      7      2      7  -4.24045000000000     
      5      7      2      7  0.577494108195054     
      1      8      2      7  -3.00385000000000     
      4      8      2      7 -0.577494108195054     
      6      9      2      7   1.36898986604258     
      2     10      2      7 -0.577494108195054     
      5     10      2      7  0.314322155241653     
      1     11      2      7  0.577494108195054     
      4     11      2      7  -1.99763417652588     
      3     12      2      7   3.68094619781011     
      3      7      3      7  -6.17245000000000     
      1      9      3      7  -3.57185000000000     
      4      9      3      7 -0.420100000000000     
      3     10      3      7  0.420100000000000     
      1      7      4      7  0.577494108195054     
      4      7      4      7  -6.04572500000000     
      3      8      4      7 -0.219494138589166     
      2      9      4      7   1.01320642115761     
      5      9      4      7   1.19767278847733     
      1     10      4      7  -4.15682500000000     
      4     10      4      7  -1.80305341365696     
      3     11      4      7   1.92530733273702     
      2      7      5      7  0.577494108195054     
      5      7      5      7  -5.91900000000000     
      1      8      5      7  0.577494108195054     
      4      8      5      7 -0.253449999999999     
      6      9      5      7   2.49453012048543     
      2     10      5      7   1.16995000000000     
      5     10      5      7  -1.11157670682848     
      1     11      5      7  -4.74180000000000     
      4     11      5      7 -0.691476706828478     
      3     12      5      7   2.91463012048543     
      6      7      6      7  -5.79227500000000     
      2      8      6      7   1.00024913646551     
      5      8      6      7 -0.219494138589165     
      6     10      6      7   2.49453012048543     
      2     11      6      7   1.01320642115761     
      5     11      6      7  -3.12298012121435     
      1     12      6      7  -5.32677500000000     
      4     12      6      7   2.91463012048543     
      2      7      1      8  -3.00385000000000     
      5      7      1      8  0.577494108195054     
      1      8      1      8  -4.24045000000000     
      4      8      1      8 -0.577494108195054     
      6      9      1      8   3.68094619781011     
      2     10      1      8 -0.577494108195054     
      5     10      1      8  -1.99763417652588     
      1     11      1      8  0.577494108195054     
      4     11      1      8  0.314322155241653     
      3     12      1      8   1.36898986604258     
      6      7      2      8   1.00024913646551     
      2      8      2      8  -7.24430000000000     
      5      8      2      8 -0.577494108195054     
      6     10      2      8   2.91558194585575     
      2     11      2      8 -0.577494108195054     
      5     11      2      8  -3.36662404256846     
      1     12      2      8   1.00024913646551     
      4     12      2      8   2.91558194585575     
      1      7      3      8  -1.00024913646551     
      4      7      3      8 -0.219494138589165     
      3      8      3      8  -5.79227500000000     
      2      9      3      8  -5.32677500000000     
      5      9      3      8  -2.91463012048543     
      1     10      3      8   1.01320642115761     
      4     10      3      8   3.12298012121435     
      3     11      3      8  -2.49453012048543     
      2      7      4      8 -0.577494108195054     
      5      7      4      8 -0.253449999999999     
      1      8      4      8 -0.577494108195054     
      4      8      4      8  -5.91900000000000     
      6      9      4      8  -2.91463012048543     
      2     10      4      8  -4.74180000000000     
      5     10      4      8  0.691476706828478     
      1     11      4      8   1.16995000000000     
      4     11      4      8   1.11157670682848     
      3     12      4      8  -2.49453012048543     
      6      7      5      8 -0.219494138589166     
      2      8      5      8 -0.577494108195054     
      5      8      5      8  -6.04572500000000     
      6     10      5      8  -1.92530733273702     
      2     11      5      8  -4.15682500000000     
      5     11      5      8   1.80305341365696     
      1     12      5      8   1.01320642115761     
      4     12      5      8  -1.19767278847733     
      6      8      6      8  -6.17245000000000     
      6     11      6      8 -0.420100000000000     
      2     12      6      8  -3.57185000000000     
      5     12      6      8  0.420100000000000     
      7      8      7      8  -1.23660000000000     
      8     10      7      8  0.000000000000000E+000
      7     11      7      8  0.000000000000000E+000
     10     11      7      8   2.31195633176754     
      9     12      7      8  -2.31195633176754     
      3      7      1      9  -3.57185000000000     
      1      9      1      9  -6.17245000000000     
      4      9      1      9  0.420100000000000     
      3     10      1      9 -0.420100000000000     
      1      7      2      9  -1.00024913646551     
      4      7      2      9   1.01320642115761     
      3      8      2      9  -5.32677500000000     
      2      9      2      9  -5.79227500000000     
      5      9      2      9  -2.49453012048543     
      1     10      2      9 -0.219494138589165     
      4     10      2      9   3.12298012121435     
      3     11      2      9  -2.91463012048543     
      3      9      3      9  -9.74430000000000     
      3      7      4      9 -0.420100000000000     
      1      9      4      9  0.420100000000000     
      4      9      4      9  -5.87535000000000     
      3     10      4      9  -3.86895000000000     
      1      7      5      9   2.91558194585575     
      4      7      5      9   1.19767278847733     
      3      8      5      9  -2.91463012048543     
      2      9      5      9  -2.49453012048543     
      5      9      5      9  -4.65030000000000     
      1     10      5      9   1.92530733273702     
      4     10      5      9  -1.41456589454150     
      3     11      5      9  -2.64390000000000     
      2      7      6      9   1.36898986604258     
      5      7      6      9   2.49453012048544     
      1      8      6      9   3.68094619781011     
      4      8      6      9  -2.91463012048543     
      6      9      6      9  -4.42330000000000     
      2     10      6      9  -2.49453012048544     
      5     10      6      9 -0.226999999999998     
      1     11      6      9   2.91463012048543     
      4     11      6      9 -0.998049999999998     
      3     12      6      9  -1.64585000000000     
      7      9      7      9  -2.60060000000000     
      9     10      7      9 -0.840200000000000     
      8      9      8      9 -0.465500000000000     
      7     10      8      9  -1.23270055974677     
      9     11      8      9 -0.420100000000000     
      1      7      1     10  0.577494108195054     
      4      7      1     10  -4.15682500000000     
      3      8      1     10   1.01320642115761     
      2      9      1     10 -0.219494138589166     
      5      9      1     10   1.92530733273702     
      1     10      1     10  -6.04572500000000     
      4     10      1     10  -1.80305341365696     
      3     11      1     10   1.19767278847733     
      2      7      2     10 -0.577494108195054     
      5      7      2     10   1.16995000000000     
      1      8      2     10 -0.577494108195054     
      4      8      2     10  -4.74180000000000     
      6      9      2     10  -2.49453012048543     
      2     10      2     10  -5.91900000000000     
      5     10      2     10   1.11157670682848     
      1     11      2     10 -0.253449999999999     
      4     11      2     10  0.691476706828478     
      3     12      2     10  -2.91463012048543     
      3      7      3     10  0.420100000000000     
      1      9      3     10 -0.420100000000000     
      4      9      3     10  -3.86894999999999     
      3     10      3     10  -5.87535000000000     
      1      7      4     10  -3.36662404256846     
      4      7      4     10  -1.80305341365696     
      3      8      4     10   3.12298012121435     
      2      9      4     10   3.12298012121435     
      5      9      4     10  -1.41456589454150     
      1     10      4     10  -1.80305341365696     
      4     10      4     10  -8.11090000000000     
      3     11      4     10  -1.41456589454150     
      2      7      5     10  0.314322155241653     
      5      7      5     10  -1.11157670682848     
      1      8      5     10  -1.99763417652588     
      4      8      5     10  0.691476706828478     
      6      9      5     10 -0.226999999999998     
      2     10      5     10   1.11157670682848     
      5     10      5     10  -6.05670000000000     
      1     11      5     10 -0.691476706828478     
      4     11      5     10  -3.27925000000000     
      3     12      5     10 -0.998049999999998     
      6      7      6     10   2.49453012048543     
      2      8      6     10   2.91558194585575     
      5      8      6     10  -1.92530733273702     
      6     10      6     10  -4.65030000000000     
      2     11      6     10  -1.19767278847733     
      5     11      6     10  -1.41456589454150     
      1     12      6     10   2.91463012048543     
      4     12      6     10  -2.64390000000000     
      8      9      7     10  -1.23270055974677     
      7     10      7     10  -1.88890000000000     
      9     11      7     10 -0.727634544259686     
      7      8      8     10  0.000000000000000E+000
      8     10      8     10  -1.17720000000000     
      7     11      8     10  -1.42340000000000     
     10     11      8     10 -0.420100000000000     
      9     12      8     10 -0.420100000000000     
      7      9      9     10 -0.840200000000000     
      9     10      9     10  -2.00640000000000     
      2      7      1     11  0.577494108195054     
      5      7      1     11  -4.74180000000000     
      1      8      1     11  0.577494108195054     
      4      8      1     11   1.16995000000000     
      6      9      1     11   2.91463012048543     
      2     10      1     11 -0.253449999999999     
      5     10      1     11 -0.691476706828478     
      1     11      1     11  -5.91900000000000     
      4     11      1     11  -1.11157670682848     
      3     12      1     11   2.49453012048543     
      6      7      2     11   1.01320642115761     
      2      8      2     11 -0.577494108195054     
      5      8      2     11  -4.15682500000000     
      6     10      2     11  -1.19767278847733     
      2     11      2     11  -6.04572500000000     
      5     11      2     11   1.80305341365696     
      1     12      2     11 -0.219494138589166     
      4     12      2     11  -1.92530733273702     
      1      7      3     11   2.91558194585575     
      4      7      3     11   1.92530733273702     
      3      8      3     11  -2.49453012048543     
      2      9      3     11  -2.91463012048543     
      5      9      3     11  -2.64390000000000     
      1     10      3     11   1.19767278847733     
      4     10      3     11  -1.41456589454150     
      3     11      3     11  -4.65030000000000     
      2      7      4     11  -1.99763417652588     
      5      7      4     11 -0.691476706828478     
      1      8      4     11  0.314322155241653     
      4      8      4     11   1.11157670682848     
      6      9      4     11 -0.998049999999998     
      2     10      4     11  0.691476706828478     
      5     10      4     11  -3.27925000000000     
      1     11      4     11  -1.11157670682848     
      4     11      4     11  -6.05670000000000     
      3     12      4     11 -0.226999999999998     
      6      7      5     11  -3.12298012121435     
      2      8      5     11  -3.36662404256846     
      5      8      5     11   1.80305341365696     
      6     10      5     11  -1.41456589454150     
      2     11      5     11   1.80305341365696     
      5     11      5     11  -8.11090000000000     
      1     12      5     11  -3.12298012121435     
      4     12      5     11  -1.41456589454150     
      6      8      6     11 -0.420100000000000     
      6     11      6     11  -5.87535000000000     
      2     12      6     11  0.420100000000000     
      5     12      6     11  -3.86895000000000     
      7      8      7     11  0.000000000000000E+000
      8     10      7     11  -1.42340000000000     
      7     11      7     11  -1.17720000000000     
     10     11      7     11 -0.420100000000000     
      9     12      7     11 -0.420100000000000     
      8     11      8     11  -1.88890000000000     
      7     12      8     11  -1.23270055974677     
     10     12      8     11 -0.727634544259686     
      8      9      9     11 -0.420100000000000     
      7     10      9     11 -0.727634544259686     
      9     11      9     11  -2.00640000000000     
      7      8     10     11   2.31195633176754     
      8     10     10     11 -0.420100000000000     
      7     11     10     11 -0.420100000000000     
     10     11     10     11  -2.77745000000000     
      9     12     10     11  0.771050000000000     
      6      7      1     12  -5.32677500000000     
      2      8      1     12   1.00024913646551     
      5      8      1     12   1.01320642115761     
      6     10      1     12   2.91463012048543     
      2     11      1     12 -0.219494138589165     
      5     11      1     12  -3.12298012121435     
      1     12      1     12  -5.79227500000000     
      4     12      1     12   2.49453012048543     
      6      8      2     12  -3.57185000000000     
      6     11      2     12  0.420100000000000     
      2     12      2     12  -6.17245000000000     
      5     12      2     12 -0.420100000000000     
      2      7      3     12   3.68094619781011     
      5      7      3     12   2.91463012048543     
      1      8      3     12   1.36898986604258     
      4      8      3     12  -2.49453012048544     
      6      9      3     12  -1.64585000000000     
      2     10      3     12  -2.91463012048543     
      5     10      3     12 -0.998049999999998     
      1     11      3     12   2.49453012048544     
      4     11      3     12 -0.226999999999998     
      3     12      3     12  -4.42330000000000     
      6      7      4     12   2.91463012048543     
      2      8      4     12   2.91558194585575     
      5      8      4     12  -1.19767278847733     
      6     10      4     12  -2.64390000000000     
      2     11      4     12  -1.92530733273702     
      5     11      4     12  -1.41456589454150     
      1     12      4     12   2.49453012048543     
      4     12      4     12  -4.65030000000000     
      6      8      5     12  0.420100000000000     
      6     11      5     12  -3.86894999999999     
      2     12      5     12 -0.420100000000000     
      5     12      5     12  -5.87535000000000     
      6     12      6     12  -9.74430000000000     
      8     11      7     12  -1.23270055974677     
      7     12      7     12 -0.465500000000000     
     10     12      7     12 -0.420100000000000     
      8     12      8     12  -2.60060000000000     
     11     12      8     12 -0.840200000000000     
      7      8      9     12  -2.31195633176754     
      8     10      9     12 -0.420100000000000     
      7     11      9     12 -0.420100000000000     
     10     11      9     12  0.771050000000000     
      9     12      9     12  -2.77745000000000     
      8     11     10     12 -0.727634544259686     
      7     12     10     12 -0.420100000000000     
     10     12     10     12  -2.00640000000000     
      8     12     11     12 -0.840200000000000     
     11     12     11     12  -2.00640000000000     
