      1      1      1      1           2           0   5.20282081831577     
      1      1      1      1           0           0  -11.4847500000000     
      1      1      1      2           2           0  -2.00049827293102     
      1      1      2      1           2           0  -2.00049827293102     
      1      1      2      2           4           0  -8.23084591982280     
      1      1      2      2           2           0   5.28674194888840     
      1      2      1      1           2           0   2.00049827293102     
      1      2      1      2           2           0  0.694101410998424     
      1      2      1      2           0           0  -16.9206763650644     
      1      2      2      1           4           0   11.9110310008464     
      1      2      2      1           2           0  -5.17341925585729     
      1      2      2      2           4           0   9.21686971766496     
      1      2      2      2           2           0   3.78737390319344     
      2      1      1      1           2           0   2.00049827293102     
      2      1      1      2           4           0   11.9110310008464     
      2      1      1      2           2           0  -5.17341925585729     
      2      1      2      1           2           0  0.694101410998424     
      2      1      2      1           0           0  -16.9206763650644     
      2      1      2      2           4           0   9.21686971766496     
      2      1      2      2           2           0   3.78737390319344     
      2      2      1      1           4           0  -8.23084591982280     
      2      2      1      1           2           0   5.28674194888841     
      2      2      1      2           4           0  -9.21686971766496     
      2      2      1      2           2           0  -3.78737390319344     
      2      2      2      1           4           0  -9.21686971766496     
      2      2      2      1           2           0  -3.78737390319344     
      2      2      2      2           6           0   4.35450979531566     
      2      2      2      2           4           0  -8.14364777065536     
      2      2      2      2           2           0   9.92352529434475     
      2      2      2      2           0           0  -24.6932500000000     
      1      1      1      1           2           0   5.20282081831577     
      1      1      1      1           0           0  -11.4847500000000     
      1      1      1      2           2           0  -2.00049827293102     
      1      1      2      1           2           0  -2.00049827293102     
      1      1      2      2           4           0  -8.23084591982280     
      1      1      2      2           2           0   5.28674194888840     
      1      2      1      1           2           0   2.00049827293102     
      1      2      1      2           2           0  0.694101410998424     
      1      2      1      2           0           0  -16.9206763650644     
      1      2      2      1           4           0   11.9110310008464     
      1      2      2      1           2           0  -5.17341925585729     
      1      2      2      2           4           0   9.21686971766496     
      1      2      2      2           2           0   3.78737390319344     
      2      1      1      1           2           0   2.00049827293102     
      2      1      1      2           4           0   11.9110310008464     
      2      1      1      2           2           0  -5.17341925585729     
      2      1      2      1           2           0  0.694101410998424     
      2      1      2      1           0           0  -16.9206763650644     
      2      1      2      2           4           0   9.21686971766496     
      2      1      2      2           2           0   3.78737390319344     
      2      2      1      1           4           0  -8.23084591982280     
      2      2      1      1           2           0   5.28674194888841     
      2      2      1      2           4           0  -9.21686971766496     
      2      2      1      2           2           0  -3.78737390319344     
      2      2      2      1           4           0  -9.21686971766496     
      2      2      2      1           2           0  -3.78737390319344     
      2      2      2      2           6           0   4.35450979531566     
      2      2      2      2           4           0  -8.14364777065536     
      2      2      2      2           2           0   9.92352529434475     
      2      2      2      2           0           0  -24.6932500000000     
          60           6
   1   1   3   3   0   0   0   0-11.4848   1   1
   1   1   3   3   2   0   0   0  5.2028   1   1
   1   1   3   4   2   0   0   0 -2.0005   1   1
   1   1   4   3   2   0   0   0  2.0005   1   1
   1   1   4   4   0   0   0   0-16.9207   1   1
   1   1   4   4   2   0   0   0  0.6941   1   1
   1   2   3   3   2   0   0   0 -2.0005   1   1
   1   2   3   4   2   0   0   0  5.2867   1   1
   1   2   3   4   4   0   0   0 -8.2308   1   1
   1   2   4   3   2   0   0   0 -5.1734   1   1
   1   2   4   3   4   0   0   0 11.9110   1   1
   1   2   4   4   2   0   0   0  3.7874   1   1
   1   2   4   4   4   0   0   0  9.2169   1   1
   2   1   3   3   2   0   0   0  2.0005   1   1
   2   1   3   4   2   0   0   0 -5.1734   1   1
   2   1   3   4   4   0   0   0 11.9110   1   1
   2   1   4   3   2   0   0   0  5.2867   1   1
   2   1   4   3   4   0   0   0 -8.2308   1   1
   2   1   4   4   2   0   0   0 -3.7874   1   1
   2   1   4   4   4   0   0   0 -9.2169   1   1
   2   2   3   3   0   0   0   0-16.9207   1   1
   2   2   3   3   2   0   0   0  0.6941   1   1
   2   2   3   4   2   0   0   0  3.7874   1   1
   2   2   3   4   4   0   0   0  9.2169   1   1
   2   2   4   3   2   0   0   0 -3.7874   1   1
   2   2   4   3   4   0   0   0 -9.2169   1   1
   2   2   4   4   0   0   0   0-24.6933   1   1
   2   2   4   4   2   0   0   0  9.9235   1   1
   2   2   4   4   4   0   0   0 -8.1436   1   1
   2   2   4   4   6   0   0   0  4.3545   1   1
   3   3   1   1   0   0   0   0-11.4848   1   1
   3   3   1   1   2   0   0   0  5.2028   1   1
   3   3   1   2   2   0   0   0 -2.0005   1   1
   3   3   2   1   2   0   0   0  2.0005   1   1
   3   3   2   2   0   0   0   0-16.9207   1   1
   3   3   2   2   2   0   0   0  0.6941   1   1
   3   4   1   1   2   0   0   0 -2.0005   1   1
   3   4   1   2   2   0   0   0  5.2867   1   1
   3   4   1   2   4   0   0   0 -8.2308   1   1
   3   4   2   1   2   0   0   0 -5.1734   1   1
   3   4   2   1   4   0   0   0 11.9110   1   1
   3   4   2   2   2   0   0   0  3.7874   1   1
   3   4   2   2   4   0   0   0  9.2169   1   1
   4   3   1   1   2   0   0   0  2.0005   1   1
   4   3   1   2   2   0   0   0 -5.1734   1   1
   4   3   1   2   4   0   0   0 11.9110   1   1
   4   3   2   1   2   0   0   0  5.2867   1   1
   4   3   2   1   4   0   0   0 -8.2308   1   1
   4   3   2   2   2   0   0   0 -3.7874   1   1
   4   3   2   2   4   0   0   0 -9.2169   1   1
   4   4   1   1   0   0   0   0-16.9207   1   1
   4   4   1   1   2   0   0   0  0.6941   1   1
   4   4   1   2   2   0   0   0  3.7874   1   1
   4   4   1   2   4   0   0   0  9.2169   1   1
   4   4   2   1   2   0   0   0 -3.7874   1   1
   4   4   2   1   4   0   0   0 -9.2169   1   1
   4   4   2   2   0   0   0   0-24.6933   1   1
   4   4   2   2   2   0   0   0  9.9235   1   1
   4   4   2   2   4   0   0   0 -8.1436   1   1
   4   4   2   2   6   0   0   0  4.3545   1   1
