 ! Total Interaction
  20
   1   1   1   1     1     0  -7.2443
   1   2   1   1     1     0  -1.6334
   2   2   1   1     1     0   5.3231
   1   1   1   2     1     0  -1.6334
   1   2   1   2     1     0 -11.5773
   2   2   1   2     1     0  -8.0635
   1   1   2   2     1     0   5.3231
   1   2   2   2     1     0  -8.0635
   2   2   2   2     1     0  -5.6608
   1   2   1   2     2     0  -9.7443
   2   2   2   2     3     0  -9.7443
   1   1   1   1     0     1  -1.2366
   2   2   1   1     0     1  -3.2696
   1   1   2   2     0     1  -3.2696
   2   2   2   2     0     1  -3.5485
   1   2   1   2     1     1   0.2462
   1   2   1   2     2     1  -2.6006
   2   2   1   2     2     1   0.8402
   1   2   2   2     2     1   0.8402
   2   2   2   2     2     1  -2.0064
