 ! Total Interaction
  20
   1   1   1   1     1     0  -8.7441
   1   2   1   1     1     0  -1.7467
   2   2   1   1     1     0   5.8737
   1   1   1   2     1     0  -1.7467
   1   2   1   2     1     0 -13.6645
   2   2   1   2     1     0  -8.9857
   1   1   2   2     1     0   5.8737
   1   2   2   2     1     0  -8.9857
   2   2   2   2     1     0  -7.1082
   1   2   1   2     2     0 -11.4749
   2   2   2   2     3     0 -11.4749
   1   1   1   1     0     1  -1.1376
   2   2   1   1     0     1  -3.7156
   1   1   2   2     0     1  -3.7156
   2   2   2   2     0     1  -3.7650
   1   2   1   2     1     1   0.4363
   1   2   1   2     2     1  -2.9493
   2   2   1   2     2     1   0.9042
   1   2   2   2     2     1   0.9042
   2   2   2   2     2     1  -2.3100
