      1      1      1      1           2           0   6.58742223388633     
      1      1      1      1           0           0  -13.6849500000000     
      1      1      1      2           2           0  -2.13926186685969     
      1      1      2      1           2           0  -2.13926186685969     
      1      1      2      2           4           0  -9.16743936951354     
      1      1      2      2           2           0   5.76756394297394     
      1      2      1      1           2           0   2.13926186685969     
      1      2      1      2           2           0  0.818845223470225     
      1      2      1      2           0           0  -19.7646244836577     
      1      2      2      1           4           0   14.2068578950449     
      1      2      2      1           2           0  -6.17631997470986     
      1      2      2      2           4           0   10.2456069706430     
      1      2      2      2           2           0   4.26446815419127     
      2      1      1      1           2           0   2.13926186685969     
      2      1      1      2           4           0   14.2068578950449     
      2      1      1      2           2           0  -6.17631997470986     
      2      1      2      1           2           0  0.818845223470225     
      2      1      2      1           0           0  -19.7646244836577     
      2      1      2      2           4           0   10.2456069706430     
      2      1      2      2           2           0   4.26446815419127     
      2      2      1      1           4           0  -9.16743936951354     
      2      2      1      1           2           0   5.76756394297394     
      2      2      1      2           4           0  -10.2456069706430     
      2      2      1      2           2           0  -4.26446815419127     
      2      2      2      1           4           0  -10.2456069706430     
      2      2      2      1           2           0  -4.26446815419127     
      2      2      2      2           6           0   5.96269004347661     
      2      2      2      2           4           0  -9.59540372470721     
      2      2      2      2           2           0   11.4668431856669     
      2      2      2      2           0           0  -29.2409750000000     
      1      1      1      1           2           0   6.58742223388633     
      1      1      1      1           0           0  -13.6849500000000     
      1      1      1      2           2           0  -2.13926186685969     
      1      1      2      1           2           0  -2.13926186685969     
      1      1      2      2           4           0  -9.16743936951354     
      1      1      2      2           2           0   5.76756394297394     
      1      2      1      1           2           0   2.13926186685969     
      1      2      1      2           2           0  0.818845223470225     
      1      2      1      2           0           0  -19.7646244836577     
      1      2      2      1           4           0   14.2068578950449     
      1      2      2      1           2           0  -6.17631997470986     
      1      2      2      2           4           0   10.2456069706430     
      1      2      2      2           2           0   4.26446815419127     
      2      1      1      1           2           0   2.13926186685969     
      2      1      1      2           4           0   14.2068578950449     
      2      1      1      2           2           0  -6.17631997470986     
      2      1      2      1           2           0  0.818845223470225     
      2      1      2      1           0           0  -19.7646244836577     
      2      1      2      2           4           0   10.2456069706430     
      2      1      2      2           2           0   4.26446815419127     
      2      2      1      1           4           0  -9.16743936951354     
      2      2      1      1           2           0   5.76756394297394     
      2      2      1      2           4           0  -10.2456069706430     
      2      2      1      2           2           0  -4.26446815419127     
      2      2      2      1           4           0  -10.2456069706430     
      2      2      2      1           2           0  -4.26446815419127     
      2      2      2      2           6           0   5.96269004347661     
      2      2      2      2           4           0  -9.59540372470721     
      2      2      2      2           2           0   11.4668431856669     
      2      2      2      2           0           0  -29.2409750000000     
          60           6
   1   1   3   3   0   0   0   0-13.6850   1   1
   1   1   3   3   2   0   0   0  6.5874   1   1
   1   1   3   4   2   0   0   0 -2.1393   1   1
   1   1   4   3   2   0   0   0  2.1393   1   1
   1   1   4   4   0   0   0   0-19.7646   1   1
   1   1   4   4   2   0   0   0  0.8188   1   1
   1   2   3   3   2   0   0   0 -2.1393   1   1
   1   2   3   4   2   0   0   0  5.7676   1   1
   1   2   3   4   4   0   0   0 -9.1674   1   1
   1   2   4   3   2   0   0   0 -6.1763   1   1
   1   2   4   3   4   0   0   0 14.2069   1   1
   1   2   4   4   2   0   0   0  4.2645   1   1
   1   2   4   4   4   0   0   0 10.2456   1   1
   2   1   3   3   2   0   0   0  2.1393   1   1
   2   1   3   4   2   0   0   0 -6.1763   1   1
   2   1   3   4   4   0   0   0 14.2069   1   1
   2   1   4   3   2   0   0   0  5.7676   1   1
   2   1   4   3   4   0   0   0 -9.1674   1   1
   2   1   4   4   2   0   0   0 -4.2645   1   1
   2   1   4   4   4   0   0   0-10.2456   1   1
   2   2   3   3   0   0   0   0-19.7646   1   1
   2   2   3   3   2   0   0   0  0.8188   1   1
   2   2   3   4   2   0   0   0  4.2645   1   1
   2   2   3   4   4   0   0   0 10.2456   1   1
   2   2   4   3   2   0   0   0 -4.2645   1   1
   2   2   4   3   4   0   0   0-10.2456   1   1
   2   2   4   4   0   0   0   0-29.2410   1   1
   2   2   4   4   2   0   0   0 11.4668   1   1
   2   2   4   4   4   0   0   0 -9.5954   1   1
   2   2   4   4   6   0   0   0  5.9627   1   1
   3   3   1   1   0   0   0   0-13.6850   1   1
   3   3   1   1   2   0   0   0  6.5874   1   1
   3   3   1   2   2   0   0   0 -2.1393   1   1
   3   3   2   1   2   0   0   0  2.1393   1   1
   3   3   2   2   0   0   0   0-19.7646   1   1
   3   3   2   2   2   0   0   0  0.8188   1   1
   3   4   1   1   2   0   0   0 -2.1393   1   1
   3   4   1   2   2   0   0   0  5.7676   1   1
   3   4   1   2   4   0   0   0 -9.1674   1   1
   3   4   2   1   2   0   0   0 -6.1763   1   1
   3   4   2   1   4   0   0   0 14.2069   1   1
   3   4   2   2   2   0   0   0  4.2645   1   1
   3   4   2   2   4   0   0   0 10.2456   1   1
   4   3   1   1   2   0   0   0  2.1393   1   1
   4   3   1   2   2   0   0   0 -6.1763   1   1
   4   3   1   2   4   0   0   0 14.2069   1   1
   4   3   2   1   2   0   0   0  5.7676   1   1
   4   3   2   1   4   0   0   0 -9.1674   1   1
   4   3   2   2   2   0   0   0 -4.2645   1   1
   4   3   2   2   4   0   0   0-10.2456   1   1
   4   4   1   1   0   0   0   0-19.7646   1   1
   4   4   1   1   2   0   0   0  0.8188   1   1
   4   4   1   2   2   0   0   0  4.2645   1   1
   4   4   1   2   4   0   0   0 10.2456   1   1
   4   4   2   1   2   0   0   0 -4.2645   1   1
   4   4   2   1   4   0   0   0-10.2456   1   1
   4   4   2   2   0   0   0   0-29.2410   1   1
   4   4   2   2   2   0   0   0 11.4668   1   1
   4   4   2   2   4   0   0   0 -9.5954   1   1
   4   4   2   2   6   0   0   0  5.9627   1   1
