      1      2      1      2  -1.13760000000000     
      2      4      1      2  0.000000000000000E+000
      1      5      1      2  0.000000000000000E+000
      4      5      1      2   2.62732595617674     
      3      6      1      2  -2.62732595617674     
      1      3      1      3  -2.94930000000000     
      3      4      1      3 -0.904200000000000     
      2      3      2      3 -0.410100000000000     
      1      4      2      3  -1.46600780352630     
      3      5      2      3 -0.452100000000000     
      2      3      1      4  -1.46600780352630     
      1      4      1      4  -2.10290000000000     
      3      5      1      4 -0.783060170101890     
      1      2      2      4  0.000000000000000E+000
      2      4      2      4  -1.25650000000000     
      1      5      2      4  -1.69280000000000     
      4      5      2      4 -0.452100000000000     
      3      6      2      4 -0.452100000000000     
      1      3      3      4 -0.904200000000000     
      3      4      3      4  -2.31000000000000     
      1      2      1      5  0.000000000000000E+000
      2      4      1      5  -1.69280000000000     
      1      5      1      5  -1.25650000000000     
      4      5      1      5 -0.452100000000000     
      3      6      1      5 -0.452100000000000     
      2      5      2      5  -2.10290000000000     
      1      6      2      5  -1.46600780352630     
      4      6      2      5 -0.783060170101890     
      2      3      3      5 -0.452100000000000     
      1      4      3      5 -0.783060170101890     
      3      5      3      5  -2.31000000000000     
      1      2      4      5   2.62732595617674     
      2      4      4      5 -0.452100000000000     
      1      5      4      5 -0.452100000000000     
      4      5      4      5  -3.03750000000000     
      3      6      4      5  0.727500000000000     
      2      5      1      6  -1.46600780352630     
      1      6      1      6 -0.410100000000000     
      4      6      1      6 -0.452100000000000     
      2      6      2      6  -2.94930000000000     
      5      6      2      6 -0.904200000000000     
      1      2      3      6  -2.62732595617674     
      2      4      3      6 -0.452100000000000     
      1      5      3      6 -0.452100000000000     
      4      5      3      6  0.727500000000000     
      3      6      3      6  -3.03750000000000     
      2      5      4      6 -0.783060170101890     
      1      6      4      6 -0.452100000000000     
      4      6      4      6  -2.31000000000000     
      2      6      5      6 -0.904200000000000     
      5      6      5      6  -2.31000000000000     
      1      7      1      7  -8.74410000000000     
      4      7      1      7  0.617551707349271     
      3      8      1      7  -1.06963093342984     
      2      9      1      7  -1.06963093342984     
      5      9      1      7   3.21715798601809     
      1     10      1      7  0.617551707349271     
      4     10      1      7  -3.71485405850620     
      3     11      1      7   3.21715798601809     
      2      7      2      7  -4.94085000000000     
      5      7      2      7  0.617551707349272     
      1      8      2      7  -3.80325000000000     
      4      8      2      7 -0.617551707349272     
      6      9      2      7   1.47247756579128     
      2     10      2      7 -0.617551707349272     
      5     10      2      7  0.384949463461817     
      1     11      2      7  0.617551707349272     
      4     11      2      7  -2.24237649271492     
      3     12      2      7   4.09980352196802     
      3      7      3      7  -7.21210000000000     
      1      9      3      7  -4.26280000000000     
      4      9      3      7 -0.452100000000000     
      3     10      3      7  0.452100000000000     
      1      7      4      7  0.617551707349271     
      4      7      4      7  -7.06260000000000     
      3      8      4      7 -0.258941595731546     
      2      9      4      7   1.20706620779475     
      5      9      4      7   1.34854323764986     
      1     10      4      7  -4.95970000000000     
      4     10      4      7  -2.00926360254199     
      3     11      4      7   2.13160340775174     
      2      7      5      7  0.617551707349271     
      5      7      5      7  -6.91310000000000     
      1      8      5      7  0.617551707349271     
      4      8      5      7 -0.298999999999998     
      6      9      5      7   2.78784540381298     
      2     10      5      7   1.39380000000000     
      5     10      5      7  -1.23068180127099     
      1     11      5      7  -5.65660000000000     
      4     11      5      7 -0.778581801270993     
      3     12      5      7   3.23994540381298     
      6      7      6      7  -6.76360000000000     
      2      8      6      7   1.06963093342984     
      5      8      6      7 -0.258941595731546     
      6     10      6      7   2.78784540381298     
      2     11      6      7   1.20706620779475     
      5     11      6      7  -3.48014664540160     
      1     12      6      7  -6.35350000000000     
      4     12      6      7   3.23994540381298     
      2      7      1      8  -3.80325000000000     
      5      7      1      8  0.617551707349272     
      1      8      1      8  -4.94085000000000     
      4      8      1      8 -0.617551707349272     
      6      9      1      8   4.09980352196802     
      2     10      1      8 -0.617551707349272     
      5     10      1      8  -2.24237649271492     
      1     11      1      8  0.617551707349272     
      4     11      1      8  0.384949463461817     
      3     12      1      8   1.47247756579128     
      6      7      2      8   1.06963093342984     
      2      8      2      8  -8.74410000000000     
      5      8      2      8 -0.617551707349271     
      6     10      2      8   3.21715798601809     
      2     11      2      8 -0.617551707349271     
      5     11      2      8  -3.71485405850620     
      1     12      2      8   1.06963093342984     
      4     12      2      8   3.21715798601809     
      1      7      3      8  -1.06963093342984     
      4      7      3      8 -0.258941595731546     
      3      8      3      8  -6.76360000000000     
      2      9      3      8  -6.35350000000000     
      5      9      3      8  -3.23994540381298     
      1     10      3      8   1.20706620779475     
      4     10      3      8   3.48014664540160     
      3     11      3      8  -2.78784540381298     
      2      7      4      8 -0.617551707349271     
      5      7      4      8 -0.298999999999998     
      1      8      4      8 -0.617551707349271     
      4      8      4      8  -6.91310000000000     
      6      9      4      8  -3.23994540381298     
      2     10      4      8  -5.65660000000000     
      5     10      4      8  0.778581801270993     
      1     11      4      8   1.39380000000000     
      4     11      4      8   1.23068180127099     
      3     12      4      8  -2.78784540381298     
      6      7      5      8 -0.258941595731546     
      2      8      5      8 -0.617551707349271     
      5      8      5      8  -7.06260000000000     
      6     10      5      8  -2.13160340775174     
      2     11      5      8  -4.95970000000000     
      5     11      5      8   2.00926360254199     
      1     12      5      8   1.20706620779475     
      4     12      5      8  -1.34854323764986     
      6      8      6      8  -7.21210000000000     
      6     11      6      8 -0.452100000000000     
      2     12      6      8  -4.26280000000000     
      5     12      6      8  0.452100000000000     
      7      8      7      8  -1.13760000000000     
      8     10      7      8  0.000000000000000E+000
      7     11      7      8  0.000000000000000E+000
     10     11      7      8   2.62732595617674     
      9     12      7      8  -2.62732595617674     
      3      7      1      9  -4.26280000000000     
      1      9      1      9  -7.21210000000000     
      4      9      1      9  0.452100000000000     
      3     10      1      9 -0.452100000000000     
      1      7      2      9  -1.06963093342984     
      4      7      2      9   1.20706620779475     
      3      8      2      9  -6.35350000000000     
      2      9      2      9  -6.76360000000000     
      5      9      2      9  -2.78784540381298     
      1     10      2      9 -0.258941595731546     
      4     10      2      9   3.48014664540160     
      3     11      2      9  -3.23994540381298     
      3      9      3      9  -11.4749000000000     
      3      7      4      9 -0.452100000000000     
      1      9      4      9  0.452100000000000     
      4      9      4      9  -6.89244999999999     
      3     10      4      9  -4.58244999999999     
      1      7      5      9   3.21715798601809     
      4      7      5      9   1.34854323764986     
      3      8      5      9  -3.23994540381298     
      2      9      5      9  -2.78784540381298     
      5      9      5      9  -5.58244000000000     
      1     10      5      9   2.13160340775174     
      4     10      5      9  -1.51266925228220     
      3     11      5      9  -3.27244000000000     
      2      7      6      9   1.47247756579128     
      5      7      6      9   2.78784540381298     
      1      8      6      9   4.09980352196802     
      4      8      6      9  -3.23994540381298     
      6      9      6      9  -5.29118500000000     
      2     10      6      9  -2.78784540381298     
      5     10      6      9 -0.291254999999997     
      1     11      6      9   3.23994540381298     
      4     11      6      9  -1.01875500000000     
      3     12      6      9  -2.25368500000000     
      7      9      7      9  -2.94930000000000     
      9     10      7      9 -0.904200000000000     
      8      9      8      9 -0.410100000000000     
      7     10      8      9  -1.46600780352630     
      9     11      8      9 -0.452100000000000     
      1      7      1     10  0.617551707349271     
      4      7      1     10  -4.95970000000000     
      3      8      1     10   1.20706620779475     
      2      9      1     10 -0.258941595731546     
      5      9      1     10   2.13160340775174     
      1     10      1     10  -7.06260000000000     
      4     10      1     10  -2.00926360254199     
      3     11      1     10   1.34854323764986     
      2      7      2     10 -0.617551707349271     
      5      7      2     10   1.39380000000000     
      1      8      2     10 -0.617551707349271     
      4      8      2     10  -5.65660000000000     
      6      9      2     10  -2.78784540381298     
      2     10      2     10  -6.91310000000000     
      5     10      2     10   1.23068180127099     
      1     11      2     10 -0.298999999999998     
      4     11      2     10  0.778581801270993     
      3     12      2     10  -3.23994540381298     
      3      7      3     10  0.452100000000000     
      1      9      3     10 -0.452100000000000     
      4      9      3     10  -4.58244999999999     
      3     10      3     10  -6.89244999999999     
      1      7      4     10  -3.71485405850620     
      4      7      4     10  -2.00926360254199     
      3      8      4     10   3.48014664540160     
      2      9      4     10   3.48014664540160     
      5      9      4     10  -1.51266925228220     
      1     10      4     10  -2.00926360254199     
      4     10      4     10  -9.72822000000000     
      3     11      4     10  -1.51266925228220     
      2      7      5     10  0.384949463461817     
      5      7      5     10  -1.23068180127099     
      1      8      5     10  -2.24237649271492     
      4      8      5     10  0.778581801270994     
      6      9      5     10 -0.291254999999997     
      2     10      5     10   1.23068180127099     
      5     10      5     10  -7.03786500000000     
      1     11      5     10 -0.778581801270994     
      4     11      5     10  -4.00036500000000     
      3     12      5     10  -1.01875500000000     
      6      7      6     10   2.78784540381298     
      2      8      6     10   3.21715798601809     
      5      8      6     10  -2.13160340775174     
      6     10      6     10  -5.58244000000000     
      2     11      6     10  -1.34854323764986     
      5     11      6     10  -1.51266925228220     
      1     12      6     10   3.23994540381298     
      4     12      6     10  -3.27244000000000     
      8      9      7     10  -1.46600780352630     
      7     10      7     10  -2.10290000000000     
      9     11      7     10 -0.783060170101890     
      7      8      8     10  0.000000000000000E+000
      8     10      8     10  -1.25650000000000     
      7     11      8     10  -1.69280000000000     
     10     11      8     10 -0.452100000000000     
      9     12      8     10 -0.452100000000000     
      7      9      9     10 -0.904200000000000     
      9     10      9     10  -2.31000000000000     
      2      7      1     11  0.617551707349271     
      5      7      1     11  -5.65660000000000     
      1      8      1     11  0.617551707349271     
      4      8      1     11   1.39380000000000     
      6      9      1     11   3.23994540381298     
      2     10      1     11 -0.298999999999998     
      5     10      1     11 -0.778581801270993     
      1     11      1     11  -6.91310000000000     
      4     11      1     11  -1.23068180127099     
      3     12      1     11   2.78784540381298     
      6      7      2     11   1.20706620779475     
      2      8      2     11 -0.617551707349271     
      5      8      2     11  -4.95970000000000     
      6     10      2     11  -1.34854323764986     
      2     11      2     11  -7.06260000000000     
      5     11      2     11   2.00926360254199     
      1     12      2     11 -0.258941595731546     
      4     12      2     11  -2.13160340775174     
      1      7      3     11   3.21715798601809     
      4      7      3     11   2.13160340775174     
      3      8      3     11  -2.78784540381298     
      2      9      3     11  -3.23994540381298     
      5      9      3     11  -3.27244000000000     
      1     10      3     11   1.34854323764986     
      4     10      3     11  -1.51266925228220     
      3     11      3     11  -5.58244000000000     
      2      7      4     11  -2.24237649271492     
      5      7      4     11 -0.778581801270994     
      1      8      4     11  0.384949463461817     
      4      8      4     11   1.23068180127099     
      6      9      4     11  -1.01875500000000     
      2     10      4     11  0.778581801270994     
      5     10      4     11  -4.00036500000000     
      1     11      4     11  -1.23068180127099     
      4     11      4     11  -7.03786500000000     
      3     12      4     11 -0.291254999999997     
      6      7      5     11  -3.48014664540160     
      2      8      5     11  -3.71485405850620     
      5      8      5     11   2.00926360254199     
      6     10      5     11  -1.51266925228220     
      2     11      5     11   2.00926360254199     
      5     11      5     11  -9.72822000000000     
      1     12      5     11  -3.48014664540160     
      4     12      5     11  -1.51266925228220     
      6      8      6     11 -0.452100000000000     
      6     11      6     11  -6.89244999999999     
      2     12      6     11  0.452100000000000     
      5     12      6     11  -4.58244999999999     
      7      8      7     11  0.000000000000000E+000
      8     10      7     11  -1.69280000000000     
      7     11      7     11  -1.25650000000000     
     10     11      7     11 -0.452100000000000     
      9     12      7     11 -0.452100000000000     
      8     11      8     11  -2.10290000000000     
      7     12      8     11  -1.46600780352630     
     10     12      8     11 -0.783060170101890     
      8      9      9     11 -0.452100000000000     
      7     10      9     11 -0.783060170101890     
      9     11      9     11  -2.31000000000000     
      7      8     10     11   2.62732595617674     
      8     10     10     11 -0.452100000000000     
      7     11     10     11 -0.452100000000000     
     10     11     10     11  -3.03750000000000     
      9     12     10     11  0.727500000000000     
      6      7      1     12  -6.35350000000000     
      2      8      1     12   1.06963093342984     
      5      8      1     12   1.20706620779475     
      6     10      1     12   3.23994540381298     
      2     11      1     12 -0.258941595731546     
      5     11      1     12  -3.48014664540160     
      1     12      1     12  -6.76360000000000     
      4     12      1     12   2.78784540381298     
      6      8      2     12  -4.26280000000000     
      6     11      2     12  0.452100000000000     
      2     12      2     12  -7.21210000000000     
      5     12      2     12 -0.452100000000000     
      2      7      3     12   4.09980352196802     
      5      7      3     12   3.23994540381298     
      1      8      3     12   1.47247756579128     
      4      8      3     12  -2.78784540381298     
      6      9      3     12  -2.25368500000000     
      2     10      3     12  -3.23994540381298     
      5     10      3     12  -1.01875500000000     
      1     11      3     12   2.78784540381298     
      4     11      3     12 -0.291254999999997     
      3     12      3     12  -5.29118500000000     
      6      7      4     12   3.23994540381298     
      2      8      4     12   3.21715798601809     
      5      8      4     12  -1.34854323764986     
      6     10      4     12  -3.27244000000000     
      2     11      4     12  -2.13160340775174     
      5     11      4     12  -1.51266925228220     
      1     12      4     12   2.78784540381298     
      4     12      4     12  -5.58244000000000     
      6      8      5     12  0.452100000000000     
      6     11      5     12  -4.58244999999999     
      2     12      5     12 -0.452100000000000     
      5     12      5     12  -6.89244999999999     
      6     12      6     12  -11.4749000000000     
      8     11      7     12  -1.46600780352630     
      7     12      7     12 -0.410100000000000     
     10     12      7     12 -0.452100000000000     
      8     12      8     12  -2.94930000000000     
     11     12      8     12 -0.904200000000000     
      7      8      9     12  -2.62732595617674     
      8     10      9     12 -0.452100000000000     
      7     11      9     12 -0.452100000000000     
     10     11      9     12  0.727500000000000     
      9     12      9     12  -3.03750000000000     
      8     11     10     12 -0.783060170101890     
      7     12     10     12 -0.452100000000000     
     10     12     10     12  -2.31000000000000     
      8     12     11     12 -0.904200000000000     
     11     12     11     12  -2.31000000000000     
