      1      2      1      2  -1.24970000000000     
      2      4      1      2  0.000000000000000E+000
      1      5      1      2  0.000000000000000E+000
      4      5      1      2   2.24216489246442     
      3      6      1      2  -2.24216489246442     
      1      3      1      3  -2.52120000000000     
      3      4      1      3 -0.825100000000000     
      2      3      2      3 -0.472650000000000     
      1      4      2      3  -1.18273089394841     
      3      5      2      3 -0.412550000000000     
      2      3      1      4  -1.18273089394841     
      1      4      1      4  -1.83835000000000     
      3      5      1      4 -0.714557560662541     
      1      2      2      4  0.000000000000000E+000
      2      4      2      4  -1.15550000000000     
      1      5      2      4  -1.36570000000000     
      4      5      2      4 -0.412550000000000     
      3      6      2      4 -0.412550000000000     
      1      3      3      4 -0.825100000000000     
      3      4      3      4  -1.93780000000000     
      1      2      1      5  0.000000000000000E+000
      2      4      1      5  -1.36570000000000     
      1      5      1      5  -1.15550000000000     
      4      5      1      5 -0.412550000000000     
      3      6      1      5 -0.412550000000000     
      2      5      2      5  -1.83835000000000     
      1      6      2      5  -1.18273089394841     
      4      6      2      5 -0.714557560662541     
      2      3      3      5 -0.412550000000000     
      1      4      3      5 -0.714557560662541     
      3      5      3      5  -1.93780000000000     
      1      2      4      5   2.24216489246442     
      2      4      4      5 -0.412550000000000     
      1      5      4      5 -0.412550000000000     
      4      5      4      5  -2.71485000000000     
      3      6      4      5  0.777050000000000     
      2      5      1      6  -1.18273089394841     
      1      6      1      6 -0.472650000000000     
      4      6      1      6 -0.412550000000000     
      2      6      2      6  -2.52120000000000     
      5      6      2      6 -0.825100000000000     
      1      2      3      6  -2.24216489246442     
      2      4      3      6 -0.412550000000000     
      1      5      3      6 -0.412550000000000     
      4      5      3      6  0.777050000000000     
      3      6      3      6  -2.71485000000000     
      2      5      4      6 -0.714557560662541     
      1      6      4      6 -0.412550000000000     
      4      6      4      6  -1.93780000000000     
      2      6      5      6 -0.825100000000000     
      5      6      5      6  -1.93780000000000     
      1      7      1      7  -7.12280000000000     
      4      7      1      7  0.565473292914882     
      3      8      1      7 -0.979428473651854     
      2      9      1      7 -0.979428473651854     
      5      9      1      7   2.90900927516569     
      1     10      1      7  0.565473292914882     
      4     10      1      7  -3.35903457618406     
      3     11      1      7   2.90900927516569     
      2      7      2      7  -4.18625000000000     
      5      7      2      7  0.565473292914882     
      1      8      2      7  -2.93655000000000     
      4      8      2      7 -0.565473292914882     
      6      9      2      7   1.39819348590583     
      2     10      2      7 -0.565473292914882     
      5     10      2      7  0.281323802186197     
      1     11      2      7  0.565473292914882     
      4     11      2      7  -1.96084109027823     
      3     12      2      7   3.64035837837025     
      3      7      3      7  -6.06165000000000     
      1      9      3      7  -3.54045000000000     
      4      9      3      7 -0.412550000000000     
      3     10      3      7  0.412550000000000     
      1      7      4      7  0.565473292914882     
      4      7      4      7  -5.96021250000000     
      3      8      4      7 -0.175694903792767     
      2      9      4      7   1.00703599015564     
      5      9      4      7   1.21000139037849     
      1     10      4      7  -4.12186250000000     
      4     10      4      7  -1.80973925690968     
      3     11      4      7   1.92455895104103     
      2      7      5      7  0.565473292914882     
      5      7      5      7  -5.85877500000000     
      1      8      5      7  0.565473292914882     
      4      8      5      7 -0.202874999999998     
      6      9      5      7   2.50833388536452     
      2     10      5      7   1.16282500000000     
      5     10      5      7  -1.11114462845484     
      1     11      5      7  -4.70327500000000     
      4     11      5      7 -0.698594628454840     
      3     12      5      7   2.92088388536452     
      6      7      6      7  -5.75733750000000     
      2      8      6      7  0.979428473651854     
      5      8      6      7 -0.175694903792767     
      6     10      6      7   2.50833388536452     
      2     11      6      7   1.00703599015564     
      5     11      6      7  -3.13456034141951     
      1     12      6      7  -5.28468750000000     
      4     12      6      7   2.92088388536452     
      2      7      1      8  -2.93655000000000     
      5      7      1      8  0.565473292914882     
      1      8      1      8  -4.18625000000000     
      4      8      1      8 -0.565473292914882     
      6      9      1      8   3.64035837837025     
      2     10      1      8 -0.565473292914882     
      5     10      1      8  -1.96084109027823     
      1     11      1      8  0.565473292914882     
      4     11      1      8  0.281323802186197     
      3     12      1      8   1.39819348590583     
      6      7      2      8  0.979428473651854     
      2      8      2      8  -7.12280000000000     
      5      8      2      8 -0.565473292914882     
      6     10      2      8   2.90900927516569     
      2     11      2      8 -0.565473292914882     
      5     11      2      8  -3.35903457618406     
      1     12      2      8  0.979428473651854     
      4     12      2      8   2.90900927516569     
      1      7      3      8 -0.979428473651854     
      4      7      3      8 -0.175694903792767     
      3      8      3      8  -5.75733750000000     
      2      9      3      8  -5.28468750000000     
      5      9      3      8  -2.92088388536452     
      1     10      3      8   1.00703599015564     
      4     10      3      8   3.13456034141951     
      3     11      3      8  -2.50833388536452     
      2      7      4      8 -0.565473292914882     
      5      7      4      8 -0.202874999999998     
      1      8      4      8 -0.565473292914882     
      4      8      4      8  -5.85877500000000     
      6      9      4      8  -2.92088388536452     
      2     10      4      8  -4.70327500000000     
      5     10      4      8  0.698594628454840     
      1     11      4      8   1.16282500000000     
      4     11      4      8   1.11114462845484     
      3     12      4      8  -2.50833388536452     
      6      7      5      8 -0.175694903792767     
      2      8      5      8 -0.565473292914882     
      5      8      5      8  -5.96021250000000     
      6     10      5      8  -1.92455895104103     
      2     11      5      8  -4.12186250000000     
      5     11      5      8   1.80973925690968     
      1     12      5      8   1.00703599015564     
      4     12      5      8  -1.21000139037849     
      6      8      6      8  -6.06165000000000     
      6     11      6      8 -0.412550000000000     
      2     12      6      8  -3.54045000000000     
      5     12      6      8  0.412550000000000     
      7      8      7      8  -1.24970000000000     
      8     10      7      8  0.000000000000000E+000
      7     11      7      8  0.000000000000000E+000
     10     11      7      8   2.24216489246442     
      9     12      7      8  -2.24216489246442     
      3      7      1      9  -3.54045000000000     
      1      9      1      9  -6.06165000000000     
      4      9      1      9  0.412550000000000     
      3     10      1      9 -0.412550000000000     
      1      7      2      9 -0.979428473651854     
      4      7      2      9   1.00703599015564     
      3      8      2      9  -5.28468750000000     
      2      9      2      9  -5.75733750000000     
      5      9      2      9  -2.50833388536452     
      1     10      2      9 -0.175694903792767     
      4     10      2      9   3.13456034141951     
      3     11      2      9  -2.92088388536452     
      3      9      3      9  -9.60210000000000     
      3      7      4      9 -0.412550000000000     
      1      9      4      9  0.412550000000000     
      4      9      4      9  -5.76995000000000     
      3     10      4      9  -3.83214999999999     
      1      7      5      9   2.90900927516569     
      4      7      5      9   1.21000139037849     
      3      8      5      9  -2.92088388536452     
      2      9      5      9  -2.50833388536452     
      5      9      5      9  -4.57040000000000     
      1     10      5      9   1.92455895104103     
      4     10      5      9  -1.38512103081283     
      3     11      5      9  -2.63260000000000     
      2      7      6      9   1.39819348590583     
      5      7      6      9   2.50833388536452     
      1      8      6      9   3.64035837837025     
      4      8      6      9  -2.92088388536452     
      6      9      6      9  -4.35915000000000     
      2     10      6      9  -2.50833388536452     
      5     10      6      9 -0.211249999999998     
      1     11      6      9   2.92088388536452     
      4     11      6      9 -0.988299999999998     
      3     12      6      9  -1.64430000000000     
      7      9      7      9  -2.52120000000000     
      9     10      7      9 -0.825100000000000     
      8      9      8      9 -0.472650000000000     
      7     10      8      9  -1.18273089394841     
      9     11      8      9 -0.412550000000000     
      1      7      1     10  0.565473292914882     
      4      7      1     10  -4.12186250000000     
      3      8      1     10   1.00703599015564     
      2      9      1     10 -0.175694903792767     
      5      9      1     10   1.92455895104103     
      1     10      1     10  -5.96021250000000     
      4     10      1     10  -1.80973925690968     
      3     11      1     10   1.21000139037849     
      2      7      2     10 -0.565473292914882     
      5      7      2     10   1.16282500000000     
      1      8      2     10 -0.565473292914882     
      4      8      2     10  -4.70327500000000     
      6      9      2     10  -2.50833388536452     
      2     10      2     10  -5.85877500000000     
      5     10      2     10   1.11114462845484     
      1     11      2     10 -0.202874999999998     
      4     11      2     10  0.698594628454840     
      3     12      2     10  -2.92088388536452     
      3      7      3     10  0.412550000000000     
      1      9      3     10 -0.412550000000000     
      4      9      3     10  -3.83215000000000     
      3     10      3     10  -5.76994999999999     
      1      7      4     10  -3.35903457618406     
      4      7      4     10  -1.80973925690968     
      3      8      4     10   3.13456034141951     
      2      9      4     10   3.13456034141951     
      5      9      4     10  -1.38512103081283     
      1     10      4     10  -1.80973925690968     
      4     10      4     10  -8.00270000000000     
      3     11      4     10  -1.38512103081283     
      2      7      5     10  0.281323802186197     
      5      7      5     10  -1.11114462845484     
      1      8      5     10  -1.96084109027823     
      4      8      5     10  0.698594628454840     
      6      9      5     10 -0.211249999999998     
      2     10      5     10   1.11114462845484     
      5     10      5     10  -5.95855000000000     
      1     11      5     10 -0.698594628454840     
      4     11      5     10  -3.24370000000000     
      3     12      5     10 -0.988299999999998     
      6      7      6     10   2.50833388536452     
      2      8      6     10   2.90900927516569     
      5      8      6     10  -1.92455895104103     
      6     10      6     10  -4.57040000000000     
      2     11      6     10  -1.21000139037849     
      5     11      6     10  -1.38512103081283     
      1     12      6     10   2.92088388536452     
      4     12      6     10  -2.63260000000000     
      8      9      7     10  -1.18273089394841     
      7     10      7     10  -1.83835000000000     
      9     11      7     10 -0.714557560662541     
      7      8      8     10  0.000000000000000E+000
      8     10      8     10  -1.15550000000000     
      7     11      8     10  -1.36570000000000     
     10     11      8     10 -0.412550000000000     
      9     12      8     10 -0.412550000000000     
      7      9      9     10 -0.825100000000000     
      9     10      9     10  -1.93780000000000     
      2      7      1     11  0.565473292914882     
      5      7      1     11  -4.70327500000000     
      1      8      1     11  0.565473292914882     
      4      8      1     11   1.16282500000000     
      6      9      1     11   2.92088388536452     
      2     10      1     11 -0.202874999999998     
      5     10      1     11 -0.698594628454840     
      1     11      1     11  -5.85877500000000     
      4     11      1     11  -1.11114462845484     
      3     12      1     11   2.50833388536452     
      6      7      2     11   1.00703599015564     
      2      8      2     11 -0.565473292914882     
      5      8      2     11  -4.12186250000000     
      6     10      2     11  -1.21000139037849     
      2     11      2     11  -5.96021250000000     
      5     11      2     11   1.80973925690968     
      1     12      2     11 -0.175694903792767     
      4     12      2     11  -1.92455895104103     
      1      7      3     11   2.90900927516569     
      4      7      3     11   1.92455895104103     
      3      8      3     11  -2.50833388536452     
      2      9      3     11  -2.92088388536452     
      5      9      3     11  -2.63260000000000     
      1     10      3     11   1.21000139037849     
      4     10      3     11  -1.38512103081283     
      3     11      3     11  -4.57040000000000     
      2      7      4     11  -1.96084109027823     
      5      7      4     11 -0.698594628454840     
      1      8      4     11  0.281323802186197     
      4      8      4     11   1.11114462845484     
      6      9      4     11 -0.988299999999998     
      2     10      4     11  0.698594628454840     
      5     10      4     11  -3.24370000000000     
      1     11      4     11  -1.11114462845484     
      4     11      4     11  -5.95855000000000     
      3     12      4     11 -0.211249999999998     
      6      7      5     11  -3.13456034141951     
      2      8      5     11  -3.35903457618406     
      5      8      5     11   1.80973925690968     
      6     10      5     11  -1.38512103081283     
      2     11      5     11   1.80973925690968     
      5     11      5     11  -8.00270000000000     
      1     12      5     11  -3.13456034141951     
      4     12      5     11  -1.38512103081283     
      6      8      6     11 -0.412550000000000     
      6     11      6     11  -5.76995000000000     
      2     12      6     11  0.412550000000000     
      5     12      6     11  -3.83214999999999     
      7      8      7     11  0.000000000000000E+000
      8     10      7     11  -1.36570000000000     
      7     11      7     11  -1.15550000000000     
     10     11      7     11 -0.412550000000000     
      9     12      7     11 -0.412550000000000     
      8     11      8     11  -1.83835000000000     
      7     12      8     11  -1.18273089394841     
     10     12      8     11 -0.714557560662541     
      8      9      9     11 -0.412550000000000     
      7     10      9     11 -0.714557560662541     
      9     11      9     11  -1.93780000000000     
      7      8     10     11   2.24216489246442     
      8     10     10     11 -0.412550000000000     
      7     11     10     11 -0.412550000000000     
     10     11     10     11  -2.71485000000000     
      9     12     10     11  0.777050000000000     
      6      7      1     12  -5.28468750000000     
      2      8      1     12  0.979428473651854     
      5      8      1     12   1.00703599015564     
      6     10      1     12   2.92088388536452     
      2     11      1     12 -0.175694903792767     
      5     11      1     12  -3.13456034141951     
      1     12      1     12  -5.75733750000000     
      4     12      1     12   2.50833388536452     
      6      8      2     12  -3.54045000000000     
      6     11      2     12  0.412550000000000     
      2     12      2     12  -6.06165000000000     
      5     12      2     12 -0.412550000000000     
      2      7      3     12   3.64035837837025     
      5      7      3     12   2.92088388536452     
      1      8      3     12   1.39819348590583     
      4      8      3     12  -2.50833388536452     
      6      9      3     12  -1.64430000000000     
      2     10      3     12  -2.92088388536452     
      5     10      3     12 -0.988299999999998     
      1     11      3     12   2.50833388536452     
      4     11      3     12 -0.211249999999998     
      3     12      3     12  -4.35915000000000     
      6      7      4     12   2.92088388536452     
      2      8      4     12   2.90900927516569     
      5      8      4     12  -1.21000139037849     
      6     10      4     12  -2.63260000000000     
      2     11      4     12  -1.92455895104103     
      5     11      4     12  -1.38512103081283     
      1     12      4     12   2.50833388536452     
      4     12      4     12  -4.57040000000000     
      6      8      5     12  0.412550000000000     
      6     11      5     12  -3.83215000000000     
      2     12      5     12 -0.412550000000000     
      5     12      5     12  -5.76994999999999     
      6     12      6     12  -9.60210000000000     
      8     11      7     12  -1.18273089394841     
      7     12      7     12 -0.472650000000000     
     10     12      7     12 -0.412550000000000     
      8     12      8     12  -2.52120000000000     
     11     12      8     12 -0.825100000000000     
      7      8      9     12  -2.24216489246442     
      8     10      9     12 -0.412550000000000     
      7     11      9     12 -0.412550000000000     
     10     11      9     12  0.777050000000000     
      9     12      9     12  -2.71485000000000     
      8     11     10     12 -0.714557560662541     
      7     12     10     12 -0.412550000000000     
     10     12     10     12  -1.93780000000000     
      8     12     11     12 -0.825100000000000     
     11     12     11     12  -1.93780000000000     
