 ! Total Interaction
  20
   1   1   1   1     1     0  -7.1228
   1   2   1   1     1     0  -1.5994
   2   2   1   1     1     0   5.3111
   1   1   1   2     1     0  -1.5994
   1   2   1   2     1     0 -11.5220
   2   2   1   2     1     0  -8.0934
   1   1   2   2     1     0   5.3111
   1   2   2   2     1     0  -8.0934
   2   2   2   2     1     0  -5.6036
   1   2   1   2     2     0  -9.6021
   2   2   2   2     3     0  -9.6021
   1   1   1   1     0     1  -1.2497
   2   2   1   1     0     1  -3.1709
   1   1   2   2     0     1  -3.1709
   2   2   2   2     0     1  -3.4919
   1   2   1   2     1     1   0.2102
   1   2   1   2     2     1  -2.5212
   2   2   1   2     2     1   0.8251
   1   2   2   2     2     1   0.8251
   2   2   2   2     2     1  -1.9378
