      1      2      1      2  -1.22250000000000     
      2      4      1      2  0.000000000000000E+000
      1      5      1      2  0.000000000000000E+000
      4      5      1      2   2.37255538291522     
      3      6      1      2  -2.37255538291522     
      1      3      1      3  -2.66890000000000     
      3      4      1      3 -0.853100000000000     
      2      3      2      3 -0.457825000000000     
      1      4      2      3  -1.27656474644845     
      3      5      2      3 -0.426550000000000     
      2      3      1      4  -1.27656474644845     
      1      4      1      4  -1.93187500000000     
      3      5      1      4 -0.738806271968505     
      1      2      2      4  0.000000000000000E+000
      2      4      2      4  -1.19485000000000     
      1      5      2      4  -1.47405000000000     
      4      5      2      4 -0.426550000000000     
      3      6      2      4 -0.426550000000000     
      1      3      3      4 -0.853100000000000     
      3      4      3      4  -2.06570000000000     
      1      2      1      5  0.000000000000000E+000
      2      4      1      5  -1.47405000000000     
      1      5      1      5  -1.19485000000000     
      4      5      1      5 -0.426550000000000     
      3      6      1      5 -0.426550000000000     
      2      5      2      5  -1.93187500000000     
      1      6      2      5  -1.27656474644845     
      4      6      2      5 -0.738806271968505     
      2      3      3      5 -0.426550000000000     
      1      4      3      5 -0.738806271968505     
      3      5      3      5  -2.06570000000000     
      1      2      4      5   2.37255538291522     
      2      4      4      5 -0.426550000000000     
      1      5      4      5 -0.426550000000000     
      4      5      4      5  -2.83035000000000     
      3      6      4      5  0.764650000000000     
      2      5      1      6  -1.27656474644845     
      1      6      1      6 -0.457825000000000     
      4      6      1      6 -0.426550000000000     
      2      6      2      6  -2.66890000000000     
      5      6      2      6 -0.853100000000000     
      1      2      3      6  -2.37255538291522     
      2      4      3      6 -0.426550000000000     
      1      5      3      6 -0.426550000000000     
      4      5      3      6  0.764650000000000     
      3      6      3      6  -2.83035000000000     
      2      5      4      6 -0.738806271968505     
      1      6      4      6 -0.426550000000000     
      4      6      4      6  -2.06570000000000     
      2      6      5      6 -0.853100000000000     
      5      6      5      6  -2.06570000000000     
      1      7      1      7  -8.20760000000000     
      4      7      1      7  0.587004694402013     
      3      8      1      7  -1.01672195498573     
      2      9      1      7  -1.01672195498573     
      5      9      1      7   3.21463846225357     
      1     10      1      7  0.587004694402013     
      4     10      1      7  -3.71194476305885     
      3     11      1      7   3.21463846225357     
      2      7      2      7  -4.71505000000000     
      5      7      2      7  0.587004694402013     
      1      8      2      7  -3.49255000000000     
      4      8      2      7 -0.587004694402013     
      6      9      2      7   1.59768088083652     
      2     10      2      7 -0.587004694402013     
      5     10      2      7  0.258291500692900     
      1     11      2      7  0.587004694402013     
      4     11      2      7  -2.11426388222232     
      3     12      2      7   3.97023626375175     
      3      7      3      7  -6.78135000000000     
      1      9      3      7  -4.11245000000000     
      4      9      3      7 -0.426550000000000     
      3     10      3      7  0.426550000000000     
      1      7      4      7  0.587004694402013     
      4      7      4      7  -6.71821250000000     
      3      8      4      7 -0.109357357862879     
      2      9      4      7   1.16720738858557     
      5      9      4      7   1.39534109063189     
      1     10      4      7  -4.78633750000000     
      4     10      4      7  -2.03775110857533     
      3     11      4      7   2.13414736260039     
      2      7      5      7  0.587004694402013     
      5      7      5      7  -6.65507500000000     
      1      8      5      7  0.587004694402013     
      4      8      5      7 -0.126274999999998     
      6      9      5      7   2.84335166286300     
      2     10      5      7   1.34777500000000     
      5     10      5      7  -1.23215055428767     
      1     11      5      7  -5.46022500000000     
      4     11      5      7 -0.805600554287667     
      3     12      5      7   3.26990166286300     
      6      7      6      7  -6.59193750000000     
      2      8      6      7   1.01672195498573     
      5      8      6      7 -0.109357357862879     
      6     10      6      7   2.84335166286300     
      2     11      6      7   1.16720738858557     
      5     11      6      7  -3.52948845323228     
      1     12      6      7  -6.13411250000000     
      4     12      6      7   3.26990166286300     
      2      7      1      8  -3.49255000000000     
      5      7      1      8  0.587004694402013     
      1      8      1      8  -4.71505000000000     
      4      8      1      8 -0.587004694402013     
      6      9      1      8   3.97023626375175     
      2     10      1      8 -0.587004694402013     
      5     10      1      8  -2.11426388222232     
      1     11      1      8  0.587004694402013     
      4     11      1      8  0.258291500692900     
      3     12      1      8   1.59768088083652     
      6      7      2      8   1.01672195498573     
      2      8      2      8  -8.20760000000000     
      5      8      2      8 -0.587004694402013     
      6     10      2      8   3.21463846225357     
      2     11      2      8 -0.587004694402013     
      5     11      2      8  -3.71194476305885     
      1     12      2      8   1.01672195498573     
      4     12      2      8   3.21463846225357     
      1      7      3      8  -1.01672195498573     
      4      7      3      8 -0.109357357862879     
      3      8      3      8  -6.59193750000000     
      2      9      3      8  -6.13411250000000     
      5      9      3      8  -3.26990166286300     
      1     10      3      8   1.16720738858557     
      4     10      3      8   3.52948845323228     
      3     11      3      8  -2.84335166286300     
      2      7      4      8 -0.587004694402013     
      5      7      4      8 -0.126274999999998     
      1      8      4      8 -0.587004694402013     
      4      8      4      8  -6.65507500000000     
      6      9      4      8  -3.26990166286300     
      2     10      4      8  -5.46022500000000     
      5     10      4      8  0.805600554287667     
      1     11      4      8   1.34777500000000     
      4     11      4      8   1.23215055428767     
      3     12      4      8  -2.84335166286300     
      6      7      5      8 -0.109357357862879     
      2      8      5      8 -0.587004694402013     
      5      8      5      8  -6.71821250000000     
      6     10      5      8  -2.13414736260039     
      2     11      5      8  -4.78633750000000     
      5     11      5      8   2.03775110857533     
      1     12      5      8   1.16720738858557     
      4     12      5      8  -1.39534109063189     
      6      8      6      8  -6.78135000000000     
      6     11      6      8 -0.426550000000000     
      2     12      6      8  -4.11245000000000     
      5     12      6      8  0.426550000000000     
      7      8      7      8  -1.22250000000000     
      8     10      7      8  0.000000000000000E+000
      7     11      7      8  0.000000000000000E+000
     10     11      7      8   2.37255538291522     
      9     12      7      8  -2.37255538291522     
      3      7      1      9  -4.11245000000000     
      1      9      1      9  -6.78135000000000     
      4      9      1      9  0.426550000000000     
      3     10      1      9 -0.426550000000000     
      1      7      2      9  -1.01672195498573     
      4      7      2      9   1.16720738858557     
      3      8      2      9  -6.13411250000000     
      2      9      2      9  -6.59193750000000     
      5      9      2      9  -2.84335166286300     
      1     10      2      9 -0.109357357862879     
      4     10      2      9   3.52948845323228     
      3     11      2      9  -3.26990166286300     
      3      9      3      9  -10.8938000000000     
      3      7      4      9 -0.426550000000000     
      1      9      4      9  0.426550000000000     
      4      9      4      9  -6.47975000000000     
      3     10      4      9  -4.41404999999999     
      1      7      5      9   3.21463846225357     
      4      7      5      9   1.39534109063189     
      3      8      5      9  -3.26990166286300     
      2      9      5      9  -2.84335166286300     
      5      9      5      9  -5.23451000000000     
      1     10      5      9   2.13414736260039     
      4     10      5      9  -1.43787929841137     
      3     11      5      9  -3.16881000000000     
      2      7      6      9   1.59768088083652     
      5      7      6      9   2.84335166286300     
      1      8      6      9   3.97023626375175     
      4      8      6      9  -3.26990166286300     
      6      9      6      9  -4.99421500000000     
      2     10      6      9  -2.84335166286300     
      5     10      6      9 -0.240294999999997     
      1     11      6      9   3.26990166286300     
      4     11      6      9  -1.00494500000000     
      3     12      6      9  -2.16386500000000     
      7      9      7      9  -2.66890000000000     
      9     10      7      9 -0.853100000000000     
      8      9      8      9 -0.457825000000000     
      7     10      8      9  -1.27656474644845     
      9     11      8      9 -0.426550000000000     
      1      7      1     10  0.587004694402013     
      4      7      1     10  -4.78633750000000     
      3      8      1     10   1.16720738858557     
      2      9      1     10 -0.109357357862879     
      5      9      1     10   2.13414736260039     
      1     10      1     10  -6.71821250000000     
      4     10      1     10  -2.03775110857533     
      3     11      1     10   1.39534109063189     
      2      7      2     10 -0.587004694402013     
      5      7      2     10   1.34777500000000     
      1      8      2     10 -0.587004694402013     
      4      8      2     10  -5.46022500000000     
      6      9      2     10  -2.84335166286300     
      2     10      2     10  -6.65507500000000     
      5     10      2     10   1.23215055428767     
      1     11      2     10 -0.126274999999998     
      4     11      2     10  0.805600554287667     
      3     12      2     10  -3.26990166286300     
      3      7      3     10  0.426550000000000     
      1      9      3     10 -0.426550000000000     
      4      9      3     10  -4.41404999999999     
      3     10      3     10  -6.47974999999999     
      1      7      4     10  -3.71194476305885     
      4      7      4     10  -2.03775110857533     
      3      8      4     10   3.52948845323228     
      2      9      4     10   3.52948845323228     
      5      9      4     10  -1.43787929841137     
      1     10      4     10  -2.03775110857533     
      4     10      4     10  -9.23348000000000     
      3     11      4     10  -1.43787929841137     
      2      7      5     10  0.258291500692900     
      5      7      5     10  -1.23215055428767     
      1      8      5     10  -2.11426388222232     
      4      8      5     10  0.805600554287667     
      6      9      5     10 -0.240294999999997     
      2     10      5     10   1.23215055428767     
      5     10      5     10  -6.65453500000000     
      1     11      5     10 -0.805600554287667     
      4     11      5     10  -3.82418500000000     
      3     12      5     10  -1.00494500000000     
      6      7      6     10   2.84335166286300     
      2      8      6     10   3.21463846225357     
      5      8      6     10  -2.13414736260039     
      6     10      6     10  -5.23451000000000     
      2     11      6     10  -1.39534109063189     
      5     11      6     10  -1.43787929841137     
      1     12      6     10   3.26990166286300     
      4     12      6     10  -3.16881000000000     
      8      9      7     10  -1.27656474644845     
      7     10      7     10  -1.93187500000000     
      9     11      7     10 -0.738806271968505     
      7      8      8     10  0.000000000000000E+000
      8     10      8     10  -1.19485000000000     
      7     11      8     10  -1.47405000000000     
     10     11      8     10 -0.426550000000000     
      9     12      8     10 -0.426550000000000     
      7      9      9     10 -0.853100000000000     
      9     10      9     10  -2.06570000000000     
      2      7      1     11  0.587004694402013     
      5      7      1     11  -5.46022500000000     
      1      8      1     11  0.587004694402013     
      4      8      1     11   1.34777500000000     
      6      9      1     11   3.26990166286300     
      2     10      1     11 -0.126274999999998     
      5     10      1     11 -0.805600554287667     
      1     11      1     11  -6.65507500000000     
      4     11      1     11  -1.23215055428767     
      3     12      1     11   2.84335166286300     
      6      7      2     11   1.16720738858557     
      2      8      2     11 -0.587004694402013     
      5      8      2     11  -4.78633750000000     
      6     10      2     11  -1.39534109063189     
      2     11      2     11  -6.71821250000000     
      5     11      2     11   2.03775110857533     
      1     12      2     11 -0.109357357862879     
      4     12      2     11  -2.13414736260039     
      1      7      3     11   3.21463846225357     
      4      7      3     11   2.13414736260039     
      3      8      3     11  -2.84335166286300     
      2      9      3     11  -3.26990166286300     
      5      9      3     11  -3.16881000000000     
      1     10      3     11   1.39534109063189     
      4     10      3     11  -1.43787929841137     
      3     11      3     11  -5.23451000000000     
      2      7      4     11  -2.11426388222232     
      5      7      4     11 -0.805600554287667     
      1      8      4     11  0.258291500692900     
      4      8      4     11   1.23215055428767     
      6      9      4     11  -1.00494500000000     
      2     10      4     11  0.805600554287667     
      5     10      4     11  -3.82418500000000     
      1     11      4     11  -1.23215055428767     
      4     11      4     11  -6.65453500000000     
      3     12      4     11 -0.240294999999997     
      6      7      5     11  -3.52948845323228     
      2      8      5     11  -3.71194476305885     
      5      8      5     11   2.03775110857533     
      6     10      5     11  -1.43787929841137     
      2     11      5     11   2.03775110857533     
      5     11      5     11  -9.23348000000000     
      1     12      5     11  -3.52948845323228     
      4     12      5     11  -1.43787929841137     
      6      8      6     11 -0.426550000000000     
      6     11      6     11  -6.47975000000000     
      2     12      6     11  0.426550000000000     
      5     12      6     11  -4.41404999999999     
      7      8      7     11  0.000000000000000E+000
      8     10      7     11  -1.47405000000000     
      7     11      7     11  -1.19485000000000     
     10     11      7     11 -0.426550000000000     
      9     12      7     11 -0.426550000000000     
      8     11      8     11  -1.93187500000000     
      7     12      8     11  -1.27656474644845     
     10     12      8     11 -0.738806271968505     
      8      9      9     11 -0.426550000000000     
      7     10      9     11 -0.738806271968505     
      9     11      9     11  -2.06570000000000     
      7      8     10     11   2.37255538291522     
      8     10     10     11 -0.426550000000000     
      7     11     10     11 -0.426550000000000     
     10     11     10     11  -2.83035000000000     
      9     12     10     11  0.764650000000000     
      6      7      1     12  -6.13411250000000     
      2      8      1     12   1.01672195498573     
      5      8      1     12   1.16720738858557     
      6     10      1     12   3.26990166286300     
      2     11      1     12 -0.109357357862879     
      5     11      1     12  -3.52948845323228     
      1     12      1     12  -6.59193750000000     
      4     12      1     12   2.84335166286300     
      6      8      2     12  -4.11245000000000     
      6     11      2     12  0.426550000000000     
      2     12      2     12  -6.78135000000000     
      5     12      2     12 -0.426550000000000     
      2      7      3     12   3.97023626375175     
      5      7      3     12   3.26990166286300     
      1      8      3     12   1.59768088083652     
      4      8      3     12  -2.84335166286300     
      6      9      3     12  -2.16386500000000     
      2     10      3     12  -3.26990166286300     
      5     10      3     12  -1.00494500000000     
      1     11      3     12   2.84335166286300     
      4     11      3     12 -0.240294999999997     
      3     12      3     12  -4.99421500000000     
      6      7      4     12   3.26990166286300     
      2      8      4     12   3.21463846225357     
      5      8      4     12  -1.39534109063189     
      6     10      4     12  -3.16881000000000     
      2     11      4     12  -2.13414736260039     
      5     11      4     12  -1.43787929841137     
      1     12      4     12   2.84335166286300     
      4     12      4     12  -5.23451000000000     
      6      8      5     12  0.426550000000000     
      6     11      5     12  -4.41404999999999     
      2     12      5     12 -0.426550000000000     
      5     12      5     12  -6.47974999999999     
      6     12      6     12  -10.8938000000000     
      8     11      7     12  -1.27656474644845     
      7     12      7     12 -0.457825000000000     
     10     12      7     12 -0.426550000000000     
      8     12      8     12  -2.66890000000000     
     11     12      8     12 -0.853100000000000     
      7      8      9     12  -2.37255538291522     
      8     10      9     12 -0.426550000000000     
      7     11      9     12 -0.426550000000000     
     10     11      9     12  0.764650000000000     
      9     12      9     12  -2.83035000000000     
      8     11     10     12 -0.738806271968505     
      7     12     10     12 -0.426550000000000     
     10     12     10     12  -2.06570000000000     
      8     12     11     12 -0.853100000000000     
     11     12     11     12  -2.06570000000000     
