 ! Total Interaction
  20
   1   1   1   1     1     0  -8.2076
   1   2   1   1     1     0  -1.6603
   2   2   1   1     1     0   5.8691
   1   1   1   2     1     0  -1.6603
   1   2   1   2     1     0 -13.3368
   2   2   1   2     1     0  -9.1131
   1   1   2   2     1     0   5.8691
   1   2   2   2     1     0  -9.1131
   2   2   2   2     1     0  -6.7430
   1   2   1   2     2     0 -10.8938
   2   2   2   2     3     0 -10.8938
   1   1   1   1     0     1  -1.2225
   2   2   1   1     0     1  -3.3553
   1   1   2   2     0     1  -3.3553
   2   2   2   2     0     1  -3.5950
   1   2   1   2     1     1   0.2792
   1   2   1   2     2     1  -2.6689
   2   2   1   2     2     1   0.8531
   1   2   2   2     2     1   0.8531
   2   2   2   2     2     1  -2.0657
