      1      1      1      1           2           0   6.04927404797468     
      1      1      1      1           0           0  -12.9226500000000     
      1      1      1      2           2           0  -2.03344390997146     
      1      1      2      1           2           0  -2.03344390997146     
      1      1      2      2           4           0  -8.87771817248369     
      1      1      2      2           2           0   5.98190292214383     
      1      2      1      1           2           0   2.03344390997146     
      1      2      1      2           2           0  0.345818329744827     
      1      2      1      2           0           0  -18.9126845560146     
      1      2      2      1           4           0   13.7162925316312     
      1      2      2      1           2           0  -5.95576495500106     
      1      2      2      2           4           0   10.3403369794191     
      1      2      2      2           2           0   4.41245595922020     
      2      1      1      1           2           0   2.03344390997146     
      2      1      1      2           4           0   13.7162925316312     
      2      1      1      2           2           0  -5.95576495500106     
      2      1      2      1           2           0  0.345818329744827     
      2      1      2      1           0           0  -18.9126845560146     
      2      1      2      2           4           0   10.3403369794191     
      2      1      2      2           2           0   4.41245595922020     
      2      2      1      1           4           0  -8.87771817248369     
      2      2      1      1           2           0   5.98190292214383     
      2      2      1      2           4           0  -10.3403369794191     
      2      2      1      2           2           0  -4.41245595922020     
      2      2      2      1           4           0  -10.3403369794191     
      2      2      2      1           2           0  -4.41245595922020     
      2      2      2      2           6           0   5.72504866071678     
      2      2      2      2           4           0  -9.33279990142964     
      2      2      2      2           2           0   10.9373206127769     
      2      2      2      2           0           0  -27.6022750000000     
      1      1      1      1           2           0   6.04927404797468     
      1      1      1      1           0           0  -12.9226500000000     
      1      1      1      2           2           0  -2.03344390997146     
      1      1      2      1           2           0  -2.03344390997146     
      1      1      2      2           4           0  -8.87771817248369     
      1      1      2      2           2           0   5.98190292214383     
      1      2      1      1           2           0   2.03344390997146     
      1      2      1      2           2           0  0.345818329744827     
      1      2      1      2           0           0  -18.9126845560146     
      1      2      2      1           4           0   13.7162925316312     
      1      2      2      1           2           0  -5.95576495500106     
      1      2      2      2           4           0   10.3403369794191     
      1      2      2      2           2           0   4.41245595922020     
      2      1      1      1           2           0   2.03344390997146     
      2      1      1      2           4           0   13.7162925316312     
      2      1      1      2           2           0  -5.95576495500106     
      2      1      2      1           2           0  0.345818329744827     
      2      1      2      1           0           0  -18.9126845560146     
      2      1      2      2           4           0   10.3403369794191     
      2      1      2      2           2           0   4.41245595922020     
      2      2      1      1           4           0  -8.87771817248369     
      2      2      1      1           2           0   5.98190292214383     
      2      2      1      2           4           0  -10.3403369794191     
      2      2      1      2           2           0  -4.41245595922020     
      2      2      2      1           4           0  -10.3403369794191     
      2      2      2      1           2           0  -4.41245595922020     
      2      2      2      2           6           0   5.72504866071678     
      2      2      2      2           4           0  -9.33279990142964     
      2      2      2      2           2           0   10.9373206127769     
      2      2      2      2           0           0  -27.6022750000000     
          60           6
   1   1   3   3   0   0   0   0-12.9226   1   1
   1   1   3   3   2   0   0   0  6.0493   1   1
   1   1   3   4   2   0   0   0 -2.0334   1   1
   1   1   4   3   2   0   0   0  2.0334   1   1
   1   1   4   4   0   0   0   0-18.9127   1   1
   1   1   4   4   2   0   0   0  0.3458   1   1
   1   2   3   3   2   0   0   0 -2.0334   1   1
   1   2   3   4   2   0   0   0  5.9819   1   1
   1   2   3   4   4   0   0   0 -8.8777   1   1
   1   2   4   3   2   0   0   0 -5.9558   1   1
   1   2   4   3   4   0   0   0 13.7163   1   1
   1   2   4   4   2   0   0   0  4.4125   1   1
   1   2   4   4   4   0   0   0 10.3403   1   1
   2   1   3   3   2   0   0   0  2.0334   1   1
   2   1   3   4   2   0   0   0 -5.9558   1   1
   2   1   3   4   4   0   0   0 13.7163   1   1
   2   1   4   3   2   0   0   0  5.9819   1   1
   2   1   4   3   4   0   0   0 -8.8777   1   1
   2   1   4   4   2   0   0   0 -4.4125   1   1
   2   1   4   4   4   0   0   0-10.3403   1   1
   2   2   3   3   0   0   0   0-18.9127   1   1
   2   2   3   3   2   0   0   0  0.3458   1   1
   2   2   3   4   2   0   0   0  4.4125   1   1
   2   2   3   4   4   0   0   0 10.3403   1   1
   2   2   4   3   2   0   0   0 -4.4125   1   1
   2   2   4   3   4   0   0   0-10.3403   1   1
   2   2   4   4   0   0   0   0-27.6023   1   1
   2   2   4   4   2   0   0   0 10.9373   1   1
   2   2   4   4   4   0   0   0 -9.3328   1   1
   2   2   4   4   6   0   0   0  5.7250   1   1
   3   3   1   1   0   0   0   0-12.9226   1   1
   3   3   1   1   2   0   0   0  6.0493   1   1
   3   3   1   2   2   0   0   0 -2.0334   1   1
   3   3   2   1   2   0   0   0  2.0334   1   1
   3   3   2   2   0   0   0   0-18.9127   1   1
   3   3   2   2   2   0   0   0  0.3458   1   1
   3   4   1   1   2   0   0   0 -2.0334   1   1
   3   4   1   2   2   0   0   0  5.9819   1   1
   3   4   1   2   4   0   0   0 -8.8777   1   1
   3   4   2   1   2   0   0   0 -5.9558   1   1
   3   4   2   1   4   0   0   0 13.7163   1   1
   3   4   2   2   2   0   0   0  4.4125   1   1
   3   4   2   2   4   0   0   0 10.3403   1   1
   4   3   1   1   2   0   0   0  2.0334   1   1
   4   3   1   2   2   0   0   0 -5.9558   1   1
   4   3   1   2   4   0   0   0 13.7163   1   1
   4   3   2   1   2   0   0   0  5.9819   1   1
   4   3   2   1   4   0   0   0 -8.8777   1   1
   4   3   2   2   2   0   0   0 -4.4125   1   1
   4   3   2   2   4   0   0   0-10.3403   1   1
   4   4   1   1   0   0   0   0-18.9127   1   1
   4   4   1   1   2   0   0   0  0.3458   1   1
   4   4   1   2   2   0   0   0  4.4125   1   1
   4   4   1   2   4   0   0   0 10.3403   1   1
   4   4   2   1   2   0   0   0 -4.4125   1   1
   4   4   2   1   4   0   0   0-10.3403   1   1
   4   4   2   2   0   0   0   0-27.6023   1   1
   4   4   2   2   2   0   0   0 10.9373   1   1
   4   4   2   2   4   0   0   0 -9.3328   1   1
   4   4   2   2   6   0   0   0  5.7250   1   1
