      1      2      1      2  -1.32470000000000     
      2      4      1      2  0.000000000000000E+000
      1      5      1      2  0.000000000000000E+000
      4      5      1      2   2.21713331241042     
      3      6      1      2  -2.21713331241042     
      1      3      1      3  -2.51520000000000     
      3      4      1      3  -1.29950000000000     
      2      3      2      3 -0.351975000000000     
      1      4      2      3  -1.24893853606773     
      3      5      2      3 -0.649750000000000     
      2      3      1      4  -1.24893853606773     
      1      4      1      4  -1.79412500000000     
      3      5      1      4  -1.12540001221788     
      1      2      2      4  0.000000000000000E+000
      2      4      2      4  -1.07305000000000     
      1      5      2      4  -1.44215000000000     
      4      5      2      4 -0.649750000000000     
      3      6      2      4 -0.649750000000000     
      1      3      3      4  -1.29950000000000     
      3      4      3      4  -1.59630000000000     
      1      2      1      5  0.000000000000000E+000
      2      4      1      5  -1.44215000000000     
      1      5      1      5  -1.07305000000000     
      4      5      1      5 -0.649750000000000     
      3      6      1      5 -0.649750000000000     
      2      5      2      5  -1.79412500000000     
      1      6      2      5  -1.24893853606773     
      4      6      2      5  -1.12540001221788     
      2      3      3      5 -0.649750000000000     
      1      4      3      5  -1.12540001221788     
      3      5      3      5  -1.59630000000000     
      1      2      4      5   2.21713331241042     
      2      4      4      5 -0.649750000000000     
      1      5      4      5 -0.649750000000000     
      4      5      4      5  -2.56905000000000     
      3      6      4      5  0.972750000000000     
      2      5      1      6  -1.24893853606773     
      1      6      1      6 -0.351975000000000     
      4      6      1      6 -0.649750000000000     
      2      6      2      6  -2.51520000000000     
      5      6      2      6  -1.29950000000000     
      1      2      3      6  -2.21713331241042     
      2      4      3      6 -0.649750000000000     
      1      5      3      6 -0.649750000000000     
      4      5      3      6  0.972750000000000     
      3      6      3      6  -2.56905000000000     
      2      5      4      6  -1.12540001221788     
      1      6      4      6 -0.649750000000000     
      4      6      4      6  -1.59630000000000     
      2      6      5      6  -1.29950000000000     
      5      6      5      6  -1.59630000000000     
      1      7      1      7  -6.37470000000000     
      4      7      1      7  0.135905923344054     
      3      8      1      7 -0.235395964281464     
      2      9      1      7 -0.235395964281464     
      5      9      1      7   1.86335214063258     
      1     10      1      7  0.135905923344054     
      4     10      1      7  -2.15161371997857     
      3     11      1      7   1.86335214063258     
      2      7      2      7  -3.84970000000000     
      5      7      2      7  0.135905923344054     
      1      8      2      7  -2.52500000000000     
      4      8      2      7 -0.135905923344054     
      6      9      2      7  0.505143633778715     
      2     10      2      7 -0.135905923344054     
      5     10      2      7  0.570663226210569     
      1     11      2      7  0.135905923344054     
      4     11      2      7  -1.64647008619985     
      3     12      2      7   2.72227694618913     
      3      7      3      7  -5.07895000000000     
      1      9      3      7  -2.56375000000000     
      4      9      3      7 -0.649750000000000     
      3     10      3      7  0.649750000000000     
      1      7      4      7  0.135905923344054     
      4      7      4      7  -5.11215000000000     
      3      8      4      7  5.750408681128771E-002
      2      9      4      7   1.30644262287902     
      5      9      4      7  0.637169599462850     
      1     10      4      7  -3.31802500000000     
      4     10      4      7  -1.38549007953865     
      3     11      4      7   1.76256961168073     
      2      7      5      7  0.135905923344054     
      5      7      5      7  -5.14535000000000     
      1      8      5      7  0.135905923344054     
      4      8      5      7  6.640000000000224E-002
      6      9      5      7   1.75336011930797     
      2     10      5      7   1.50855000000000     
      5     10      5      7  -1.01762003976932     
      1     11      5      7  -4.07230000000000     
      4     11      5      7 -0.367870039769323     
      3     12      5      7   2.40311011930797     
      6      7      6      7  -5.17855000000000     
      2      8      6      7  0.235395964281464     
      5      8      6      7  5.750408681128727E-002
      6     10      6      7   1.75336011930797     
      2     11      6      7   1.30644262287902     
      5     11      6      7  -2.39973921114358     
      1     12      6      7  -4.82657500000000     
      4     12      6      7   2.40311011930797     
      2      7      1      8  -2.52500000000000     
      5      7      1      8  0.135905923344054     
      1      8      1      8  -3.84970000000000     
      4      8      1      8 -0.135905923344054     
      6      9      1      8   2.72227694618913     
      2     10      1      8 -0.135905923344054     
      5     10      1      8  -1.64647008619985     
      1     11      1      8  0.135905923344054     
      4     11      1      8  0.570663226210569     
      3     12      1      8  0.505143633778715     
      6      7      2      8  0.235395964281464     
      2      8      2      8  -6.37470000000000     
      5      8      2      8 -0.135905923344054     
      6     10      2      8   1.86335214063258     
      2     11      2      8 -0.135905923344054     
      5     11      2      8  -2.15161371997857     
      1     12      2      8  0.235395964281464     
      4     12      2      8   1.86335214063258     
      1      7      3      8 -0.235395964281464     
      4      7      3      8  5.750408681128727E-002
      3      8      3      8  -5.17855000000000     
      2      9      3      8  -4.82657500000000     
      5      9      3      8  -2.40311011930797     
      1     10      3      8   1.30644262287902     
      4     10      3      8   2.39973921114358     
      3     11      3      8  -1.75336011930797     
      2      7      4      8 -0.135905923344054     
      5      7      4      8  6.640000000000224E-002
      1      8      4      8 -0.135905923344054     
      4      8      4      8  -5.14535000000000     
      6      9      4      8  -2.40311011930797     
      2     10      4      8  -4.07230000000000     
      5     10      4      8  0.367870039769323     
      1     11      4      8   1.50855000000000     
      4     11      4      8   1.01762003976932     
      3     12      4      8  -1.75336011930797     
      6      7      5      8  5.750408681128771E-002
      2      8      5      8 -0.135905923344054     
      5      8      5      8  -5.11215000000000     
      6     10      5      8  -1.76256961168073     
      2     11      5      8  -3.31802500000000     
      5     11      5      8   1.38549007953865     
      1     12      5      8   1.30644262287902     
      4     12      5      8 -0.637169599462850     
      6      8      6      8  -5.07895000000000     
      6     11      6      8 -0.649750000000000     
      2     12      6      8  -2.56375000000000     
      5     12      6      8  0.649750000000000     
      7      8      7      8  -1.32470000000000     
      8     10      7      8  0.000000000000000E+000
      7     11      7      8  0.000000000000000E+000
     10     11      7      8   2.21713331241042     
      9     12      7      8  -2.21713331241042     
      3      7      1      9  -2.56375000000000     
      1      9      1      9  -5.07895000000000     
      4      9      1      9  0.649750000000000     
      3     10      1      9 -0.649750000000000     
      1      7      2      9 -0.235395964281464     
      4      7      2      9   1.30644262287902     
      3      8      2      9  -4.82657500000000     
      2      9      2      9  -5.17855000000000     
      5      9      2      9  -1.75336011930797     
      1     10      2      9  5.750408681128727E-002
      4     10      2      9   2.39973921114358     
      3     11      2      9  -2.40311011930797     
      3      9      3      9  -7.64270000000000     
      3      7      4      9 -0.649750000000000     
      1      9      4      9  0.649750000000000     
      4      9      4      9  -4.61950000000000     
      3     10      4      9  -3.02320000000000     
      1      7      5      9   1.86335214063258     
      4      7      5      9  0.637169599462850     
      3      8      5      9  -2.40311011930797     
      2      9      5      9  -1.75336011930797     
      5      9      5      9  -4.33120000000000     
      1     10      5      9   1.76256961168073     
      4     10      5      9 -0.332900165214735     
      3     11      5      9  -2.73490000000000     
      2      7      6      9  0.505143633778715     
      5      7      6      9   1.75336011930797     
      1      8      6      9   2.72227694618913     
      4      8      6      9  -2.40311011930797     
      6      9      6      9  -4.67342500000000     
      2     10      6      9  -1.75336011930797     
      5     10      6      9  0.342225000000001     
      1     11      6      9   2.40311011930797     
      4     11      6      9 -0.630524999999998     
      3     12      6      9  -2.10437500000000     
      7      9      7      9  -2.51520000000000     
      9     10      7      9  -1.29950000000000     
      8      9      8      9 -0.351975000000000     
      7     10      8      9  -1.24893853606773     
      9     11      8      9 -0.649750000000000     
      1      7      1     10  0.135905923344054     
      4      7      1     10  -3.31802500000000     
      3      8      1     10   1.30644262287902     
      2      9      1     10  5.750408681128771E-002
      5      9      1     10   1.76256961168073     
      1     10      1     10  -5.11215000000000     
      4     10      1     10  -1.38549007953865     
      3     11      1     10  0.637169599462850     
      2      7      2     10 -0.135905923344054     
      5      7      2     10   1.50855000000000     
      1      8      2     10 -0.135905923344054     
      4      8      2     10  -4.07230000000000     
      6      9      2     10  -1.75336011930797     
      2     10      2     10  -5.14535000000000     
      5     10      2     10   1.01762003976932     
      1     11      2     10  6.640000000000224E-002
      4     11      2     10  0.367870039769323     
      3     12      2     10  -2.40311011930797     
      3      7      3     10  0.649750000000000     
      1      9      3     10 -0.649750000000000     
      4      9      3     10  -3.02320000000000     
      3     10      3     10  -4.61950000000000     
      1      7      4     10  -2.15161371997857     
      4      7      4     10  -1.38549007953865     
      3      8      4     10   2.39973921114358     
      2      9      4     10   2.39973921114358     
      5      9      4     10 -0.332900165214734     
      1     10      4     10  -1.38549007953865     
      4     10      4     10  -7.25830000000000     
      3     11      4     10 -0.332900165214734     
      2      7      5     10  0.570663226210569     
      5      7      5     10  -1.01762003976932     
      1      8      5     10  -1.64647008619985     
      4      8      5     10  0.367870039769323     
      6      9      5     10  0.342225000000001     
      2     10      5     10   1.01762003976932     
      5     10      5     10  -5.05782500000000     
      1     11      5     10 -0.367870039769323     
      4     11      5     10  -2.48877500000000     
      3     12      5     10 -0.630524999999998     
      6      7      6     10   1.75336011930797     
      2      8      6     10   1.86335214063258     
      5      8      6     10  -1.76256961168073     
      6     10      6     10  -4.33120000000000     
      2     11      6     10 -0.637169599462850     
      5     11      6     10 -0.332900165214735     
      1     12      6     10   2.40311011930797     
      4     12      6     10  -2.73490000000000     
      8      9      7     10  -1.24893853606773     
      7     10      7     10  -1.79412500000000     
      9     11      7     10  -1.12540001221788     
      7      8      8     10  0.000000000000000E+000
      8     10      8     10  -1.07305000000000     
      7     11      8     10  -1.44215000000000     
     10     11      8     10 -0.649750000000000     
      9     12      8     10 -0.649750000000000     
      7      9      9     10  -1.29950000000000     
      9     10      9     10  -1.59630000000000     
      2      7      1     11  0.135905923344054     
      5      7      1     11  -4.07230000000000     
      1      8      1     11  0.135905923344054     
      4      8      1     11   1.50855000000000     
      6      9      1     11   2.40311011930797     
      2     10      1     11  6.640000000000224E-002
      5     10      1     11 -0.367870039769323     
      1     11      1     11  -5.14535000000000     
      4     11      1     11  -1.01762003976932     
      3     12      1     11   1.75336011930797     
      6      7      2     11   1.30644262287902     
      2      8      2     11 -0.135905923344054     
      5      8      2     11  -3.31802500000000     
      6     10      2     11 -0.637169599462850     
      2     11      2     11  -5.11215000000000     
      5     11      2     11   1.38549007953865     
      1     12      2     11  5.750408681128771E-002
      4     12      2     11  -1.76256961168073     
      1      7      3     11   1.86335214063258     
      4      7      3     11   1.76256961168073     
      3      8      3     11  -1.75336011930797     
      2      9      3     11  -2.40311011930797     
      5      9      3     11  -2.73490000000000     
      1     10      3     11  0.637169599462850     
      4     10      3     11 -0.332900165214735     
      3     11      3     11  -4.33120000000000     
      2      7      4     11  -1.64647008619985     
      5      7      4     11 -0.367870039769323     
      1      8      4     11  0.570663226210569     
      4      8      4     11   1.01762003976932     
      6      9      4     11 -0.630524999999998     
      2     10      4     11  0.367870039769323     
      5     10      4     11  -2.48877500000000     
      1     11      4     11  -1.01762003976932     
      4     11      4     11  -5.05782500000000     
      3     12      4     11  0.342225000000001     
      6      7      5     11  -2.39973921114358     
      2      8      5     11  -2.15161371997857     
      5      8      5     11   1.38549007953865     
      6     10      5     11 -0.332900165214734     
      2     11      5     11   1.38549007953865     
      5     11      5     11  -7.25830000000000     
      1     12      5     11  -2.39973921114358     
      4     12      5     11 -0.332900165214734     
      6      8      6     11 -0.649750000000000     
      6     11      6     11  -4.61950000000000     
      2     12      6     11  0.649750000000000     
      5     12      6     11  -3.02320000000000     
      7      8      7     11  0.000000000000000E+000
      8     10      7     11  -1.44215000000000     
      7     11      7     11  -1.07305000000000     
     10     11      7     11 -0.649750000000000     
      9     12      7     11 -0.649750000000000     
      8     11      8     11  -1.79412500000000     
      7     12      8     11  -1.24893853606773     
     10     12      8     11  -1.12540001221788     
      8      9      9     11 -0.649750000000000     
      7     10      9     11  -1.12540001221788     
      9     11      9     11  -1.59630000000000     
      7      8     10     11   2.21713331241042     
      8     10     10     11 -0.649750000000000     
      7     11     10     11 -0.649750000000000     
     10     11     10     11  -2.56905000000000     
      9     12     10     11  0.972750000000000     
      6      7      1     12  -4.82657500000000     
      2      8      1     12  0.235395964281464     
      5      8      1     12   1.30644262287902     
      6     10      1     12   2.40311011930797     
      2     11      1     12  5.750408681128727E-002
      5     11      1     12  -2.39973921114358     
      1     12      1     12  -5.17855000000000     
      4     12      1     12   1.75336011930797     
      6      8      2     12  -2.56375000000000     
      6     11      2     12  0.649750000000000     
      2     12      2     12  -5.07895000000000     
      5     12      2     12 -0.649750000000000     
      2      7      3     12   2.72227694618913     
      5      7      3     12   2.40311011930797     
      1      8      3     12  0.505143633778715     
      4      8      3     12  -1.75336011930797     
      6      9      3     12  -2.10437500000000     
      2     10      3     12  -2.40311011930797     
      5     10      3     12 -0.630524999999998     
      1     11      3     12   1.75336011930797     
      4     11      3     12  0.342225000000001     
      3     12      3     12  -4.67342500000000     
      6      7      4     12   2.40311011930797     
      2      8      4     12   1.86335214063258     
      5      8      4     12 -0.637169599462850     
      6     10      4     12  -2.73490000000000     
      2     11      4     12  -1.76256961168073     
      5     11      4     12 -0.332900165214735     
      1     12      4     12   1.75336011930797     
      4     12      4     12  -4.33120000000000     
      6      8      5     12  0.649750000000000     
      6     11      5     12  -3.02320000000000     
      2     12      5     12 -0.649750000000000     
      5     12      5     12  -4.61950000000000     
      6     12      6     12  -7.64270000000000     
      8     11      7     12  -1.24893853606773     
      7     12      7     12 -0.351975000000000     
     10     12      7     12 -0.649750000000000     
      8     12      8     12  -2.51520000000000     
     11     12      8     12  -1.29950000000000     
      7      8      9     12  -2.21713331241042     
      8     10      9     12 -0.649750000000000     
      7     11      9     12 -0.649750000000000     
     10     11      9     12  0.972750000000000     
      9     12      9     12  -2.56905000000000     
      8     11     10     12  -1.12540001221788     
      7     12     10     12 -0.649750000000000     
     10     12     10     12  -1.59630000000000     
      8     12     11     12  -1.29950000000000     
     11     12     11     12  -1.59630000000000     
