      1      1      1      1           2           0   4.37342828911141     
      1      1      1      1           0           0  -10.2244000000000     
      1      1      1      2           2           0 -0.470791928562927     
      1      1      2      1           2           0 -0.470791928562927     
      1      1      2      2           4           0  -6.08719630525944     
      1      1      2      2           2           0   2.73828657945727     
      1      2      1      1           2           0  0.470791928562927     
      1      2      1      2           2           0 -0.181843889091714     
      1      2      1      2           0           0  -14.5062956160420     
      1      2      2      1           4           0   10.7925497985010     
      1      2      2      1           2           0  -3.13410263502569     
      1      2      2      2           4           0   7.59930144521215     
      1      2      2      2           2           0   2.01490719011980     
      2      1      1      1           2           0  0.470791928562927     
      2      1      1      2           4           0   10.7925497985010     
      2      1      1      2           2           0  -3.13410263502569     
      2      1      2      1           2           0 -0.181843889091714     
      2      1      2      1           0           0  -14.5062956160420     
      2      1      2      2           4           0   7.59930144521215     
      2      1      2      2           2           0   2.01490719011980     
      2      2      1      1           4           0  -6.08719630525944     
      2      2      1      1           2           0   2.73828657945728     
      2      2      1      2           4           0  -7.59930144521215     
      2      2      1      2           2           0  -2.01490719011980     
      2      2      2      1           4           0  -7.59930144521215     
      2      2      2      1           2           0  -2.01490719011980     
      2      2      2      2           6           0   5.56765291522155     
      2      2      2      2           4           0  -7.52531907317723     
      2      2      2      2           2           0   5.30938524425145     
      2      2      2      2           0           0  -21.2668250000000     
      1      1      1      1           2           0   4.37342828911141     
      1      1      1      1           0           0  -10.2244000000000     
      1      1      1      2           2           0 -0.470791928562927     
      1      1      2      1           2           0 -0.470791928562927     
      1      1      2      2           4           0  -6.08719630525944     
      1      1      2      2           2           0   2.73828657945727     
      1      2      1      1           2           0  0.470791928562927     
      1      2      1      2           2           0 -0.181843889091714     
      1      2      1      2           0           0  -14.5062956160420     
      1      2      2      1           4           0   10.7925497985010     
      1      2      2      1           2           0  -3.13410263502569     
      1      2      2      2           4           0   7.59930144521215     
      1      2      2      2           2           0   2.01490719011980     
      2      1      1      1           2           0  0.470791928562927     
      2      1      1      2           4           0   10.7925497985010     
      2      1      1      2           2           0  -3.13410263502569     
      2      1      2      1           2           0 -0.181843889091714     
      2      1      2      1           0           0  -14.5062956160420     
      2      1      2      2           4           0   7.59930144521215     
      2      1      2      2           2           0   2.01490719011980     
      2      2      1      1           4           0  -6.08719630525944     
      2      2      1      1           2           0   2.73828657945728     
      2      2      1      2           4           0  -7.59930144521215     
      2      2      1      2           2           0  -2.01490719011980     
      2      2      2      1           4           0  -7.59930144521215     
      2      2      2      1           2           0  -2.01490719011980     
      2      2      2      2           6           0   5.56765291522155     
      2      2      2      2           4           0  -7.52531907317723     
      2      2      2      2           2           0   5.30938524425145     
      2      2      2      2           0           0  -21.2668250000000     
          60           6
   1   1   3   3   0   0   0   0-10.2244   1   1
   1   1   3   3   2   0   0   0  4.3734   1   1
   1   1   3   4   2   0   0   0 -0.4708   1   1
   1   1   4   3   2   0   0   0  0.4708   1   1
   1   1   4   4   0   0   0   0-14.5063   1   1
   1   1   4   4   2   0   0   0 -0.1818   1   1
   1   2   3   3   2   0   0   0 -0.4708   1   1
   1   2   3   4   2   0   0   0  2.7383   1   1
   1   2   3   4   4   0   0   0 -6.0872   1   1
   1   2   4   3   2   0   0   0 -3.1341   1   1
   1   2   4   3   4   0   0   0 10.7925   1   1
   1   2   4   4   2   0   0   0  2.0149   1   1
   1   2   4   4   4   0   0   0  7.5993   1   1
   2   1   3   3   2   0   0   0  0.4708   1   1
   2   1   3   4   2   0   0   0 -3.1341   1   1
   2   1   3   4   4   0   0   0 10.7925   1   1
   2   1   4   3   2   0   0   0  2.7383   1   1
   2   1   4   3   4   0   0   0 -6.0872   1   1
   2   1   4   4   2   0   0   0 -2.0149   1   1
   2   1   4   4   4   0   0   0 -7.5993   1   1
   2   2   3   3   0   0   0   0-14.5063   1   1
   2   2   3   3   2   0   0   0 -0.1818   1   1
   2   2   3   4   2   0   0   0  2.0149   1   1
   2   2   3   4   4   0   0   0  7.5993   1   1
   2   2   4   3   2   0   0   0 -2.0149   1   1
   2   2   4   3   4   0   0   0 -7.5993   1   1
   2   2   4   4   0   0   0   0-21.2668   1   1
   2   2   4   4   2   0   0   0  5.3094   1   1
   2   2   4   4   4   0   0   0 -7.5253   1   1
   2   2   4   4   6   0   0   0  5.5677   1   1
   3   3   1   1   0   0   0   0-10.2244   1   1
   3   3   1   1   2   0   0   0  4.3734   1   1
   3   3   1   2   2   0   0   0 -0.4708   1   1
   3   3   2   1   2   0   0   0  0.4708   1   1
   3   3   2   2   0   0   0   0-14.5063   1   1
   3   3   2   2   2   0   0   0 -0.1818   1   1
   3   4   1   1   2   0   0   0 -0.4708   1   1
   3   4   1   2   2   0   0   0  2.7383   1   1
   3   4   1   2   4   0   0   0 -6.0872   1   1
   3   4   2   1   2   0   0   0 -3.1341   1   1
   3   4   2   1   4   0   0   0 10.7925   1   1
   3   4   2   2   2   0   0   0  2.0149   1   1
   3   4   2   2   4   0   0   0  7.5993   1   1
   4   3   1   1   2   0   0   0  0.4708   1   1
   4   3   1   2   2   0   0   0 -3.1341   1   1
   4   3   1   2   4   0   0   0 10.7925   1   1
   4   3   2   1   2   0   0   0  2.7383   1   1
   4   3   2   1   4   0   0   0 -6.0872   1   1
   4   3   2   2   2   0   0   0 -2.0149   1   1
   4   3   2   2   4   0   0   0 -7.5993   1   1
   4   4   1   1   0   0   0   0-14.5063   1   1
   4   4   1   1   2   0   0   0 -0.1818   1   1
   4   4   1   2   2   0   0   0  2.0149   1   1
   4   4   1   2   4   0   0   0  7.5993   1   1
   4   4   2   1   2   0   0   0 -2.0149   1   1
   4   4   2   1   4   0   0   0 -7.5993   1   1
   4   4   2   2   0   0   0   0-21.2668   1   1
   4   4   2   2   2   0   0   0  5.3094   1   1
   4   4   2   2   4   0   0   0 -7.5253   1   1
   4   4   2   2   6   0   0   0  5.5677   1   1
