 ! Total Interaction
  20
   1   1   1   1     1     0  -6.3747
   1   2   1   1     1     0  -0.3844
   2   2   1   1     1     0   3.4020
   1   1   1   2     1     0  -0.3844
   1   2   1   2     1     0 -10.7926
   2   2   1   2     1     0  -6.1961
   1   1   2   2     1     0   3.4020
   1   2   2   2     1     0  -6.1961
   2   2   2   2     1     0  -6.6817
   1   2   1   2     2     0  -7.6427
   2   2   2   2     3     0  -7.6427
   1   1   1   1     0     1  -1.3247
   2   2   1   1     0     1  -3.1355
   1   1   2   2     0     1  -3.1355
   2   2   2   2     0     1  -3.5418
   1   2   1   2     1     1   0.3691
   1   2   1   2     2     1  -2.5152
   2   2   1   2     2     1   1.2995
   1   2   2   2     2     1   1.2995
   2   2   2   2     2     1  -1.5963
