 ! Total Interaction
  20
   1   1   1   1     1     0  -8.5550
   1   2   1   1     1     0  -1.7204
   2   2   1   1     1     0   5.8883
   1   1   1   2     1     0  -1.7204
   1   2   1   2     1     0 -13.5643
   2   2   1   2     1     0  -9.0565
   1   1   2   2     1     0   5.8883
   1   2   2   2     1     0  -9.0565
   2   2   2   2     1     0  -6.9763
   1   2   1   2     2     0 -11.2773
   2   2   2   2     3     0 -11.2773
   1   1   1   1     0     1  -1.1731
   2   2   1   1     0     1  -3.5849
   1   1   2   2     0     1  -3.5849
   2   2   2   2     0     1  -3.7080
   1   2   1   2     1     1   0.3760
   1   2   1   2     2     1  -2.8489
   2   2   1   2     2     1   0.8861
   1   2   2   2     2     1   0.8861
   2   2   2   2     2     1  -2.2223
