      1      1      1      1           2           0   6.39291292819635     
      1      1      1      1           0           0  -13.4190500000000     
      1      1      1      2           2           0  -2.10705107674209     
      1      1      2      1           2           0  -2.10705107674209     
      1      1      2      2           4           0  -9.07959758547553     
      1      1      2      2           2           0   5.86759289366832     
      1      2      1      1           2           0   2.10705107674209     
      1      2      1      2           2           0  0.642136233355124     
      1      2      1      2           0           0  -19.4800670372387     
      1      2      2      1           4           0   14.0451063277225     
      1      2      2      1           2           0  -6.10584715747690     
      1      2      2      2           4           0   10.3063924043928     
      1      2      2      2           2           0   4.33260856836564     
      2      1      1      1           2           0   2.10705107674209     
      2      1      1      2           4           0   14.0451063277225     
      2      1      1      2           2           0  -6.10584715747690     
      2      1      2      1           2           0  0.642136233355124     
      2      1      2      1           0           0  -19.4800670372387     
      2      1      2      2           4           0   10.3063924043928     
      2      1      2      2           2           0   4.33260856836564     
      2      2      1      1           4           0  -9.07959758547553     
      2      2      1      1           2           0   5.86759289366832     
      2      2      1      2           4           0  -10.3063924043928     
      2      2      1      2           2           0  -4.33260856836564     
      2      2      2      1           4           0  -10.3063924043928     
      2      2      2      1           2           0  -4.33260856836564     
      2      2      2      2           6           0   5.87522150513281     
      2      2      2      2           4           0  -9.51173006098917     
      2      2      2      2           2           0   11.2957858479114     
      2      2      2      2           0           0  -28.6723750000000     
      1      1      1      1           2           0   6.39291292819635     
      1      1      1      1           0           0  -13.4190500000000     
      1      1      1      2           2           0  -2.10705107674209     
      1      1      2      1           2           0  -2.10705107674209     
      1      1      2      2           4           0  -9.07959758547553     
      1      1      2      2           2           0   5.86759289366832     
      1      2      1      1           2           0   2.10705107674209     
      1      2      1      2           2           0  0.642136233355124     
      1      2      1      2           0           0  -19.4800670372387     
      1      2      2      1           4           0   14.0451063277225     
      1      2      2      1           2           0  -6.10584715747690     
      1      2      2      2           4           0   10.3063924043928     
      1      2      2      2           2           0   4.33260856836564     
      2      1      1      1           2           0   2.10705107674209     
      2      1      1      2           4           0   14.0451063277225     
      2      1      1      2           2           0  -6.10584715747690     
      2      1      2      1           2           0  0.642136233355124     
      2      1      2      1           0           0  -19.4800670372387     
      2      1      2      2           4           0   10.3063924043928     
      2      1      2      2           2           0   4.33260856836564     
      2      2      1      1           4           0  -9.07959758547553     
      2      2      1      1           2           0   5.86759289366832     
      2      2      1      2           4           0  -10.3063924043928     
      2      2      1      2           2           0  -4.33260856836564     
      2      2      2      1           4           0  -10.3063924043928     
      2      2      2      1           2           0  -4.33260856836564     
      2      2      2      2           6           0   5.87522150513281     
      2      2      2      2           4           0  -9.51173006098917     
      2      2      2      2           2           0   11.2957858479114     
      2      2      2      2           0           0  -28.6723750000000     
          60           6
   1   1   3   3   0   0   0   0-13.4191   1   1
   1   1   3   3   2   0   0   0  6.3929   1   1
   1   1   3   4   2   0   0   0 -2.1071   1   1
   1   1   4   3   2   0   0   0  2.1071   1   1
   1   1   4   4   0   0   0   0-19.4801   1   1
   1   1   4   4   2   0   0   0  0.6421   1   1
   1   2   3   3   2   0   0   0 -2.1071   1   1
   1   2   3   4   2   0   0   0  5.8676   1   1
   1   2   3   4   4   0   0   0 -9.0796   1   1
   1   2   4   3   2   0   0   0 -6.1058   1   1
   1   2   4   3   4   0   0   0 14.0451   1   1
   1   2   4   4   2   0   0   0  4.3326   1   1
   1   2   4   4   4   0   0   0 10.3064   1   1
   2   1   3   3   2   0   0   0  2.1071   1   1
   2   1   3   4   2   0   0   0 -6.1058   1   1
   2   1   3   4   4   0   0   0 14.0451   1   1
   2   1   4   3   2   0   0   0  5.8676   1   1
   2   1   4   3   4   0   0   0 -9.0796   1   1
   2   1   4   4   2   0   0   0 -4.3326   1   1
   2   1   4   4   4   0   0   0-10.3064   1   1
   2   2   3   3   0   0   0   0-19.4801   1   1
   2   2   3   3   2   0   0   0  0.6421   1   1
   2   2   3   4   2   0   0   0  4.3326   1   1
   2   2   3   4   4   0   0   0 10.3064   1   1
   2   2   4   3   2   0   0   0 -4.3326   1   1
   2   2   4   3   4   0   0   0-10.3064   1   1
   2   2   4   4   0   0   0   0-28.6724   1   1
   2   2   4   4   2   0   0   0 11.2958   1   1
   2   2   4   4   4   0   0   0 -9.5117   1   1
   2   2   4   4   6   0   0   0  5.8752   1   1
   3   3   1   1   0   0   0   0-13.4191   1   1
   3   3   1   1   2   0   0   0  6.3929   1   1
   3   3   1   2   2   0   0   0 -2.1071   1   1
   3   3   2   1   2   0   0   0  2.1071   1   1
   3   3   2   2   0   0   0   0-19.4801   1   1
   3   3   2   2   2   0   0   0  0.6421   1   1
   3   4   1   1   2   0   0   0 -2.1071   1   1
   3   4   1   2   2   0   0   0  5.8676   1   1
   3   4   1   2   4   0   0   0 -9.0796   1   1
   3   4   2   1   2   0   0   0 -6.1058   1   1
   3   4   2   1   4   0   0   0 14.0451   1   1
   3   4   2   2   2   0   0   0  4.3326   1   1
   3   4   2   2   4   0   0   0 10.3064   1   1
   4   3   1   1   2   0   0   0  2.1071   1   1
   4   3   1   2   2   0   0   0 -6.1058   1   1
   4   3   1   2   4   0   0   0 14.0451   1   1
   4   3   2   1   2   0   0   0  5.8676   1   1
   4   3   2   1   4   0   0   0 -9.0796   1   1
   4   3   2   2   2   0   0   0 -4.3326   1   1
   4   3   2   2   4   0   0   0-10.3064   1   1
   4   4   1   1   0   0   0   0-19.4801   1   1
   4   4   1   1   2   0   0   0  0.6421   1   1
   4   4   1   2   2   0   0   0  4.3326   1   1
   4   4   1   2   4   0   0   0 10.3064   1   1
   4   4   2   1   2   0   0   0 -4.3326   1   1
   4   4   2   1   4   0   0   0-10.3064   1   1
   4   4   2   2   0   0   0   0-28.6724   1   1
   4   4   2   2   2   0   0   0 11.2958   1   1
   4   4   2   2   4   0   0   0 -9.5117   1   1
   4   4   2   2   6   0   0   0  5.8752   1   1
