      1      2      1      2  -1.04360000000000     
      2      4      1      2  0.000000000000000E+000
      1      5      1      2  0.000000000000000E+000
      4      5      1      2   2.93017979055893     
      3      6      1      2  -2.93017979055893     
      1      3      1      3  -3.37340000000000     
      3      4      1      3  -1.66250000000000     
      2      3      2      3 -0.155675000000000     
      1      4      2      3  -1.85775439492819     
      3      5      2      3 -0.831250000000000     
      2      3      1      4  -1.85775439492819     
      1      4      1      4  -2.30082500000000     
      3      5      1      4  -1.43976723379163     
      1      2      2      4  0.000000000000000E+000
      2      4      2      4  -1.22825000000000     
      1      5      2      4  -2.14515000000000     
      4      5      2      4 -0.831250000000000     
      3      6      2      4 -0.831250000000000     
      1      3      3      4  -1.66250000000000     
      3      4      3      4  -2.19780000000000     
      1      2      1      5  0.000000000000000E+000
      2      4      1      5  -2.14515000000000     
      1      5      1      5  -1.22825000000000     
      4      5      1      5 -0.831250000000000     
      3      6      1      5 -0.831250000000000     
      2      5      2      5  -2.30082500000000     
      1      6      2      5  -1.85775439492819     
      4      6      2      5  -1.43976723379163     
      2      3      3      5 -0.831250000000000     
      1      4      3      5  -1.43976723379163     
      3      5      3      5  -2.19780000000000     
      1      2      4      5   2.93017979055893     
      2      4      4      5 -0.831250000000000     
      1      5      4      5 -0.831250000000000     
      4      5      4      5  -3.08580000000000     
      3      6      4      5  0.888000000000000     
      2      5      1      6  -1.85775439492819     
      1      6      1      6 -0.155675000000000     
      4      6      1      6 -0.831250000000000     
      2      6      2      6  -3.37340000000000     
      5      6      2      6  -1.66250000000000     
      1      2      3      6  -2.93017979055893     
      2      4      3      6 -0.831250000000000     
      1      5      3      6 -0.831250000000000     
      4      5      3      6  0.888000000000000     
      3      6      3      6  -3.08580000000000     
      2      5      4      6  -1.43976723379163     
      1      6      4      6 -0.831250000000000     
      4      6      4      6  -2.19780000000000     
      2      6      5      6  -1.66250000000000     
      5      6      5      6  -2.19780000000000     
      1      7      1      7  -8.96610000000000     
      4      7      1      7  3.828983220125155E-002
      3      8      1      7 -6.631993478585456E-002
      2      9      1      7 -6.631993478585456E-002
      5      9      1      7   1.77177292901771     
      1     10      1      7  3.828983220125155E-002
      4     10      1      7  -2.04586715502254     
      3     11      1      7   1.77177292901771     
      2      7      2      7  -5.00485000000000     
      5      7      2      7  3.828983220125156E-002
      1      8      2      7  -3.96125000000000     
      4      8      2      7 -3.828983220125156E-002
      6      9      2      7  6.931047098743393E-002
      2     10      2      7 -3.828983220125156E-002
      5     10      2      7  0.953623106523834     
      1     11      2      7  3.828983220125156E-002
      4     11      2      7  -1.97655668403510     
      3     12      2      7   2.99949026154637     
      3      7      3      7  -6.70830000000000     
      1      9      3      7  -3.33490000000000     
      4      9      3      7 -0.831250000000000     
      3     10      3      7  0.831250000000000     
      1      7      4      7  3.828983220125155E-002
      4      7      4      7  -6.64287500000000     
      3      8      4      7 -0.113319424085193     
      2      9      4      7   1.74443497084300     
      5      9      4      7  0.499796298491825     
      1     10      4      7  -4.34205000000000     
      4     10      4      7  -1.40836505494847     
      3     11      4      7   1.93956353228346     
      2      7      5      7  3.828983220125156E-002
      5      7      5      7  -6.57745000000000     
      1      8      5      7  3.828983220125156E-002
      4      8      5      7 -0.130849999999998     
      6      9      5      7   1.69692258242270     
      2     10      5      7   2.01430000000000     
      5     10      5      7  -1.11980752747423     
      1     11      5      7  -5.34920000000000     
      4     11      5      7 -0.288557527474234     
      3     12      5      7   2.52817258242270     
      6      7      6      7  -6.51202500000000     
      2      8      6      7  6.631993478585456E-002
      5      8      6      7 -0.113319424085193     
      6     10      6      7   1.69692258242270     
      2     11      6      7   1.74443497084300     
      5     11      6      7  -2.43935983077528     
      1     12      6      7  -6.35635000000000     
      4     12      6      7   2.52817258242270     
      2      7      1      8  -3.96125000000000     
      5      7      1      8  3.828983220125156E-002
      1      8      1      8  -5.00485000000000     
      4      8      1      8 -3.828983220125156E-002
      6      9      1      8   2.99949026154637     
      2     10      1      8 -3.828983220125156E-002
      5     10      1      8  -1.97655668403510     
      1     11      1      8  3.828983220125156E-002
      4     11      1      8  0.953623106523834     
      3     12      1      8  6.931047098743393E-002
      6      7      2      8  6.631993478585456E-002
      2      8      2      8  -8.96610000000000     
      5      8      2      8 -3.828983220125155E-002
      6     10      2      8   1.77177292901771     
      2     11      2      8 -3.828983220125155E-002
      5     11      2      8  -2.04586715502254     
      1     12      2      8  6.631993478585456E-002
      4     12      2      8   1.77177292901771     
      1      7      3      8 -6.631993478585456E-002
      4      7      3      8 -0.113319424085193     
      3      8      3      8  -6.51202500000000     
      2      9      3      8  -6.35635000000000     
      5      9      3      8  -2.52817258242270     
      1     10      3      8   1.74443497084300     
      4     10      3      8   2.43935983077528     
      3     11      3      8  -1.69692258242270     
      2      7      4      8 -3.828983220125156E-002
      5      7      4      8 -0.130849999999998     
      1      8      4      8 -3.828983220125156E-002
      4      8      4      8  -6.57745000000000     
      6      9      4      8  -2.52817258242270     
      2     10      4      8  -5.34920000000000     
      5     10      4      8  0.288557527474234     
      1     11      4      8   2.01430000000000     
      4     11      4      8   1.11980752747423     
      3     12      4      8  -1.69692258242270     
      6      7      5      8 -0.113319424085193     
      2      8      5      8 -3.828983220125155E-002
      5      8      5      8  -6.64287500000000     
      6     10      5      8  -1.93956353228346     
      2     11      5      8  -4.34205000000000     
      5     11      5      8   1.40836505494847     
      1     12      5      8   1.74443497084300     
      4     12      5      8 -0.499796298491825     
      6      8      6      8  -6.70830000000000     
      6     11      6      8 -0.831250000000000     
      2     12      6      8  -3.33490000000000     
      5     12      6      8  0.831250000000000     
      7      8      7      8  -1.04360000000000     
      8     10      7      8  0.000000000000000E+000
      7     11      7      8  0.000000000000000E+000
     10     11      7      8   2.93017979055893     
      9     12      7      8  -2.93017979055893     
      3      7      1      9  -3.33490000000000     
      1      9      1      9  -6.70830000000000     
      4      9      1      9  0.831250000000000     
      3     10      1      9 -0.831250000000000     
      1      7      2      9 -6.631993478585456E-002
      4      7      2      9   1.74443497084300     
      3      8      2      9  -6.35635000000000     
      2      9      2      9  -6.51202500000000     
      5      9      2      9  -1.69692258242270     
      1     10      2      9 -0.113319424085193     
      4     10      2      9   2.43935983077528     
      3     11      2      9  -2.52817258242270     
      3      9      3      9  -10.0432000000000     
      3      7      4      9 -0.831250000000000     
      1      9      4      9  0.831250000000000     
      4      9      4      9  -6.12050000000000     
      3     10      4      9  -3.92270000000000     
      1      7      5      9   1.77177292901771     
      4      7      5      9  0.499796298491825     
      3      8      5      9  -2.52817258242270     
      2      9      5      9  -1.69692258242270     
      5      9      5      9  -6.03929000000000     
      1     10      5      9   1.93956353228346     
      4     10      5      9 -9.377323072177335E-002
      3     11      5      9  -3.84149000000000     
      2      7      6      9  6.931047098743415E-002
      5      7      6      9   1.69692258242270     
      1      8      6      9   2.99949026154637     
      4      8      6      9  -2.52817258242270     
      6      9      6      9  -6.44268500000000     
      2     10      6      9  -1.69692258242270     
      5     10      6      9  0.403395000000003     
      1     11      6      9   2.52817258242270     
      4     11      6      9 -0.484604999999998     
      3     12      6      9  -3.35688500000000     
      7      9      7      9  -3.37340000000000     
      9     10      7      9  -1.66250000000000     
      8      9      8      9 -0.155675000000000     
      7     10      8      9  -1.85775439492819     
      9     11      8      9 -0.831250000000000     
      1      7      1     10  3.828983220125155E-002
      4      7      1     10  -4.34205000000000     
      3      8      1     10   1.74443497084300     
      2      9      1     10 -0.113319424085193     
      5      9      1     10   1.93956353228346     
      1     10      1     10  -6.64287500000000     
      4     10      1     10  -1.40836505494847     
      3     11      1     10  0.499796298491825     
      2      7      2     10 -3.828983220125156E-002
      5      7      2     10   2.01430000000000     
      1      8      2     10 -3.828983220125156E-002
      4      8      2     10  -5.34920000000000     
      6      9      2     10  -1.69692258242270     
      2     10      2     10  -6.57745000000000     
      5     10      2     10   1.11980752747423     
      1     11      2     10 -0.130849999999998     
      4     11      2     10  0.288557527474234     
      3     12      2     10  -2.52817258242270     
      3      7      3     10  0.831250000000000     
      1      9      3     10 -0.831250000000000     
      4      9      3     10  -3.92269999999999     
      3     10      3     10  -6.12049999999999     
      1      7      4     10  -2.04586715502254     
      4      7      4     10  -1.40836505494847     
      3      8      4     10   2.43935983077528     
      2      9      4     10   2.43935983077528     
      5      9      4     10 -9.377323072177335E-002
      1     10      4     10  -1.40836505494847     
      4     10      4     10  -9.93492000000000     
      3     11      4     10 -9.377323072177335E-002
      2      7      5     10  0.953623106523833     
      5      7      5     10  -1.11980752747423     
      1      8      5     10  -1.97655668403510     
      4      8      5     10  0.288557527474234     
      6      9      5     10  0.403395000000003     
      2     10      5     10   1.11980752747423     
      5     10      5     10  -6.55096500000000     
      1     11      5     10 -0.288557527474234     
      4     11      5     10  -3.46516500000000     
      3     12      5     10 -0.484604999999998     
      6      7      6     10   1.69692258242270     
      2      8      6     10   1.77177292901771     
      5      8      6     10  -1.93956353228346     
      6     10      6     10  -6.03929000000000     
      2     11      6     10 -0.499796298491825     
      5     11      6     10 -9.377323072177335E-002
      1     12      6     10   2.52817258242270     
      4     12      6     10  -3.84149000000000     
      8      9      7     10  -1.85775439492819     
      7     10      7     10  -2.30082500000000     
      9     11      7     10  -1.43976723379163     
      7      8      8     10  0.000000000000000E+000
      8     10      8     10  -1.22825000000000     
      7     11      8     10  -2.14515000000000     
     10     11      8     10 -0.831250000000000     
      9     12      8     10 -0.831250000000000     
      7      9      9     10  -1.66250000000000     
      9     10      9     10  -2.19780000000000     
      2      7      1     11  3.828983220125156E-002
      5      7      1     11  -5.34920000000000     
      1      8      1     11  3.828983220125156E-002
      4      8      1     11   2.01430000000000     
      6      9      1     11   2.52817258242270     
      2     10      1     11 -0.130849999999998     
      5     10      1     11 -0.288557527474234     
      1     11      1     11  -6.57745000000000     
      4     11      1     11  -1.11980752747423     
      3     12      1     11   1.69692258242270     
      6      7      2     11   1.74443497084300     
      2      8      2     11 -3.828983220125155E-002
      5      8      2     11  -4.34205000000000     
      6     10      2     11 -0.499796298491825     
      2     11      2     11  -6.64287500000000     
      5     11      2     11   1.40836505494847     
      1     12      2     11 -0.113319424085193     
      4     12      2     11  -1.93956353228346     
      1      7      3     11   1.77177292901771     
      4      7      3     11   1.93956353228346     
      3      8      3     11  -1.69692258242270     
      2      9      3     11  -2.52817258242270     
      5      9      3     11  -3.84149000000000     
      1     10      3     11  0.499796298491825     
      4     10      3     11 -9.377323072177335E-002
      3     11      3     11  -6.03929000000000     
      2      7      4     11  -1.97655668403510     
      5      7      4     11 -0.288557527474234     
      1      8      4     11  0.953623106523833     
      4      8      4     11   1.11980752747423     
      6      9      4     11 -0.484604999999998     
      2     10      4     11  0.288557527474234     
      5     10      4     11  -3.46516500000000     
      1     11      4     11  -1.11980752747423     
      4     11      4     11  -6.55096500000000     
      3     12      4     11  0.403395000000003     
      6      7      5     11  -2.43935983077528     
      2      8      5     11  -2.04586715502254     
      5      8      5     11   1.40836505494847     
      6     10      5     11 -9.377323072177335E-002
      2     11      5     11   1.40836505494847     
      5     11      5     11  -9.93492000000000     
      1     12      5     11  -2.43935983077528     
      4     12      5     11 -9.377323072177335E-002
      6      8      6     11 -0.831250000000000     
      6     11      6     11  -6.12050000000000     
      2     12      6     11  0.831250000000000     
      5     12      6     11  -3.92270000000000     
      7      8      7     11  0.000000000000000E+000
      8     10      7     11  -2.14515000000000     
      7     11      7     11  -1.22825000000000     
     10     11      7     11 -0.831250000000000     
      9     12      7     11 -0.831250000000000     
      8     11      8     11  -2.30082500000000     
      7     12      8     11  -1.85775439492819     
     10     12      8     11  -1.43976723379163     
      8      9      9     11 -0.831250000000000     
      7     10      9     11  -1.43976723379163     
      9     11      9     11  -2.19780000000000     
      7      8     10     11   2.93017979055893     
      8     10     10     11 -0.831250000000000     
      7     11     10     11 -0.831250000000000     
     10     11     10     11  -3.08580000000000     
      9     12     10     11  0.888000000000000     
      6      7      1     12  -6.35635000000000     
      2      8      1     12  6.631993478585456E-002
      5      8      1     12   1.74443497084300     
      6     10      1     12   2.52817258242270     
      2     11      1     12 -0.113319424085193     
      5     11      1     12  -2.43935983077528     
      1     12      1     12  -6.51202500000000     
      4     12      1     12   1.69692258242270     
      6      8      2     12  -3.33490000000000     
      6     11      2     12  0.831250000000000     
      2     12      2     12  -6.70830000000000     
      5     12      2     12 -0.831250000000000     
      2      7      3     12   2.99949026154637     
      5      7      3     12   2.52817258242270     
      1      8      3     12  6.931047098743415E-002
      4      8      3     12  -1.69692258242270     
      6      9      3     12  -3.35688500000000     
      2     10      3     12  -2.52817258242270     
      5     10      3     12 -0.484604999999998     
      1     11      3     12   1.69692258242270     
      4     11      3     12  0.403395000000003     
      3     12      3     12  -6.44268500000000     
      6      7      4     12   2.52817258242270     
      2      8      4     12   1.77177292901771     
      5      8      4     12 -0.499796298491825     
      6     10      4     12  -3.84149000000000     
      2     11      4     12  -1.93956353228346     
      5     11      4     12 -9.377323072177335E-002
      1     12      4     12   1.69692258242270     
      4     12      4     12  -6.03929000000000     
      6      8      5     12  0.831250000000000     
      6     11      5     12  -3.92269999999999     
      2     12      5     12 -0.831250000000000     
      5     12      5     12  -6.12049999999999     
      6     12      6     12  -10.0432000000000     
      8     11      7     12  -1.85775439492819     
      7     12      7     12 -0.155675000000000     
     10     12      7     12 -0.831250000000000     
      8     12      8     12  -3.37340000000000     
     11     12      8     12  -1.66250000000000     
      7      8      9     12  -2.93017979055893     
      8     10      9     12 -0.831250000000000     
      7     11      9     12 -0.831250000000000     
     10     11      9     12  0.888000000000000     
      9     12      9     12  -3.08580000000000     
      8     11     10     12  -1.43976723379163     
      7     12     10     12 -0.831250000000000     
     10     12     10     12  -2.19780000000000     
      8     12     11     12  -1.66250000000000     
     11     12     11     12  -2.19780000000000     
