      1      1      1      1           2           0   6.86108626148222     
      1      1      1      1           0           0  -13.9709500000000     
      1      1      1      2           2           0 -0.132639869571709     
      1      1      2      1           2           0 -0.132639869571709     
      1      1      2      2           4           0  -6.70706412266630     
      1      1      2      2           2           0   1.89182218626447     
      1      2      1      1           2           0  0.132639869571709     
      1      2      1      2           2           0  0.358347483247755     
      1      2      1      2           0           0  -18.6963629139801     
      1      2      2      1           4           0   14.2132306887808     
      1      2      2      1           2           0  -4.03178126731845     
      1      2      2      2           4           0   7.99478367844551     
      1      2      2      2           2           0   1.58049466935554     
      2      1      1      1           2           0  0.132639869571709     
      2      1      1      2           4           0   14.2132306887808     
      2      1      1      2           2           0  -4.03178126731845     
      2      1      2      1           2           0  0.358347483247755     
      2      1      2      1           0           0  -18.6963629139801     
      2      1      2      2           4           0   7.99478367844551     
      2      1      2      2           2           0   1.58049466935554     
      2      2      1      1           4           0  -6.70706412266630     
      2      2      1      1           2           0   1.89182218626448     
      2      2      1      2           4           0  -7.99478367844551     
      2      2      1      2           2           0  -1.58049466935555     
      2      2      2      1           4           0  -7.99478367844551     
      2      2      2      1           2           0  -1.58049466935555     
      2      2      2      2           6           0   8.88148288984306     
      2      2      2      2           4           0  -9.67344249712196     
      2      2      2      2           2           0   6.28316152877474     
      2      2      2      2           0           0  -28.6456750000000     
      1      1      1      1           2           0   6.86108626148222     
      1      1      1      1           0           0  -13.9709500000000     
      1      1      1      2           2           0 -0.132639869571709     
      1      1      2      1           2           0 -0.132639869571709     
      1      1      2      2           4           0  -6.70706412266630     
      1      1      2      2           2           0   1.89182218626447     
      1      2      1      1           2           0  0.132639869571709     
      1      2      1      2           2           0  0.358347483247755     
      1      2      1      2           0           0  -18.6963629139801     
      1      2      2      1           4           0   14.2132306887808     
      1      2      2      1           2           0  -4.03178126731845     
      1      2      2      2           4           0   7.99478367844551     
      1      2      2      2           2           0   1.58049466935554     
      2      1      1      1           2           0  0.132639869571709     
      2      1      1      2           4           0   14.2132306887808     
      2      1      1      2           2           0  -4.03178126731845     
      2      1      2      1           2           0  0.358347483247755     
      2      1      2      1           0           0  -18.6963629139801     
      2      1      2      2           4           0   7.99478367844551     
      2      1      2      2           2           0   1.58049466935554     
      2      2      1      1           4           0  -6.70706412266630     
      2      2      1      1           2           0   1.89182218626448     
      2      2      1      2           4           0  -7.99478367844551     
      2      2      1      2           2           0  -1.58049466935555     
      2      2      2      1           4           0  -7.99478367844551     
      2      2      2      1           2           0  -1.58049466935555     
      2      2      2      2           6           0   8.88148288984306     
      2      2      2      2           4           0  -9.67344249712196     
      2      2      2      2           2           0   6.28316152877474     
      2      2      2      2           0           0  -28.6456750000000     
          60           6
   1   1   3   3   0   0   0   0-13.9710   1   1
   1   1   3   3   2   0   0   0  6.8611   1   1
   1   1   3   4   2   0   0   0 -0.1326   1   1
   1   1   4   3   2   0   0   0  0.1326   1   1
   1   1   4   4   0   0   0   0-18.6964   1   1
   1   1   4   4   2   0   0   0  0.3583   1   1
   1   2   3   3   2   0   0   0 -0.1326   1   1
   1   2   3   4   2   0   0   0  1.8918   1   1
   1   2   3   4   4   0   0   0 -6.7071   1   1
   1   2   4   3   2   0   0   0 -4.0318   1   1
   1   2   4   3   4   0   0   0 14.2132   1   1
   1   2   4   4   2   0   0   0  1.5805   1   1
   1   2   4   4   4   0   0   0  7.9948   1   1
   2   1   3   3   2   0   0   0  0.1326   1   1
   2   1   3   4   2   0   0   0 -4.0318   1   1
   2   1   3   4   4   0   0   0 14.2132   1   1
   2   1   4   3   2   0   0   0  1.8918   1   1
   2   1   4   3   4   0   0   0 -6.7071   1   1
   2   1   4   4   2   0   0   0 -1.5805   1   1
   2   1   4   4   4   0   0   0 -7.9948   1   1
   2   2   3   3   0   0   0   0-18.6964   1   1
   2   2   3   3   2   0   0   0  0.3583   1   1
   2   2   3   4   2   0   0   0  1.5805   1   1
   2   2   3   4   4   0   0   0  7.9948   1   1
   2   2   4   3   2   0   0   0 -1.5805   1   1
   2   2   4   3   4   0   0   0 -7.9948   1   1
   2   2   4   4   0   0   0   0-28.6457   1   1
   2   2   4   4   2   0   0   0  6.2832   1   1
   2   2   4   4   4   0   0   0 -9.6734   1   1
   2   2   4   4   6   0   0   0  8.8815   1   1
   3   3   1   1   0   0   0   0-13.9710   1   1
   3   3   1   1   2   0   0   0  6.8611   1   1
   3   3   1   2   2   0   0   0 -0.1326   1   1
   3   3   2   1   2   0   0   0  0.1326   1   1
   3   3   2   2   0   0   0   0-18.6964   1   1
   3   3   2   2   2   0   0   0  0.3583   1   1
   3   4   1   1   2   0   0   0 -0.1326   1   1
   3   4   1   2   2   0   0   0  1.8918   1   1
   3   4   1   2   4   0   0   0 -6.7071   1   1
   3   4   2   1   2   0   0   0 -4.0318   1   1
   3   4   2   1   4   0   0   0 14.2132   1   1
   3   4   2   2   2   0   0   0  1.5805   1   1
   3   4   2   2   4   0   0   0  7.9948   1   1
   4   3   1   1   2   0   0   0  0.1326   1   1
   4   3   1   2   2   0   0   0 -4.0318   1   1
   4   3   1   2   4   0   0   0 14.2132   1   1
   4   3   2   1   2   0   0   0  1.8918   1   1
   4   3   2   1   4   0   0   0 -6.7071   1   1
   4   3   2   2   2   0   0   0 -1.5805   1   1
   4   3   2   2   4   0   0   0 -7.9948   1   1
   4   4   1   1   0   0   0   0-18.6964   1   1
   4   4   1   1   2   0   0   0  0.3583   1   1
   4   4   1   2   2   0   0   0  1.5805   1   1
   4   4   1   2   4   0   0   0  7.9948   1   1
   4   4   2   1   2   0   0   0 -1.5805   1   1
   4   4   2   1   4   0   0   0 -7.9948   1   1
   4   4   2   2   0   0   0   0-28.6457   1   1
   4   4   2   2   2   0   0   0  6.2832   1   1
   4   4   2   2   4   0   0   0 -9.6734   1   1
   4   4   2   2   6   0   0   0  8.8815   1   1
