 ! Total Interaction
  20
   1   1   1   1     1     0  -8.9661
   1   2   1   1     1     0  -0.1083
   2   2   1   1     1     0   3.2348
   1   1   1   2     1     0  -0.1083
   1   2   1   2     1     0 -13.8101
   2   2   1   2     1     0  -6.2984
   1   1   2   2     1     0   3.2348
   1   2   2   2     1     0  -6.2984
   2   2   2   2     1     0  -9.7725
   1   2   1   2     2     0 -10.0432
   2   2   2   2     3     0 -10.0432
   1   1   1   1     0     1  -1.0436
   2   2   1   1     0     1  -4.1439
   1   1   2   2     0     1  -4.1439
   2   2   2   2     0     1  -3.9738
   1   2   1   2     1     1   0.9169
   1   2   1   2     2     1  -3.3734
   2   2   1   2     2     1   1.6625
   1   2   2   2     2     1   1.6625
   2   2   2   2     2     1  -2.1978
