      1      2      1      2  -1.26060000000000     
      2      4      1      2  0.000000000000000E+000
      1      5      1      2  0.000000000000000E+000
      4      5      1      2   2.16353461839648     
      3      6      1      2  -2.16353461839648     
      1      3      1      3  -2.43090000000000     
      3      4      1      3 -0.807600000000000     
      2      3      2      3 -0.478425000000000     
      1      4      2      3  -1.12726196683601     
      3      5      2      3 -0.403800000000000     
      2      3      1      4  -1.12726196683601     
      1      4      1      4  -1.78007500000000     
      3      5      1      4 -0.699402116096313     
      1      2      2      4  0.000000000000000E+000
      2      4      2      4  -1.12925000000000     
      1      5      2      4  -1.30165000000000     
      4      5      2      4 -0.403800000000000     
      3      6      2      4 -0.403800000000000     
      1      3      3      4 -0.807600000000000     
      3      4      3      4  -1.85990000000000     
      1      2      1      5  0.000000000000000E+000
      2      4      1      5  -1.30165000000000     
      1      5      1      5  -1.12925000000000     
      4      5      1      5 -0.403800000000000     
      3      6      1      5 -0.403800000000000     
      2      5      2      5  -1.78007500000000     
      1      6      2      5  -1.12726196683601     
      4      6      2      5 -0.699402116096313     
      2      3      3      5 -0.403800000000000     
      1      4      3      5 -0.699402116096313     
      3      5      3      5  -1.85990000000000     
      1      2      4      5   2.16353461839648     
      2      4      4      5 -0.403800000000000     
      1      5      4      5 -0.403800000000000     
      4      5      4      5  -2.64200000000000     
      3      6      4      5  0.782100000000000     
      2      5      1      6  -1.12726196683601     
      1      6      1      6 -0.478425000000000     
      4      6      1      6 -0.403800000000000     
      2      6      2      6  -2.43090000000000     
      5      6      2      6 -0.807600000000000     
      1      2      3      6  -2.16353461839648     
      2      4      3      6 -0.403800000000000     
      1      5      3      6 -0.403800000000000     
      4      5      3      6  0.782100000000000     
      3      6      3      6  -2.64200000000000     
      2      5      4      6 -0.699402116096313     
      1      6      4      6 -0.403800000000000     
      4      6      4      6  -1.85990000000000     
      2      6      5      6 -0.807600000000000     
      5      6      5      6  -1.85990000000000     
      1      7      1      7  -7.72930000000000     
      4      7      1      7  0.550624050509965     
      3      8      1      7 -0.953708831352631     
      2      9      1      7 -0.953708831352631     
      5      9      1      7   3.15356739709175     
      1     10      1      7  0.550624050509965     
      4     10      1      7  -3.64142597123709     
      3     11      1      7   3.15356739709175     
      2      7      2      7  -4.49495000000000     
      5      7      2      7  0.550624050509965     
      1      8      2      7  -3.23435000000000     
      4      8      2      7 -0.550624050509965     
      6      9      2      7   1.64930216922958     
      2     10      2      7 -0.550624050509965     
      5     10      2      7  0.171410816388966     
      1     11      2      7  0.550624050509965     
      4     11      2      7  -1.99212380200751     
      3     12      2      7   3.81283678762606     
      3      7      3      7  -6.37980000000000     
      1      9      3      7  -3.94890000000000     
      4      9      3      7 -0.403800000000000     
      3     10      3      7  0.403800000000000     
      1      7      4      7  0.550624050509965     
      4      7      4      7  -6.38072500000000     
      3      8      4      7  1.602146997002452E-003
      2      9      4      7   1.12886411383302     
      5      9      4      7   1.40336612377917     
      1     10      4      7  -4.60065000000000     
      4     10      4      7  -2.02426761867101     
      3     11      4      7   2.10276823987548     
      2      7      5      7  0.550624050509965     
      5      7      5      7  -6.38165000000000     
      1      8      5      7  0.550624050509965     
      4      8      5      7  1.850000000001573E-003
      6      9      5      7   2.83450142800652     
      2     10      5      7   1.30350000000000     
      5     10      5      7  -1.21403380933551     
      1     11      5      7  -5.25240000000000     
      4     11      5      7 -0.810233809335505     
      3     12      5      7   3.23830142800652     
      6      7      6      7  -6.38257500000000     
      2      8      6      7  0.953708831352631     
      5      8      6      7  1.602146997002452E-003
      6     10      6      7   2.83450142800652     
      2     11      6      7   1.12886411383302     
      5     11      6      7  -3.50613436365465     
      1     12      6      7  -5.90415000000000     
      4     12      6      7   3.23830142800652     
      2      7      1      8  -3.23435000000000     
      5      7      1      8  0.550624050509965     
      1      8      1      8  -4.49495000000000     
      4      8      1      8 -0.550624050509965     
      6      9      1      8   3.81283678762606     
      2     10      1      8 -0.550624050509965     
      5     10      1      8  -1.99212380200751     
      1     11      1      8  0.550624050509965     
      4     11      1      8  0.171410816388966     
      3     12      1      8   1.64930216922958     
      6      7      2      8  0.953708831352631     
      2      8      2      8  -7.72930000000000     
      5      8      2      8 -0.550624050509965     
      6     10      2      8   3.15356739709175     
      2     11      2      8 -0.550624050509965     
      5     11      2      8  -3.64142597123709     
      1     12      2      8  0.953708831352631     
      4     12      2      8   3.15356739709175     
      1      7      3      8 -0.953708831352631     
      4      7      3      8  1.602146997002452E-003
      3      8      3      8  -6.38257500000000     
      2      9      3      8  -5.90415000000000     
      5      9      3      8  -3.23830142800652     
      1     10      3      8   1.12886411383302     
      4     10      3      8   3.50613436365465     
      3     11      3      8  -2.83450142800652     
      2      7      4      8 -0.550624050509965     
      5      7      4      8  1.850000000001573E-003
      1      8      4      8 -0.550624050509965     
      4      8      4      8  -6.38165000000000     
      6      9      4      8  -3.23830142800652     
      2     10      4      8  -5.25240000000000     
      5     10      4      8  0.810233809335505     
      1     11      4      8   1.30350000000000     
      4     11      4      8   1.21403380933551     
      3     12      4      8  -2.83450142800652     
      6      7      5      8  1.602146997002452E-003
      2      8      5      8 -0.550624050509965     
      5      8      5      8  -6.38072500000000     
      6     10      5      8  -2.10276823987548     
      2     11      5      8  -4.60065000000000     
      5     11      5      8   2.02426761867101     
      1     12      5      8   1.12886411383302     
      4     12      5      8  -1.40336612377917     
      6      8      6      8  -6.37980000000000     
      6     11      6      8 -0.403800000000000     
      2     12      6      8  -3.94890000000000     
      5     12      6      8  0.403800000000000     
      7      8      7      8  -1.26060000000000     
      8     10      7      8  0.000000000000000E+000
      7     11      7      8  0.000000000000000E+000
     10     11      7      8   2.16353461839648     
      9     12      7      8  -2.16353461839648     
      3      7      1      9  -3.94890000000000     
      1      9      1      9  -6.37980000000000     
      4      9      1      9  0.403800000000000     
      3     10      1      9 -0.403800000000000     
      1      7      2      9 -0.953708831352631     
      4      7      2      9   1.12886411383302     
      3      8      2      9  -5.90415000000000     
      2      9      2      9  -6.38257500000000     
      5      9      2      9  -2.83450142800652     
      1     10      2      9  1.602146997002452E-003
      4     10      2      9   3.50613436365465     
      3     11      2      9  -3.23830142800652     
      3      9      3      9  -10.3287000000000     
      3      7      4      9 -0.403800000000000     
      1      9      4      9  0.403800000000000     
      4      9      4      9  -6.09430000000000     
      3     10      4      9  -4.23439999999999     
      1      7      5      9   3.15356739709175     
      4      7      5      9   1.40336612377917     
      3      8      5      9  -3.23830142800652     
      2      9      5      9  -2.83450142800652     
      5      9      5      9  -4.92625000000000     
      1     10      5      9   2.10276823987548     
      4     10      5      9  -1.34874796385388     
      3     11      5      9  -3.06635000000000     
      2      7      6      9   1.64930216922958     
      5      7      6      9   2.83450142800652     
      1      8      6      9   3.81283678762606     
      4      8      6      9  -3.23830142800652     
      6      9      6      9  -4.73327500000000     
      2     10      6      9  -2.83450142800652     
      5     10      6      9 -0.192974999999998     
      1     11      6      9   3.23830142800652     
      4     11      6      9 -0.975074999999998     
      3     12      6      9  -2.09127500000000     
      7      9      7      9  -2.43090000000000     
      9     10      7      9 -0.807600000000000     
      8      9      8      9 -0.478425000000000     
      7     10      8      9  -1.12726196683601     
      9     11      8      9 -0.403800000000000     
      1      7      1     10  0.550624050509965     
      4      7      1     10  -4.60065000000000     
      3      8      1     10   1.12886411383302     
      2      9      1     10  1.602146997002452E-003
      5      9      1     10   2.10276823987548     
      1     10      1     10  -6.38072500000000     
      4     10      1     10  -2.02426761867101     
      3     11      1     10   1.40336612377917     
      2      7      2     10 -0.550624050509965     
      5      7      2     10   1.30350000000000     
      1      8      2     10 -0.550624050509965     
      4      8      2     10  -5.25240000000000     
      6      9      2     10  -2.83450142800652     
      2     10      2     10  -6.38165000000000     
      5     10      2     10   1.21403380933551     
      1     11      2     10  1.850000000001573E-003
      4     11      2     10  0.810233809335505     
      3     12      2     10  -3.23830142800652     
      3      7      3     10  0.403800000000000     
      1      9      3     10 -0.403800000000000     
      4      9      3     10  -4.23440000000000     
      3     10      3     10  -6.09429999999999     
      1      7      4     10  -3.64142597123709     
      4      7      4     10  -2.02426761867101     
      3      8      4     10   3.50613436365465     
      2      9      4     10   3.50613436365465     
      5      9      4     10  -1.34874796385388     
      1     10      4     10  -2.02426761867101     
      4     10      4     10  -8.77130000000000     
      3     11      4     10  -1.34874796385388     
      2      7      5     10  0.171410816388966     
      5      7      5     10  -1.21403380933551     
      1      8      5     10  -1.99212380200751     
      4      8      5     10  0.810233809335505     
      6      9      5     10 -0.192974999999998     
      2     10      5     10   1.21403380933551     
      5     10      5     10  -6.29067500000000     
      1     11      5     10 -0.810233809335505     
      4     11      5     10  -3.64867500000000     
      3     12      5     10 -0.975074999999998     
      6      7      6     10   2.83450142800652     
      2      8      6     10   3.15356739709175     
      5      8      6     10  -2.10276823987548     
      6     10      6     10  -4.92625000000000     
      2     11      6     10  -1.40336612377917     
      5     11      6     10  -1.34874796385388     
      1     12      6     10   3.23830142800652     
      4     12      6     10  -3.06635000000000     
      8      9      7     10  -1.12726196683601     
      7     10      7     10  -1.78007500000000     
      9     11      7     10 -0.699402116096313     
      7      8      8     10  0.000000000000000E+000
      8     10      8     10  -1.12925000000000     
      7     11      8     10  -1.30165000000000     
     10     11      8     10 -0.403800000000000     
      9     12      8     10 -0.403800000000000     
      7      9      9     10 -0.807600000000000     
      9     10      9     10  -1.85990000000000     
      2      7      1     11  0.550624050509965     
      5      7      1     11  -5.25240000000000     
      1      8      1     11  0.550624050509965     
      4      8      1     11   1.30350000000000     
      6      9      1     11   3.23830142800652     
      2     10      1     11  1.850000000001573E-003
      5     10      1     11 -0.810233809335505     
      1     11      1     11  -6.38165000000000     
      4     11      1     11  -1.21403380933551     
      3     12      1     11   2.83450142800652     
      6      7      2     11   1.12886411383302     
      2      8      2     11 -0.550624050509965     
      5      8      2     11  -4.60065000000000     
      6     10      2     11  -1.40336612377917     
      2     11      2     11  -6.38072500000000     
      5     11      2     11   2.02426761867101     
      1     12      2     11  1.602146997002452E-003
      4     12      2     11  -2.10276823987548     
      1      7      3     11   3.15356739709175     
      4      7      3     11   2.10276823987548     
      3      8      3     11  -2.83450142800652     
      2      9      3     11  -3.23830142800652     
      5      9      3     11  -3.06635000000000     
      1     10      3     11   1.40336612377917     
      4     10      3     11  -1.34874796385388     
      3     11      3     11  -4.92625000000000     
      2      7      4     11  -1.99212380200751     
      5      7      4     11 -0.810233809335505     
      1      8      4     11  0.171410816388966     
      4      8      4     11   1.21403380933551     
      6      9      4     11 -0.975074999999998     
      2     10      4     11  0.810233809335505     
      5     10      4     11  -3.64867500000000     
      1     11      4     11  -1.21403380933551     
      4     11      4     11  -6.29067500000000     
      3     12      4     11 -0.192974999999998     
      6      7      5     11  -3.50613436365465     
      2      8      5     11  -3.64142597123709     
      5      8      5     11   2.02426761867101     
      6     10      5     11  -1.34874796385388     
      2     11      5     11   2.02426761867101     
      5     11      5     11  -8.77130000000000     
      1     12      5     11  -3.50613436365465     
      4     12      5     11  -1.34874796385388     
      6      8      6     11 -0.403800000000000     
      6     11      6     11  -6.09430000000000     
      2     12      6     11  0.403800000000000     
      5     12      6     11  -4.23439999999999     
      7      8      7     11  0.000000000000000E+000
      8     10      7     11  -1.30165000000000     
      7     11      7     11  -1.12925000000000     
     10     11      7     11 -0.403800000000000     
      9     12      7     11 -0.403800000000000     
      8     11      8     11  -1.78007500000000     
      7     12      8     11  -1.12726196683601     
     10     12      8     11 -0.699402116096313     
      8      9      9     11 -0.403800000000000     
      7     10      9     11 -0.699402116096313     
      9     11      9     11  -1.85990000000000     
      7      8     10     11   2.16353461839648     
      8     10     10     11 -0.403800000000000     
      7     11     10     11 -0.403800000000000     
     10     11     10     11  -2.64200000000000     
      9     12     10     11  0.782100000000000     
      6      7      1     12  -5.90415000000000     
      2      8      1     12  0.953708831352631     
      5      8      1     12   1.12886411383302     
      6     10      1     12   3.23830142800652     
      2     11      1     12  1.602146997002452E-003
      5     11      1     12  -3.50613436365465     
      1     12      1     12  -6.38257500000000     
      4     12      1     12   2.83450142800652     
      6      8      2     12  -3.94890000000000     
      6     11      2     12  0.403800000000000     
      2     12      2     12  -6.37980000000000     
      5     12      2     12 -0.403800000000000     
      2      7      3     12   3.81283678762606     
      5      7      3     12   3.23830142800652     
      1      8      3     12   1.64930216922958     
      4      8      3     12  -2.83450142800652     
      6      9      3     12  -2.09127500000000     
      2     10      3     12  -3.23830142800652     
      5     10      3     12 -0.975074999999998     
      1     11      3     12   2.83450142800652     
      4     11      3     12 -0.192974999999998     
      3     12      3     12  -4.73327500000000     
      6      7      4     12   3.23830142800652     
      2      8      4     12   3.15356739709175     
      5      8      4     12  -1.40336612377917     
      6     10      4     12  -3.06635000000000     
      2     11      4     12  -2.10276823987548     
      5     11      4     12  -1.34874796385388     
      1     12      4     12   2.83450142800652     
      4     12      4     12  -4.92625000000000     
      6      8      5     12  0.403800000000000     
      6     11      5     12  -4.23440000000000     
      2     12      5     12 -0.403800000000000     
      5     12      5     12  -6.09429999999999     
      6     12      6     12  -10.3287000000000     
      8     11      7     12  -1.12726196683601     
      7     12      7     12 -0.478425000000000     
     10     12      7     12 -0.403800000000000     
      8     12      8     12  -2.43090000000000     
     11     12      8     12 -0.807600000000000     
      7      8      9     12  -2.16353461839648     
      8     10      9     12 -0.403800000000000     
      7     11      9     12 -0.403800000000000     
     10     11      9     12  0.782100000000000     
      9     12      9     12  -2.64200000000000     
      8     11     10     12 -0.699402116096313     
      7     12     10     12 -0.403800000000000     
     10     12     10     12  -1.85990000000000     
      8     12     11     12 -0.807600000000000     
     11     12     11     12  -1.85990000000000     
