 ! Total Interaction
  20
   1   1   1   1     1     0  -7.7293
   1   2   1   1     1     0  -1.5574
   2   2   1   1     1     0   5.7576
   1   1   1   2     1     0  -1.5574
   1   2   1   2     1     0 -12.9394
   2   2   1   2     1     0  -9.0528
   1   1   2   2     1     0   5.7576
   1   2   2   2     1     0  -9.0528
   2   2   2   2     1     0  -6.4352
   1   2   1   2     2     0 -10.3287
   2   2   2   2     3     0 -10.3287
   1   1   1   1     0     1  -1.2606
   2   2   1   1     0     1  -3.0597
   1   1   2   2     0     1  -3.0597
   2   2   2   2     0     1  -3.4241
   1   2   1   2     1     1   0.1724
   1   2   1   2     2     1  -2.4309
   2   2   1   2     2     1   0.8076
   1   2   2   2     2     1   0.8076
   2   2   2   2     2     1  -1.8599
