      1      1      1      1           2           0   5.60205852946040     
      1      1      1      1           0           0  -12.2242500000000     
      1      1      1      2           2           0  -1.90741766270526     
      1      1      2      1           2           0  -1.90741766270526     
      1      1      2      2           4           0  -8.52576224424380     
      1      1      2      2           2           0   6.01024255123094     
      1      2      1      1           2           0   1.90741766270526     
      1      2      1      2           2           0 -5.066433656920166E-003
      1      2      1      2           0           0  -18.0487238130913     
      1      2      2      1           4           0   13.2020807493554     
      1      2      2      1           2           0  -5.71083132017572     
      1      2      2      2           4           0   10.2404082626764     
      1      2      2      2           2           0   4.43783334226396     
      2      1      1      1           2           0   1.90741766270526     
      2      1      1      2           4           0   13.2020807493554     
      2      1      1      2           2           0  -5.71083132017572     
      2      1      2      1           2           0 -5.066433656920166E-003
      2      1      2      1           0           0  -18.0487238130913     
      2      1      2      2           4           0   10.2404082626764     
      2      1      2      2           2           0   4.43783334226396     
      2      2      1      1           4           0  -8.52576224424380     
      2      2      1      1           2           0   6.01024255123094     
      2      2      1      2           4           0  -10.2404082626764     
      2      2      1      2           2           0  -4.43783334226396     
      2      2      2      1           4           0  -10.2404082626764     
      2      2      2      1           2           0  -4.43783334226396     
      2      2      2      2           6           0   5.53299357304661     
      2      2      2      2           4           0  -9.03690102596709     
      2      2      2      2           2           0   10.3659343718680     
      2      2      2      2           0           0  -26.0825250000000     
      1      1      1      1           2           0   5.60205852946040     
      1      1      1      1           0           0  -12.2242500000000     
      1      1      1      2           2           0  -1.90741766270526     
      1      1      2      1           2           0  -1.90741766270526     
      1      1      2      2           4           0  -8.52576224424380     
      1      1      2      2           2           0   6.01024255123094     
      1      2      1      1           2           0   1.90741766270526     
      1      2      1      2           2           0 -5.066433656920166E-003
      1      2      1      2           0           0  -18.0487238130913     
      1      2      2      1           4           0   13.2020807493554     
      1      2      2      1           2           0  -5.71083132017572     
      1      2      2      2           4           0   10.2404082626764     
      1      2      2      2           2           0   4.43783334226396     
      2      1      1      1           2           0   1.90741766270526     
      2      1      1      2           4           0   13.2020807493554     
      2      1      1      2           2           0  -5.71083132017572     
      2      1      2      1           2           0 -5.066433656920166E-003
      2      1      2      1           0           0  -18.0487238130913     
      2      1      2      2           4           0   10.2404082626764     
      2      1      2      2           2           0   4.43783334226396     
      2      2      1      1           4           0  -8.52576224424380     
      2      2      1      1           2           0   6.01024255123094     
      2      2      1      2           4           0  -10.2404082626764     
      2      2      1      2           2           0  -4.43783334226396     
      2      2      2      1           4           0  -10.2404082626764     
      2      2      2      1           2           0  -4.43783334226396     
      2      2      2      2           6           0   5.53299357304661     
      2      2      2      2           4           0  -9.03690102596709     
      2      2      2      2           2           0   10.3659343718680     
      2      2      2      2           0           0  -26.0825250000000     
          60           6
   1   1   3   3   0   0   0   0-12.2243   1   1
   1   1   3   3   2   0   0   0  5.6021   1   1
   1   1   3   4   2   0   0   0 -1.9074   1   1
   1   1   4   3   2   0   0   0  1.9074   1   1
   1   1   4   4   0   0   0   0-18.0487   1   1
   1   1   4   4   2   0   0   0 -0.0051   1   1
   1   2   3   3   2   0   0   0 -1.9074   1   1
   1   2   3   4   2   0   0   0  6.0102   1   1
   1   2   3   4   4   0   0   0 -8.5258   1   1
   1   2   4   3   2   0   0   0 -5.7108   1   1
   1   2   4   3   4   0   0   0 13.2021   1   1
   1   2   4   4   2   0   0   0  4.4378   1   1
   1   2   4   4   4   0   0   0 10.2404   1   1
   2   1   3   3   2   0   0   0  1.9074   1   1
   2   1   3   4   2   0   0   0 -5.7108   1   1
   2   1   3   4   4   0   0   0 13.2021   1   1
   2   1   4   3   2   0   0   0  6.0102   1   1
   2   1   4   3   4   0   0   0 -8.5258   1   1
   2   1   4   4   2   0   0   0 -4.4378   1   1
   2   1   4   4   4   0   0   0-10.2404   1   1
   2   2   3   3   0   0   0   0-18.0487   1   1
   2   2   3   3   2   0   0   0 -0.0051   1   1
   2   2   3   4   2   0   0   0  4.4378   1   1
   2   2   3   4   4   0   0   0 10.2404   1   1
   2   2   4   3   2   0   0   0 -4.4378   1   1
   2   2   4   3   4   0   0   0-10.2404   1   1
   2   2   4   4   0   0   0   0-26.0825   1   1
   2   2   4   4   2   0   0   0 10.3659   1   1
   2   2   4   4   4   0   0   0 -9.0369   1   1
   2   2   4   4   6   0   0   0  5.5330   1   1
   3   3   1   1   0   0   0   0-12.2243   1   1
   3   3   1   1   2   0   0   0  5.6021   1   1
   3   3   1   2   2   0   0   0 -1.9074   1   1
   3   3   2   1   2   0   0   0  1.9074   1   1
   3   3   2   2   0   0   0   0-18.0487   1   1
   3   3   2   2   2   0   0   0 -0.0051   1   1
   3   4   1   1   2   0   0   0 -1.9074   1   1
   3   4   1   2   2   0   0   0  6.0102   1   1
   3   4   1   2   4   0   0   0 -8.5258   1   1
   3   4   2   1   2   0   0   0 -5.7108   1   1
   3   4   2   1   4   0   0   0 13.2021   1   1
   3   4   2   2   2   0   0   0  4.4378   1   1
   3   4   2   2   4   0   0   0 10.2404   1   1
   4   3   1   1   2   0   0   0  1.9074   1   1
   4   3   1   2   2   0   0   0 -5.7108   1   1
   4   3   1   2   4   0   0   0 13.2021   1   1
   4   3   2   1   2   0   0   0  6.0102   1   1
   4   3   2   1   4   0   0   0 -8.5258   1   1
   4   3   2   2   2   0   0   0 -4.4378   1   1
   4   3   2   2   4   0   0   0-10.2404   1   1
   4   4   1   1   0   0   0   0-18.0487   1   1
   4   4   1   1   2   0   0   0 -0.0051   1   1
   4   4   1   2   2   0   0   0  4.4378   1   1
   4   4   1   2   4   0   0   0 10.2404   1   1
   4   4   2   1   2   0   0   0 -4.4378   1   1
   4   4   2   1   4   0   0   0-10.2404   1   1
   4   4   2   2   0   0   0   0-26.0825   1   1
   4   4   2   2   2   0   0   0 10.3659   1   1
   4   4   2   2   4   0   0   0 -9.0369   1   1
   4   4   2   2   6   0   0   0  5.5330   1   1
