      1      2      1      2  -1.27800000000000     
      2      4      1      2  0.000000000000000E+000
      1      5      1      2  0.000000000000000E+000
      4      5      1      2   2.43987194848418     
      3      6      1      2  -2.43987194848418     
      1      3      1      3  -2.79140000000000     
      3      4      1      3  -1.41860000000000     
      2      3      2      3 -0.313250000000000     
      1      4      2      3  -1.43076056959227     
      3      5      2      3 -0.709300000000000     
      2      3      1      4  -1.43076056959227     
      1      4      1      4  -1.96535000000000     
      3      5      1      4  -1.22854363780861     
      1      2      2      4  0.000000000000000E+000
      2      4      2      4  -1.13930000000000     
      1      5      2      4  -1.65210000000000     
      4      5      2      4 -0.709300000000000     
      3      6      2      4 -0.709300000000000     
      1      3      3      4  -1.41860000000000     
      3      4      3      4  -1.78840000000000     
      1      2      1      5  0.000000000000000E+000
      2      4      1      5  -1.65210000000000     
      1      5      1      5  -1.13930000000000     
      4      5      1      5 -0.709300000000000     
      3      6      1      5 -0.709300000000000     
      2      5      2      5  -1.96535000000000     
      1      6      2      5  -1.43076056959227     
      4      6      2      5  -1.22854363780861     
      2      3      3      5 -0.709300000000000     
      1      4      3      5  -1.22854363780861     
      3      5      3      5  -1.78840000000000     
      1      2      4      5   2.43987194848418     
      2      4      4      5 -0.709300000000000     
      1      5      4      5 -0.709300000000000     
      4      5      4      5  -2.75315000000000     
      3      6      4      5  0.964750000000000     
      2      5      1      6  -1.43076056959227     
      1      6      1      6 -0.313250000000000     
      4      6      1      6 -0.709300000000000     
      2      6      2      6  -2.79140000000000     
      5      6      2      6  -1.41860000000000     
      1      2      3      6  -2.43987194848418     
      2      4      3      6 -0.709300000000000     
      1      5      3      6 -0.709300000000000     
      4      5      3      6  0.964750000000000     
      3      6      3      6  -2.75315000000000     
      2      5      4      6  -1.22854363780861     
      1      6      4      6 -0.709300000000000     
      4      6      4      6  -1.78840000000000     
      2      6      5      6  -1.41860000000000     
      5      6      5      6  -1.78840000000000     
      1      7      1      7  -6.91760000000000     
      4      7      1      7  0.118192898475331     
      3      8      1      7 -0.204716105253104     
      2      9      1      7 -0.204716105253104     
      5      9      1      7   1.80310265930701     
      1     10      1      7  0.118192898475331     
      4     10      1      7  -2.08204361145486     
      3     11      1      7   1.80310265930701     
      2      7      2      7  -4.09780000000000     
      5      7      2      7  0.118192898475331     
      1      8      2      7  -2.81980000000000     
      4      8      2      7 -0.118192898475331     
      6      9      2      7  0.341596734349055     
      2     10      2      7 -0.118192898475331     
      5     10      2      7  0.699425071378376     
      1     11      2      7  0.118192898475331     
      4     11      2      7  -1.74044687710581     
      3     12      2      7   2.78146868283324     
      3      7      3      7  -5.45860000000000     
      1      9      3      7  -2.66720000000000     
      4      9      3      7 -0.709300000000000     
      3     10      3      7  0.709300000000000     
      1      7      4      7  0.118192898475331     
      4      7      4      7  -5.44071250000000     
      3      8      4      7 -3.098205882038751E-002
      2      9      4      7   1.39977851077188     
      5      9      4      7  0.558331983910187     
      1     10      4      7  -3.47536250000000     
      4     10      4      7  -1.35400624241545     
      3     11      4      7   1.78687562171879     
      2      7      5      7  0.118192898475331     
      5      7      5      7  -5.42282500000000     
      1      8      5      7  0.118192898475331     
      4      8      5      7 -3.577499999999867E-002
      6      9      5      7   1.67635936362317     
      2     10      5      7   1.61632500000000     
      5     10      5      7  -1.03165312120772     
      1     11      5      7  -4.28352500000000     
      4     11      5      7 -0.322353121207724     
      3     12      5      7   2.38565936362317     
      6      7      6      7  -5.40493750000000     
      2      8      6      7  0.204716105253104     
      5      8      6      7 -3.098205882038785E-002
      6     10      6      7   1.67635936362317     
      2     11      6      7   1.39977851077188     
      5     11      6      7  -2.34520760562898     
      1     12      6      7  -5.09168750000000     
      4     12      6      7   2.38565936362317     
      2      7      1      8  -2.81980000000000     
      5      7      1      8  0.118192898475331     
      1      8      1      8  -4.09780000000000     
      4      8      1      8 -0.118192898475331     
      6      9      1      8   2.78146868283324     
      2     10      1      8 -0.118192898475331     
      5     10      1      8  -1.74044687710581     
      1     11      1      8  0.118192898475331     
      4     11      1      8  0.699425071378376     
      3     12      1      8  0.341596734349055     
      6      7      2      8  0.204716105253104     
      2      8      2      8  -6.91760000000000     
      5      8      2      8 -0.118192898475331     
      6     10      2      8   1.80310265930701     
      2     11      2      8 -0.118192898475331     
      5     11      2      8  -2.08204361145486     
      1     12      2      8  0.204716105253104     
      4     12      2      8   1.80310265930701     
      1      7      3      8 -0.204716105253104     
      4      7      3      8 -3.098205882038785E-002
      3      8      3      8  -5.40493750000000     
      2      9      3      8  -5.09168750000000     
      5      9      3      8  -2.38565936362317     
      1     10      3      8   1.39977851077188     
      4     10      3      8   2.34520760562898     
      3     11      3      8  -1.67635936362317     
      2      7      4      8 -0.118192898475331     
      5      7      4      8 -3.577499999999867E-002
      1      8      4      8 -0.118192898475331     
      4      8      4      8  -5.42282500000000     
      6      9      4      8  -2.38565936362317     
      2     10      4      8  -4.28352500000000     
      5     10      4      8  0.322353121207724     
      1     11      4      8   1.61632500000000     
      4     11      4      8   1.03165312120772     
      3     12      4      8  -1.67635936362317     
      6      7      5      8 -3.098205882038751E-002
      2      8      5      8 -0.118192898475331     
      5      8      5      8  -5.44071250000000     
      6     10      5      8  -1.78687562171879     
      2     11      5      8  -3.47536250000000     
      5     11      5      8   1.35400624241545     
      1     12      5      8   1.39977851077188     
      4     12      5      8 -0.558331983910187     
      6      8      6      8  -5.45860000000000     
      6     11      6      8 -0.709300000000000     
      2     12      6      8  -2.66720000000000     
      5     12      6      8  0.709300000000000     
      7      8      7      8  -1.27800000000000     
      8     10      7      8  0.000000000000000E+000
      7     11      7      8  0.000000000000000E+000
     10     11      7      8   2.43987194848418     
      9     12      7      8  -2.43987194848418     
      3      7      1      9  -2.66720000000000     
      1      9      1      9  -5.45860000000000     
      4      9      1      9  0.709300000000000     
      3     10      1      9 -0.709300000000000     
      1      7      2      9 -0.204716105253104     
      4      7      2      9   1.39977851077188     
      3      8      2      9  -5.09168750000000     
      2      9      2      9  -5.40493750000000     
      5      9      2      9  -1.67635936362317     
      1     10      2      9 -3.098205882038785E-002
      4     10      2      9   2.34520760562898     
      3     11      2      9  -2.38565936362317     
      3      9      3      9  -8.12580000000000     
      3      7      4      9 -0.709300000000000     
      1      9      4      9  0.709300000000000     
      4      9      4      9  -4.95710000000000     
      3     10      4      9  -3.16870000000000     
      1      7      5      9   1.80310265930701     
      4      7      5      9  0.558331983910187     
      3      8      5      9  -2.38565936362317     
      2      9      5      9  -1.67635936362317     
      5      9      5      9  -4.70639000000000     
      1     10      5      9   1.78687562171879     
      4     10      5      9 -0.289494971977058     
      3     11      5      9  -2.91799000000000     
      2      7      6      9  0.341596734349055     
      5      7      6      9   1.67635936362317     
      1      8      6      9   2.78146868283324     
      4      8      6      9  -2.38565936362317     
      6      9      6      9  -5.06341000000000     
      2     10      6      9  -1.67635936362317     
      5     10      6      9  0.357020000000002     
      1     11      6      9   2.38565936362317     
      4     11      6      9 -0.607729999999998     
      3     12      6      9  -2.31026000000000     
      7      9      7      9  -2.79140000000000     
      9     10      7      9  -1.41860000000000     
      8      9      8      9 -0.313250000000000     
      7     10      8      9  -1.43076056959227     
      9     11      8      9 -0.709300000000000     
      1      7      1     10  0.118192898475331     
      4      7      1     10  -3.47536250000000     
      3      8      1     10   1.39977851077188     
      2      9      1     10 -3.098205882038751E-002
      5      9      1     10   1.78687562171879     
      1     10      1     10  -5.44071250000000     
      4     10      1     10  -1.35400624241545     
      3     11      1     10  0.558331983910187     
      2      7      2     10 -0.118192898475331     
      5      7      2     10   1.61632500000000     
      1      8      2     10 -0.118192898475331     
      4      8      2     10  -4.28352500000000     
      6      9      2     10  -1.67635936362317     
      2     10      2     10  -5.42282500000000     
      5     10      2     10   1.03165312120772     
      1     11      2     10 -3.577499999999867E-002
      4     11      2     10  0.322353121207724     
      3     12      2     10  -2.38565936362317     
      3      7      3     10  0.709300000000000     
      1      9      3     10 -0.709300000000000     
      4      9      3     10  -3.16870000000000     
      3     10      3     10  -4.95710000000000     
      1      7      4     10  -2.08204361145486     
      4      7      4     10  -1.35400624241545     
      3      8      4     10   2.34520760562898     
      2      9      4     10   2.34520760562898     
      5      9      4     10 -0.289494971977058     
      1     10      4     10  -1.35400624241545     
      4     10      4     10  -7.79152000000000     
      3     11      4     10 -0.289494971977058     
      2      7      5     10  0.699425071378376     
      5      7      5     10  -1.03165312120772     
      1      8      5     10  -1.74044687710581     
      4      8      5     10  0.322353121207724     
      6      9      5     10  0.357020000000002     
      2     10      5     10   1.03165312120772     
      5     10      5     10  -5.39769000000000     
      1     11      5     10 -0.322353121207724     
      4     11      5     10  -2.64454000000000     
      3     12      5     10 -0.607729999999998     
      6      7      6     10   1.67635936362317     
      2      8      6     10   1.80310265930701     
      5      8      6     10  -1.78687562171879     
      6     10      6     10  -4.70639000000000     
      2     11      6     10 -0.558331983910187     
      5     11      6     10 -0.289494971977058     
      1     12      6     10   2.38565936362317     
      4     12      6     10  -2.91799000000000     
      8      9      7     10  -1.43076056959227     
      7     10      7     10  -1.96535000000000     
      9     11      7     10  -1.22854363780861     
      7      8      8     10  0.000000000000000E+000
      8     10      8     10  -1.13930000000000     
      7     11      8     10  -1.65210000000000     
     10     11      8     10 -0.709300000000000     
      9     12      8     10 -0.709300000000000     
      7      9      9     10  -1.41860000000000     
      9     10      9     10  -1.78840000000000     
      2      7      1     11  0.118192898475331     
      5      7      1     11  -4.28352500000000     
      1      8      1     11  0.118192898475331     
      4      8      1     11   1.61632500000000     
      6      9      1     11   2.38565936362317     
      2     10      1     11 -3.577499999999867E-002
      5     10      1     11 -0.322353121207724     
      1     11      1     11  -5.42282500000000     
      4     11      1     11  -1.03165312120772     
      3     12      1     11   1.67635936362317     
      6      7      2     11   1.39977851077188     
      2      8      2     11 -0.118192898475331     
      5      8      2     11  -3.47536250000000     
      6     10      2     11 -0.558331983910187     
      2     11      2     11  -5.44071250000000     
      5     11      2     11   1.35400624241545     
      1     12      2     11 -3.098205882038751E-002
      4     12      2     11  -1.78687562171879     
      1      7      3     11   1.80310265930701     
      4      7      3     11   1.78687562171879     
      3      8      3     11  -1.67635936362317     
      2      9      3     11  -2.38565936362317     
      5      9      3     11  -2.91799000000000     
      1     10      3     11  0.558331983910187     
      4     10      3     11 -0.289494971977058     
      3     11      3     11  -4.70639000000000     
      2      7      4     11  -1.74044687710581     
      5      7      4     11 -0.322353121207724     
      1      8      4     11  0.699425071378376     
      4      8      4     11   1.03165312120772     
      6      9      4     11 -0.607729999999998     
      2     10      4     11  0.322353121207724     
      5     10      4     11  -2.64454000000000     
      1     11      4     11  -1.03165312120772     
      4     11      4     11  -5.39769000000000     
      3     12      4     11  0.357020000000002     
      6      7      5     11  -2.34520760562898     
      2      8      5     11  -2.08204361145486     
      5      8      5     11   1.35400624241545     
      6     10      5     11 -0.289494971977058     
      2     11      5     11   1.35400624241545     
      5     11      5     11  -7.79152000000000     
      1     12      5     11  -2.34520760562898     
      4     12      5     11 -0.289494971977058     
      6      8      6     11 -0.709300000000000     
      6     11      6     11  -4.95710000000000     
      2     12      6     11  0.709300000000000     
      5     12      6     11  -3.16870000000000     
      7      8      7     11  0.000000000000000E+000
      8     10      7     11  -1.65210000000000     
      7     11      7     11  -1.13930000000000     
     10     11      7     11 -0.709300000000000     
      9     12      7     11 -0.709300000000000     
      8     11      8     11  -1.96535000000000     
      7     12      8     11  -1.43076056959227     
     10     12      8     11  -1.22854363780861     
      8      9      9     11 -0.709300000000000     
      7     10      9     11  -1.22854363780861     
      9     11      9     11  -1.78840000000000     
      7      8     10     11   2.43987194848418     
      8     10     10     11 -0.709300000000000     
      7     11     10     11 -0.709300000000000     
     10     11     10     11  -2.75315000000000     
      9     12     10     11  0.964750000000000     
      6      7      1     12  -5.09168750000000     
      2      8      1     12  0.204716105253104     
      5      8      1     12   1.39977851077188     
      6     10      1     12   2.38565936362317     
      2     11      1     12 -3.098205882038785E-002
      5     11      1     12  -2.34520760562898     
      1     12      1     12  -5.40493750000000     
      4     12      1     12   1.67635936362317     
      6      8      2     12  -2.66720000000000     
      6     11      2     12  0.709300000000000     
      2     12      2     12  -5.45860000000000     
      5     12      2     12 -0.709300000000000     
      2      7      3     12   2.78146868283324     
      5      7      3     12   2.38565936362317     
      1      8      3     12  0.341596734349055     
      4      8      3     12  -1.67635936362317     
      6      9      3     12  -2.31026000000000     
      2     10      3     12  -2.38565936362317     
      5     10      3     12 -0.607729999999998     
      1     11      3     12   1.67635936362317     
      4     11      3     12  0.357020000000002     
      3     12      3     12  -5.06341000000000     
      6      7      4     12   2.38565936362317     
      2      8      4     12   1.80310265930701     
      5      8      4     12 -0.558331983910187     
      6     10      4     12  -2.91799000000000     
      2     11      4     12  -1.78687562171879     
      5     11      4     12 -0.289494971977058     
      1     12      4     12   1.67635936362317     
      4     12      4     12  -4.70639000000000     
      6      8      5     12  0.709300000000000     
      6     11      5     12  -3.16870000000000     
      2     12      5     12 -0.709300000000000     
      5     12      5     12  -4.95710000000000     
      6     12      6     12  -8.12580000000000     
      8     11      7     12  -1.43076056959227     
      7     12      7     12 -0.313250000000000     
     10     12      7     12 -0.709300000000000     
      8     12      8     12  -2.79140000000000     
     11     12      8     12  -1.41860000000000     
      7      8      9     12  -2.43987194848418     
      8     10      9     12 -0.709300000000000     
      7     11      9     12 -0.709300000000000     
     10     11      9     12  0.964750000000000     
      9     12      9     12  -2.75315000000000     
      8     11     10     12  -1.22854363780861     
      7     12     10     12 -0.709300000000000     
     10     12     10     12  -1.78840000000000     
      8     12     11     12  -1.41860000000000     
     11     12     11     12  -1.78840000000000     
