 ! Total Interaction
  20
   1   1   1   1     1     0  -6.9176
   1   2   1   1     1     0  -0.3343
   2   2   1   1     1     0   3.2920
   1   1   1   2     1     0  -0.3343
   1   2   1   2     1     0 -11.2869
   2   2   1   2     1     0  -6.0553
   1   1   2   2     1     0   3.2920
   1   2   2   2     1     0  -6.0553
   2   2   2   2     1     0  -7.2901
   1   2   1   2     2     0  -8.1258
   2   2   2   2     3     0  -8.1258
   1   1   1   1     0     1  -1.2780
   2   2   1   1     0     1  -3.4505
   1   1   2   2     0     1  -3.4505
   2   2   2   2     0     1  -3.7179
   1   2   1   2     1     1   0.5128
   1   2   1   2     2     1  -2.7914
   2   2   1   2     2     1   1.4186
   1   2   2   2     2     1   1.4186
   2   2   2   2     2     1  -1.7884
