 ! Total Interaction
  20
   1   1   1   1     1     0  -7.4832
   1   2   1   1     1     0  -1.4974
   2   2   1   1     1     0   5.6675
   1   1   1   2     1     0  -1.4974
   1   2   1   2     1     0 -12.7009
   2   2   1   2     1     0  -8.9674
   1   1   2   2     1     0   5.6675
   1   2   2   2     1     0  -8.9674
   2   2   2   2     1     0  -6.2806
   1   2   1   2     2     0 -10.0242
   2   2   2   2     3     0 -10.0242
   1   1   1   1     0     1  -1.2683
   2   2   1   1     0     1  -2.9162
   1   1   2   2     0     1  -2.9162
   2   2   2   2     0     1  -3.3303
   1   2   1   2     1     1   0.1278
   1   2   1   2     2     1  -2.3129
   2   2   1   2     2     1   0.7841
   1   2   2   2     2     1   0.7841
   2   2   2   2     2     1  -1.7585
