      1      1      1      1           2           0   5.38226128197991     
      1      1      1      1           0           0  -11.8589500000000     
      1      1      1      2           2           0  -1.83393297042177     
      1      1      2      1           2           0  -1.83393297042177     
      1      1      2      2           4           0  -8.31675005170790     
      1      1      2      2           2           0   5.97474348967524     
      1      2      1      1           2           0   1.83393297042177     
      1      2      1      2           2           0 -0.161578154464023     
      1      2      1      2           0           0  -17.5724520406231     
      1      2      2      1           4           0   12.9125658479686     
      1      2      2      1           2           0  -5.57023209587132     
      1      2      2      2           4           0   10.1312495027529     
      1      2      2      2           2           0   4.41771543650896     
      2      1      1      1           2           0   1.83393297042177     
      2      1      1      2           4           0   12.9125658479686     
      2      1      1      2           2           0  -5.57023209587132     
      2      1      2      1           2           0 -0.161578154464023     
      2      1      2      1           0           0  -17.5724520406231     
      2      1      2      2           4           0   10.1312495027529     
      2      1      2      2           2           0   4.41771543650896     
      2      2      1      1           4           0  -8.31675005170790     
      2      2      1      1           2           0   5.97474348967525     
      2      2      1      2           4           0  -10.1312495027529     
      2      2      1      2           2           0  -4.41771543650897     
      2      2      2      1           4           0  -10.1312495027529     
      2      2      2      1           2           0  -4.41771543650897     
      2      2      2      2           6           0   5.43775975460484     
      2      2      2      2           4           0  -8.86435484048332     
      2      2      2      2           2           0   10.0439547869950     
      2      2      2      2           0           0  -25.2835000000000     
      1      1      1      1           2           0   5.38226128197991     
      1      1      1      1           0           0  -11.8589500000000     
      1      1      1      2           2           0  -1.83393297042177     
      1      1      2      1           2           0  -1.83393297042177     
      1      1      2      2           4           0  -8.31675005170790     
      1      1      2      2           2           0   5.97474348967524     
      1      2      1      1           2           0   1.83393297042177     
      1      2      1      2           2           0 -0.161578154464023     
      1      2      1      2           0           0  -17.5724520406231     
      1      2      2      1           4           0   12.9125658479686     
      1      2      2      1           2           0  -5.57023209587132     
      1      2      2      2           4           0   10.1312495027529     
      1      2      2      2           2           0   4.41771543650896     
      2      1      1      1           2           0   1.83393297042177     
      2      1      1      2           4           0   12.9125658479686     
      2      1      1      2           2           0  -5.57023209587132     
      2      1      2      1           2           0 -0.161578154464023     
      2      1      2      1           0           0  -17.5724520406231     
      2      1      2      2           4           0   10.1312495027529     
      2      1      2      2           2           0   4.41771543650896     
      2      2      1      1           4           0  -8.31675005170790     
      2      2      1      1           2           0   5.97474348967525     
      2      2      1      2           4           0  -10.1312495027529     
      2      2      1      2           2           0  -4.41771543650897     
      2      2      2      1           4           0  -10.1312495027529     
      2      2      2      1           2           0  -4.41771543650897     
      2      2      2      2           6           0   5.43775975460484     
      2      2      2      2           4           0  -8.86435484048332     
      2      2      2      2           2           0   10.0439547869950     
      2      2      2      2           0           0  -25.2835000000000     
          60           6
   1   1   3   3   0   0   0   0-11.8590   1   1
   1   1   3   3   2   0   0   0  5.3823   1   1
   1   1   3   4   2   0   0   0 -1.8339   1   1
   1   1   4   3   2   0   0   0  1.8339   1   1
   1   1   4   4   0   0   0   0-17.5725   1   1
   1   1   4   4   2   0   0   0 -0.1616   1   1
   1   2   3   3   2   0   0   0 -1.8339   1   1
   1   2   3   4   2   0   0   0  5.9747   1   1
   1   2   3   4   4   0   0   0 -8.3168   1   1
   1   2   4   3   2   0   0   0 -5.5702   1   1
   1   2   4   3   4   0   0   0 12.9126   1   1
   1   2   4   4   2   0   0   0  4.4177   1   1
   1   2   4   4   4   0   0   0 10.1312   1   1
   2   1   3   3   2   0   0   0  1.8339   1   1
   2   1   3   4   2   0   0   0 -5.5702   1   1
   2   1   3   4   4   0   0   0 12.9126   1   1
   2   1   4   3   2   0   0   0  5.9747   1   1
   2   1   4   3   4   0   0   0 -8.3168   1   1
   2   1   4   4   2   0   0   0 -4.4177   1   1
   2   1   4   4   4   0   0   0-10.1312   1   1
   2   2   3   3   0   0   0   0-17.5725   1   1
   2   2   3   3   2   0   0   0 -0.1616   1   1
   2   2   3   4   2   0   0   0  4.4177   1   1
   2   2   3   4   4   0   0   0 10.1312   1   1
   2   2   4   3   2   0   0   0 -4.4177   1   1
   2   2   4   3   4   0   0   0-10.1312   1   1
   2   2   4   4   0   0   0   0-25.2835   1   1
   2   2   4   4   2   0   0   0 10.0440   1   1
   2   2   4   4   4   0   0   0 -8.8644   1   1
   2   2   4   4   6   0   0   0  5.4378   1   1
   3   3   1   1   0   0   0   0-11.8590   1   1
   3   3   1   1   2   0   0   0  5.3823   1   1
   3   3   1   2   2   0   0   0 -1.8339   1   1
   3   3   2   1   2   0   0   0  1.8339   1   1
   3   3   2   2   0   0   0   0-17.5725   1   1
   3   3   2   2   2   0   0   0 -0.1616   1   1
   3   4   1   1   2   0   0   0 -1.8339   1   1
   3   4   1   2   2   0   0   0  5.9747   1   1
   3   4   1   2   4   0   0   0 -8.3168   1   1
   3   4   2   1   2   0   0   0 -5.5702   1   1
   3   4   2   1   4   0   0   0 12.9126   1   1
   3   4   2   2   2   0   0   0  4.4177   1   1
   3   4   2   2   4   0   0   0 10.1312   1   1
   4   3   1   1   2   0   0   0  1.8339   1   1
   4   3   1   2   2   0   0   0 -5.5702   1   1
   4   3   1   2   4   0   0   0 12.9126   1   1
   4   3   2   1   2   0   0   0  5.9747   1   1
   4   3   2   1   4   0   0   0 -8.3168   1   1
   4   3   2   2   2   0   0   0 -4.4177   1   1
   4   3   2   2   4   0   0   0-10.1312   1   1
   4   4   1   1   0   0   0   0-17.5725   1   1
   4   4   1   1   2   0   0   0 -0.1616   1   1
   4   4   1   2   2   0   0   0  4.4177   1   1
   4   4   1   2   4   0   0   0 10.1312   1   1
   4   4   2   1   2   0   0   0 -4.4177   1   1
   4   4   2   1   4   0   0   0-10.1312   1   1
   4   4   2   2   0   0   0   0-25.2835   1   1
   4   4   2   2   2   0   0   0 10.0440   1   1
   4   4   2   2   4   0   0   0 -8.8644   1   1
   4   4   2   2   6   0   0   0  5.4378   1   1
