      1      2      1      2  -1.26830000000000     
      2      4      1      2  0.000000000000000E+000
      1      5      1      2  0.000000000000000E+000
      4      5      1      2   2.06206479529621     
      3      6      1      2  -2.06206479529621     
      1      3      1      3  -2.31290000000000     
      3      4      1      3 -0.784100000000000     
      2      3      2      3 -0.482375000000000     
      1      4      2      3  -1.05685410150834     
      3      5      2      3 -0.392050000000000     
      2      3      1      4  -1.05685410150834     
      1      4      1      4  -1.70272500000000     
      3      5      1      4 -0.679050519107379     
      1      2      2      4  0.000000000000000E+000
      2      4      2      4  -1.09255000000000     
      1      5      2      4  -1.22035000000000     
      4      5      2      4 -0.392050000000000     
      3      6      2      4 -0.392050000000000     
      1      3      3      4 -0.784100000000000     
      3      4      3      4  -1.75850000000000     
      1      2      1      5  0.000000000000000E+000
      2      4      1      5  -1.22035000000000     
      1      5      1      5  -1.09255000000000     
      4      5      1      5 -0.392050000000000     
      3      6      1      5 -0.392050000000000     
      2      5      2      5  -1.70272500000000     
      1      6      2      5  -1.05685410150834     
      4      6      2      5 -0.679050519107379     
      2      3      3      5 -0.392050000000000     
      1      4      3      5 -0.679050519107379     
      3      5      3      5  -1.75850000000000     
      1      2      4      5   2.06206479529621     
      2      4      4      5 -0.392050000000000     
      1      5      4      5 -0.392050000000000     
      4      5      4      5  -2.54440000000000     
      3      6      4      5  0.785900000000000     
      2      5      1      6  -1.05685410150834     
      1      6      1      6 -0.482375000000000     
      4      6      1      6 -0.392050000000000     
      2      6      2      6  -2.31290000000000     
      5      6      2      6 -0.784100000000000     
      1      2      3      6  -2.06206479529621     
      2      4      3      6 -0.392050000000000     
      1      5      3      6 -0.392050000000000     
      4      5      3      6  0.785900000000000     
      3      6      3      6  -2.54440000000000     
      2      5      4      6 -0.679050519107379     
      1      6      4      6 -0.392050000000000     
      4      6      4      6  -1.75850000000000     
      2      6      5      6 -0.784100000000000     
      5      6      5      6  -1.75850000000000     
      1      7      1      7  -7.48320000000000     
      4      7      1      7  0.529410847074368     
      3      8      1      7 -0.916966485210883     
      2      9      1      7 -0.916966485210883     
      5      9      1      7   3.10421759466053     
      1     10      1      7  0.529410847074368     
      4     10      1      7  -3.58444172780086     
      3     11      1      7   3.10421759466053     
      2      7      2      7  -4.37575000000000     
      5      7      2      7  0.529410847074368     
      1      8      2      7  -3.10745000000000     
      4      8      2      7 -0.529410847074368     
      6      9      2      7   1.65729889820254     
      2     10      2      7 -0.529410847074368     
      5     10      2      7  0.134921965697890     
      1     11      2      7  0.529410847074368     
      4     11      2      7  -1.92714282959832     
      3     12      2      7   3.71936369349875     
      3      7      3      7  -6.16855000000000     
      1      9      3      7  -3.85565000000000     
      4      9      3      7 -0.392050000000000     
      3     10      3      7  0.392050000000000     
      1      7      4      7  0.529410847074368     
      4      7      4      7  -6.19805000000000     
      3      8      4      7  5.109549882328313E-002
      2      9      4      7   1.10794960033162     
      5      9      4      7   1.39700428338533     
      1     10      4      7  -4.49532500000000     
      4     10      4      7  -2.00517159814316     
      3     11      4      7   2.07605480249271     
      2      7      5      7  0.529410847074368     
      5      7      5      7  -6.22755000000000     
      1      8      5      7  0.529410847074368     
      4      8      5      7  5.900000000000205E-002
      6      9      5      7   2.81173239721474     
      2     10      5      7   1.27935000000000     
      5     10      5      7  -1.19861079907158     
      1     11      5      7  -5.13500000000000     
      4     11      5      7 -0.806560799071581     
      3     12      5      7   3.20378239721474     
      6      7      6      7  -6.25705000000000     
      2      8      6      7  0.916966485210883     
      5      8      6      7  5.109549882328357E-002
      6     10      6      7   2.81173239721474     
      2     11      6      7   1.10794960033162     
      5     11      6      7  -3.47305908587804     
      1     12      6      7  -5.77467500000000     
      4     12      6      7   3.20378239721474     
      2      7      1      8  -3.10745000000000     
      5      7      1      8  0.529410847074368     
      1      8      1      8  -4.37575000000000     
      4      8      1      8 -0.529410847074368     
      6      9      1      8   3.71936369349875     
      2     10      1      8 -0.529410847074368     
      5     10      1      8  -1.92714282959832     
      1     11      1      8  0.529410847074368     
      4     11      1      8  0.134921965697890     
      3     12      1      8   1.65729889820254     
      6      7      2      8  0.916966485210883     
      2      8      2      8  -7.48320000000000     
      5      8      2      8 -0.529410847074368     
      6     10      2      8   3.10421759466053     
      2     11      2      8 -0.529410847074368     
      5     11      2      8  -3.58444172780086     
      1     12      2      8  0.916966485210883     
      4     12      2      8   3.10421759466053     
      1      7      3      8 -0.916966485210883     
      4      7      3      8  5.109549882328357E-002
      3      8      3      8  -6.25705000000000     
      2      9      3      8  -5.77467500000000     
      5      9      3      8  -3.20378239721474     
      1     10      3      8   1.10794960033162     
      4     10      3      8   3.47305908587804     
      3     11      3      8  -2.81173239721474     
      2      7      4      8 -0.529410847074368     
      5      7      4      8  5.900000000000205E-002
      1      8      4      8 -0.529410847074368     
      4      8      4      8  -6.22755000000000     
      6      9      4      8  -3.20378239721474     
      2     10      4      8  -5.13500000000000     
      5     10      4      8  0.806560799071581     
      1     11      4      8   1.27935000000000     
      4     11      4      8   1.19861079907158     
      3     12      4      8  -2.81173239721474     
      6      7      5      8  5.109549882328313E-002
      2      8      5      8 -0.529410847074368     
      5      8      5      8  -6.19805000000000     
      6     10      5      8  -2.07605480249271     
      2     11      5      8  -4.49532500000000     
      5     11      5      8   2.00517159814316     
      1     12      5      8   1.10794960033162     
      4     12      5      8  -1.39700428338533     
      6      8      6      8  -6.16855000000000     
      6     11      6      8 -0.392050000000000     
      2     12      6      8  -3.85565000000000     
      5     12      6      8  0.392050000000000     
      7      8      7      8  -1.26830000000000     
      8     10      7      8  0.000000000000000E+000
      7     11      7      8  0.000000000000000E+000
     10     11      7      8   2.06206479529621     
      9     12      7      8  -2.06206479529621     
      3      7      1      9  -3.85565000000000     
      1      9      1      9  -6.16855000000000     
      4      9      1      9  0.392050000000000     
      3     10      1      9 -0.392050000000000     
      1      7      2      9 -0.916966485210883     
      4      7      2      9   1.10794960033162     
      3      8      2      9  -5.77467500000000     
      2      9      2      9  -6.25705000000000     
      5      9      2      9  -2.81173239721474     
      1     10      2      9  5.109549882328357E-002
      4     10      2      9   3.47305908587804     
      3     11      2      9  -3.20378239721474     
      3      9      3      9  -10.0242000000000     
      3      7      4      9 -0.392050000000000     
      1      9      4      9  0.392050000000000     
      4      9      4      9  -5.89135000000000     
      3     10      4      9  -4.13285000000000     
      1      7      5      9   3.10421759466053     
      4      7      5      9   1.39700428338533     
      3      8      5      9  -3.20378239721474     
      2      9      5      9  -2.81173239721474     
      5      9      5      9  -4.76827000000000     
      1     10      5      9   2.07605480249271     
      4     10      5      9  -1.29682108064297     
      3     11      5      9  -3.00977000000000     
      2      7      6      9   1.65729889820254     
      5      7      6      9   2.81173239721474     
      1      8      6      9   3.71936369349875     
      4      8      6      9  -3.20378239721474     
      6      9      6      9  -4.59968000000000     
      2     10      6      9  -2.81173239721474     
      5     10      6      9 -0.168589999999998     
      1     11      6      9   3.20378239721474     
      4     11      6      9 -0.954489999999998     
      3     12      6      9  -2.05528000000000     
      7      9      7      9  -2.31290000000000     
      9     10      7      9 -0.784100000000000     
      8      9      8      9 -0.482375000000000     
      7     10      8      9  -1.05685410150834     
      9     11      8      9 -0.392050000000000     
      1      7      1     10  0.529410847074368     
      4      7      1     10  -4.49532500000000     
      3      8      1     10   1.10794960033162     
      2      9      1     10  5.109549882328313E-002
      5      9      1     10   2.07605480249271     
      1     10      1     10  -6.19805000000000     
      4     10      1     10  -2.00517159814316     
      3     11      1     10   1.39700428338533     
      2      7      2     10 -0.529410847074368     
      5      7      2     10   1.27935000000000     
      1      8      2     10 -0.529410847074368     
      4      8      2     10  -5.13500000000000     
      6      9      2     10  -2.81173239721474     
      2     10      2     10  -6.22755000000000     
      5     10      2     10   1.19861079907158     
      1     11      2     10  5.900000000000205E-002
      4     11      2     10  0.806560799071581     
      3     12      2     10  -3.20378239721474     
      3      7      3     10  0.392050000000000     
      1      9      3     10 -0.392050000000000     
      4      9      3     10  -4.13285000000000     
      3     10      3     10  -5.89134999999999     
      1      7      4     10  -3.58444172780086     
      4      7      4     10  -2.00517159814316     
      3      8      4     10   3.47305908587804     
      2      9      4     10   3.47305908587804     
      5      9      4     10  -1.29682108064297     
      1     10      4     10  -2.00517159814316     
      4     10      4     10  -8.52676000000000     
      3     11      4     10  -1.29682108064297     
      2      7      5     10  0.134921965697890     
      5      7      5     10  -1.19861079907158     
      1      8      5     10  -1.92714282959832     
      4      8      5     10  0.806560799071582     
      6      9      5     10 -0.168589999999998     
      2     10      5     10   1.19861079907158     
      5     10      5     10  -6.09712000000000     
      1     11      5     10 -0.806560799071582     
      4     11      5     10  -3.55272000000000     
      3     12      5     10 -0.954489999999998     
      6      7      6     10   2.81173239721474     
      2      8      6     10   3.10421759466053     
      5      8      6     10  -2.07605480249271     
      6     10      6     10  -4.76827000000000     
      2     11      6     10  -1.39700428338533     
      5     11      6     10  -1.29682108064297     
      1     12      6     10   3.20378239721474     
      4     12      6     10  -3.00977000000000     
      8      9      7     10  -1.05685410150834     
      7     10      7     10  -1.70272500000000     
      9     11      7     10 -0.679050519107379     
      7      8      8     10  0.000000000000000E+000
      8     10      8     10  -1.09255000000000     
      7     11      8     10  -1.22035000000000     
     10     11      8     10 -0.392050000000000     
      9     12      8     10 -0.392050000000000     
      7      9      9     10 -0.784100000000000     
      9     10      9     10  -1.75850000000000     
      2      7      1     11  0.529410847074368     
      5      7      1     11  -5.13500000000000     
      1      8      1     11  0.529410847074368     
      4      8      1     11   1.27935000000000     
      6      9      1     11   3.20378239721474     
      2     10      1     11  5.900000000000205E-002
      5     10      1     11 -0.806560799071581     
      1     11      1     11  -6.22755000000000     
      4     11      1     11  -1.19861079907158     
      3     12      1     11   2.81173239721474     
      6      7      2     11   1.10794960033162     
      2      8      2     11 -0.529410847074368     
      5      8      2     11  -4.49532500000000     
      6     10      2     11  -1.39700428338533     
      2     11      2     11  -6.19805000000000     
      5     11      2     11   2.00517159814316     
      1     12      2     11  5.109549882328313E-002
      4     12      2     11  -2.07605480249271     
      1      7      3     11   3.10421759466053     
      4      7      3     11   2.07605480249271     
      3      8      3     11  -2.81173239721474     
      2      9      3     11  -3.20378239721474     
      5      9      3     11  -3.00977000000000     
      1     10      3     11   1.39700428338533     
      4     10      3     11  -1.29682108064297     
      3     11      3     11  -4.76827000000000     
      2      7      4     11  -1.92714282959832     
      5      7      4     11 -0.806560799071582     
      1      8      4     11  0.134921965697890     
      4      8      4     11   1.19861079907158     
      6      9      4     11 -0.954489999999998     
      2     10      4     11  0.806560799071582     
      5     10      4     11  -3.55272000000000     
      1     11      4     11  -1.19861079907158     
      4     11      4     11  -6.09712000000000     
      3     12      4     11 -0.168589999999998     
      6      7      5     11  -3.47305908587804     
      2      8      5     11  -3.58444172780086     
      5      8      5     11   2.00517159814316     
      6     10      5     11  -1.29682108064297     
      2     11      5     11   2.00517159814316     
      5     11      5     11  -8.52676000000000     
      1     12      5     11  -3.47305908587804     
      4     12      5     11  -1.29682108064297     
      6      8      6     11 -0.392050000000000     
      6     11      6     11  -5.89135000000000     
      2     12      6     11  0.392050000000000     
      5     12      6     11  -4.13285000000000     
      7      8      7     11  0.000000000000000E+000
      8     10      7     11  -1.22035000000000     
      7     11      7     11  -1.09255000000000     
     10     11      7     11 -0.392050000000000     
      9     12      7     11 -0.392050000000000     
      8     11      8     11  -1.70272500000000     
      7     12      8     11  -1.05685410150834     
     10     12      8     11 -0.679050519107379     
      8      9      9     11 -0.392050000000000     
      7     10      9     11 -0.679050519107379     
      9     11      9     11  -1.75850000000000     
      7      8     10     11   2.06206479529621     
      8     10     10     11 -0.392050000000000     
      7     11     10     11 -0.392050000000000     
     10     11     10     11  -2.54440000000000     
      9     12     10     11  0.785900000000000     
      6      7      1     12  -5.77467500000000     
      2      8      1     12  0.916966485210883     
      5      8      1     12   1.10794960033162     
      6     10      1     12   3.20378239721474     
      2     11      1     12  5.109549882328357E-002
      5     11      1     12  -3.47305908587804     
      1     12      1     12  -6.25705000000000     
      4     12      1     12   2.81173239721474     
      6      8      2     12  -3.85565000000000     
      6     11      2     12  0.392050000000000     
      2     12      2     12  -6.16855000000000     
      5     12      2     12 -0.392050000000000     
      2      7      3     12   3.71936369349875     
      5      7      3     12   3.20378239721474     
      1      8      3     12   1.65729889820254     
      4      8      3     12  -2.81173239721474     
      6      9      3     12  -2.05528000000000     
      2     10      3     12  -3.20378239721474     
      5     10      3     12 -0.954489999999998     
      1     11      3     12   2.81173239721474     
      4     11      3     12 -0.168589999999998     
      3     12      3     12  -4.59968000000000     
      6      7      4     12   3.20378239721474     
      2      8      4     12   3.10421759466053     
      5      8      4     12  -1.39700428338533     
      6     10      4     12  -3.00977000000000     
      2     11      4     12  -2.07605480249271     
      5     11      4     12  -1.29682108064297     
      1     12      4     12   2.81173239721474     
      4     12      4     12  -4.76827000000000     
      6      8      5     12  0.392050000000000     
      6     11      5     12  -4.13285000000000     
      2     12      5     12 -0.392050000000000     
      5     12      5     12  -5.89134999999999     
      6     12      6     12  -10.0242000000000     
      8     11      7     12  -1.05685410150834     
      7     12      7     12 -0.482375000000000     
     10     12      7     12 -0.392050000000000     
      8     12      8     12  -2.31290000000000     
     11     12      8     12 -0.784100000000000     
      7      8      9     12  -2.06206479529621     
      8     10      9     12 -0.392050000000000     
      7     11      9     12 -0.392050000000000     
     10     11      9     12  0.785900000000000     
      9     12      9     12  -2.54440000000000     
      8     11     10     12 -0.679050519107379     
      7     12     10     12 -0.392050000000000     
     10     12     10     12  -1.75850000000000     
      8     12     11     12 -0.784100000000000     
     11     12     11     12  -1.75850000000000     
