 ! Total Interaction
  20
   1   1   1   1     1     0  -7.5427
   1   2   1   1     1     0  -0.3421
   2   2   1   1     1     0   3.7481
   1   1   1   2     1     0  -0.3421
   1   2   1   2     1     0 -12.6135
   2   2   1   2     1     0  -6.9552
   1   1   2   2     1     0   3.7481
   1   2   2   2     1     0  -6.9552
   2   2   2   2     1     0  -8.0436
   1   2   1   2     2     0  -8.8990
   2   2   2   2     3     0  -8.8990
   1   1   1   1     0     1  -1.2858
   2   2   1   1     0     1  -3.4121
   1   1   2   2     0     1  -3.4121
   2   2   2   2     0     1  -3.6985
   1   2   1   2     1     1   0.4939
   1   2   1   2     2     1  -2.7581
   2   2   1   2     2     1   1.4043
   1   2   2   2     2     1   1.4043
   2   2   2   2     2     1  -1.7651
