      1      1      1      1           2           0   5.41863434893885     
      1      1      1      1           0           0  -11.9569500000000     
      1      1      1      2           2           0 -0.418985220503063     
      1      1      2      1           2           0 -0.418985220503063     
      1      1      2      2           4           0  -6.67296229091308     
      1      1      2      2           2           0   3.04282130662516     
      1      2      1      1           2           0  0.418985220503063     
      1      2      1      2           2           0 -0.316652103557673     
      1      2      1      2           0           0  -16.7309065826635     
      1      2      2      1           4           0   12.7073227584838     
      1      2      2      1           2           0  -3.80988390823378     
      1      2      2      2           4           0   8.48730025630663     
      1      2      2      2           2           0   2.33625579599013     
      2      1      1      1           2           0  0.418985220503063     
      2      1      1      2           4           0   12.7073227584838     
      2      1      1      2           2           0  -3.80988390823378     
      2      1      2      1           2           0 -0.316652103557673     
      2      1      2      1           0           0  -16.7309065826635     
      2      1      2      2           4           0   8.48730025630663     
      2      1      2      2           2           0   2.33625579599013     
      2      2      1      1           4           0  -6.67296229091308     
      2      2      1      1           2           0   3.04282130662516     
      2      2      1      2           4           0  -8.48730025630663     
      2      2      1      2           2           0  -2.33625579599013     
      2      2      2      1           4           0  -8.48730025630663     
      2      2      2      1           2           0  -2.33625579599013     
      2      2      2      2           6           0   7.14000969063068     
      2      2      2      2           4           0  -8.76983624707440     
      2      2      2      2           2           0   6.15582981365632     
      2      2      2      2           0           0  -24.7369500000000     
      1      1      1      1           2           0   5.41863434893885     
      1      1      1      1           0           0  -11.9569500000000     
      1      1      1      2           2           0 -0.418985220503063     
      1      1      2      1           2           0 -0.418985220503063     
      1      1      2      2           4           0  -6.67296229091308     
      1      1      2      2           2           0   3.04282130662516     
      1      2      1      1           2           0  0.418985220503063     
      1      2      1      2           2           0 -0.316652103557673     
      1      2      1      2           0           0  -16.7309065826635     
      1      2      2      1           4           0   12.7073227584838     
      1      2      2      1           2           0  -3.80988390823378     
      1      2      2      2           4           0   8.48730025630663     
      1      2      2      2           2           0   2.33625579599013     
      2      1      1      1           2           0  0.418985220503063     
      2      1      1      2           4           0   12.7073227584838     
      2      1      1      2           2           0  -3.80988390823378     
      2      1      2      1           2           0 -0.316652103557673     
      2      1      2      1           0           0  -16.7309065826635     
      2      1      2      2           4           0   8.48730025630663     
      2      1      2      2           2           0   2.33625579599013     
      2      2      1      1           4           0  -6.67296229091308     
      2      2      1      1           2           0   3.04282130662516     
      2      2      1      2           4           0  -8.48730025630663     
      2      2      1      2           2           0  -2.33625579599013     
      2      2      2      1           4           0  -8.48730025630663     
      2      2      2      1           2           0  -2.33625579599013     
      2      2      2      2           6           0   7.14000969063068     
      2      2      2      2           4           0  -8.76983624707440     
      2      2      2      2           2           0   6.15582981365632     
      2      2      2      2           0           0  -24.7369500000000     
          60           6
   1   1   3   3   0   0   0   0-11.9570   1   1
   1   1   3   3   2   0   0   0  5.4186   1   1
   1   1   3   4   2   0   0   0 -0.4190   1   1
   1   1   4   3   2   0   0   0  0.4190   1   1
   1   1   4   4   0   0   0   0-16.7309   1   1
   1   1   4   4   2   0   0   0 -0.3167   1   1
   1   2   3   3   2   0   0   0 -0.4190   1   1
   1   2   3   4   2   0   0   0  3.0428   1   1
   1   2   3   4   4   0   0   0 -6.6730   1   1
   1   2   4   3   2   0   0   0 -3.8099   1   1
   1   2   4   3   4   0   0   0 12.7073   1   1
   1   2   4   4   2   0   0   0  2.3363   1   1
   1   2   4   4   4   0   0   0  8.4873   1   1
   2   1   3   3   2   0   0   0  0.4190   1   1
   2   1   3   4   2   0   0   0 -3.8099   1   1
   2   1   3   4   4   0   0   0 12.7073   1   1
   2   1   4   3   2   0   0   0  3.0428   1   1
   2   1   4   3   4   0   0   0 -6.6730   1   1
   2   1   4   4   2   0   0   0 -2.3363   1   1
   2   1   4   4   4   0   0   0 -8.4873   1   1
   2   2   3   3   0   0   0   0-16.7309   1   1
   2   2   3   3   2   0   0   0 -0.3167   1   1
   2   2   3   4   2   0   0   0  2.3363   1   1
   2   2   3   4   4   0   0   0  8.4873   1   1
   2   2   4   3   2   0   0   0 -2.3363   1   1
   2   2   4   3   4   0   0   0 -8.4873   1   1
   2   2   4   4   0   0   0   0-24.7370   1   1
   2   2   4   4   2   0   0   0  6.1558   1   1
   2   2   4   4   4   0   0   0 -8.7698   1   1
   2   2   4   4   6   0   0   0  7.1400   1   1
   3   3   1   1   0   0   0   0-11.9570   1   1
   3   3   1   1   2   0   0   0  5.4186   1   1
   3   3   1   2   2   0   0   0 -0.4190   1   1
   3   3   2   1   2   0   0   0  0.4190   1   1
   3   3   2   2   0   0   0   0-16.7309   1   1
   3   3   2   2   2   0   0   0 -0.3167   1   1
   3   4   1   1   2   0   0   0 -0.4190   1   1
   3   4   1   2   2   0   0   0  3.0428   1   1
   3   4   1   2   4   0   0   0 -6.6730   1   1
   3   4   2   1   2   0   0   0 -3.8099   1   1
   3   4   2   1   4   0   0   0 12.7073   1   1
   3   4   2   2   2   0   0   0  2.3363   1   1
   3   4   2   2   4   0   0   0  8.4873   1   1
   4   3   1   1   2   0   0   0  0.4190   1   1
   4   3   1   2   2   0   0   0 -3.8099   1   1
   4   3   1   2   4   0   0   0 12.7073   1   1
   4   3   2   1   2   0   0   0  3.0428   1   1
   4   3   2   1   4   0   0   0 -6.6730   1   1
   4   3   2   2   2   0   0   0 -2.3363   1   1
   4   3   2   2   4   0   0   0 -8.4873   1   1
   4   4   1   1   0   0   0   0-16.7309   1   1
   4   4   1   1   2   0   0   0 -0.3167   1   1
   4   4   1   2   2   0   0   0  2.3363   1   1
   4   4   1   2   4   0   0   0  8.4873   1   1
   4   4   2   1   2   0   0   0 -2.3363   1   1
   4   4   2   1   4   0   0   0 -8.4873   1   1
   4   4   2   2   0   0   0   0-24.7370   1   1
   4   4   2   2   2   0   0   0  6.1558   1   1
   4   4   2   2   4   0   0   0 -8.7698   1   1
   4   4   2   2   6   0   0   0  7.1400   1   1
