      1      2      1      2  -1.28580000000000     
      2      4      1      2  0.000000000000000E+000
      1      5      1      2  0.000000000000000E+000
      4      5      1      2   2.41271904808662     
      3      6      1      2  -2.41271904808662     
      1      3      1      3  -2.75810000000000     
      3      4      1      3  -1.40430000000000     
      2      3      2      3 -0.319100000000000     
      1      4      2      3  -1.40815730655350     
      3      5      2      3 -0.702150000000000     
      2      3      1      4  -1.40815730655350     
      1      4      1      4  -1.94510000000000     
      3      5      1      4  -1.21615947453449     
      1      2      2      4  0.000000000000000E+000
      2      4      2      4  -1.13210000000000     
      1      5      2      4  -1.62600000000000     
      4      5      2      4 -0.702150000000000     
      3      6      2      4 -0.702150000000000     
      1      3      3      4  -1.40430000000000     
      3      4      3      4  -1.76510000000000     
      1      2      1      5  0.000000000000000E+000
      2      4      1      5  -1.62600000000000     
      1      5      1      5  -1.13210000000000     
      4      5      1      5 -0.702150000000000     
      3      6      1      5 -0.702150000000000     
      2      5      2      5  -1.94510000000000     
      1      6      2      5  -1.40815730655350     
      4      6      2      5  -1.21615947453449     
      2      3      3      5 -0.702150000000000     
      1      4      3      5  -1.21615947453449     
      3      5      3      5  -1.76510000000000     
      1      2      4      5   2.41271904808662     
      2      4      4      5 -0.702150000000000     
      1      5      4      5 -0.702150000000000     
      4      5      4      5  -2.73180000000000     
      3      6      4      5  0.966700000000000     
      2      5      1      6  -1.40815730655350     
      1      6      1      6 -0.319100000000000     
      4      6      1      6 -0.702150000000000     
      2      6      2      6  -2.75810000000000     
      5      6      2      6  -1.40430000000000     
      1      2      3      6  -2.41271904808662     
      2      4      3      6 -0.702150000000000     
      1      5      3      6 -0.702150000000000     
      4      5      3      6  0.966700000000000     
      3      6      3      6  -2.73180000000000     
      2      5      4      6  -1.21615947453449     
      1      6      4      6 -0.702150000000000     
      4      6      4      6  -1.76510000000000     
      2      6      5      6  -1.40430000000000     
      5      6      5      6  -1.76510000000000     
      1      7      1      7  -7.54270000000000     
      4      7      1      7  0.120950614921959     
      3      8      1      7 -0.209492610251531     
      2      9      1      7 -0.209492610251531     
      5      9      1      7   2.05291891778511     
      1     10      1      7  0.120950614921959     
      4     10      1      7  -2.37050657961542     
      3     11      1      7   2.05291891778511     
      2      7      2      7  -4.41425000000000     
      5      7      2      7  0.120950614921959     
      1      8      2      7  -3.12845000000000     
      4      8      2      7 -0.120950614921959     
      6      9      2      7  0.571520410668257     
      2     10      2      7 -0.120950614921959     
      5     10      2      7  0.613732879139454     
      1     11      2      7  0.120950614921959     
      4     11      2      7  -1.79898616894716     
      3     12      2      7   2.98423945875488     
      3      7      3      7  -5.82855000000000     
      1      9      3      7  -3.07045000000000     
      4      9      3      7 -0.702150000000000     
      3     10      3      7  0.702150000000000     
      1      7      4      7  0.120950614921959     
      4      7      4      7  -5.88636250000000     
      3      8      4      7  0.100134187312577     
      2      9      4      7   1.50829149386608     
      5      9      4      7  0.738788951209848     
      1     10      4      7  -3.94126250000000     
      4     10      4      7  -1.55522999971065     
      3     11      4      7   1.95494842574434     
      2      7      5      7  0.120950614921959     
      5      7      5      7  -5.94417500000000     
      1      8      5      7  0.120950614921959     
      4      8      5      7  0.115625000000002     
      6      9      5      7   1.98176999956598     
      2     10      5      7   1.74162500000000     
      5     10      5      7  -1.12868999985533     
      1     11      5      7  -4.81207500000000     
      4     11      5      7 -0.426539999855327     
      3     12      5      7   2.68391999956598     
      6      7      6      7  -6.00198750000000     
      2      8      6      7  0.209492610251531     
      5      8      6      7  0.100134187312577     
      6     10      6      7   1.98176999956598     
      2     11      6      7   1.50829149386608     
      5     11      6      7  -2.69373737695418     
      1     12      6      7  -5.68288750000000     
      4     12      6      7   2.68391999956598     
      2      7      1      8  -3.12845000000000     
      5      7      1      8  0.120950614921959     
      1      8      1      8  -4.41425000000000     
      4      8      1      8 -0.120950614921959     
      6      9      1      8   2.98423945875488     
      2     10      1      8 -0.120950614921959     
      5     10      1      8  -1.79898616894716     
      1     11      1      8  0.120950614921959     
      4     11      1      8  0.613732879139454     
      3     12      1      8  0.571520410668257     
      6      7      2      8  0.209492610251531     
      2      8      2      8  -7.54270000000000     
      5      8      2      8 -0.120950614921959     
      6     10      2      8   2.05291891778511     
      2     11      2      8 -0.120950614921959     
      5     11      2      8  -2.37050657961542     
      1     12      2      8  0.209492610251531     
      4     12      2      8   2.05291891778511     
      1      7      3      8 -0.209492610251531     
      4      7      3      8  0.100134187312577     
      3      8      3      8  -6.00198750000000     
      2      9      3      8  -5.68288750000000     
      5      9      3      8  -2.68391999956598     
      1     10      3      8   1.50829149386608     
      4     10      3      8   2.69373737695418     
      3     11      3      8  -1.98176999956598     
      2      7      4      8 -0.120950614921959     
      5      7      4      8  0.115625000000002     
      1      8      4      8 -0.120950614921959     
      4      8      4      8  -5.94417500000000     
      6      9      4      8  -2.68391999956598     
      2     10      4      8  -4.81207500000000     
      5     10      4      8  0.426539999855327     
      1     11      4      8   1.74162500000000     
      4     11      4      8   1.12868999985533     
      3     12      4      8  -1.98176999956598     
      6      7      5      8  0.100134187312577     
      2      8      5      8 -0.120950614921959     
      5      8      5      8  -5.88636250000000     
      6     10      5      8  -1.95494842574434     
      2     11      5      8  -3.94126250000000     
      5     11      5      8   1.55522999971065     
      1     12      5      8   1.50829149386608     
      4     12      5      8 -0.738788951209848     
      6      8      6      8  -5.82855000000000     
      6     11      6      8 -0.702150000000000     
      2     12      6      8  -3.07045000000000     
      5     12      6      8  0.702150000000000     
      7      8      7      8  -1.28580000000000     
      8     10      7      8  0.000000000000000E+000
      7     11      7      8  0.000000000000000E+000
     10     11      7      8   2.41271904808662     
      9     12      7      8  -2.41271904808662     
      3      7      1      9  -3.07045000000000     
      1      9      1      9  -5.82855000000000     
      4      9      1      9  0.702150000000000     
      3     10      1      9 -0.702150000000000     
      1      7      2      9 -0.209492610251531     
      4      7      2      9   1.50829149386608     
      3      8      2      9  -5.68288750000000     
      2      9      2      9  -6.00198750000000     
      5      9      2      9  -1.98176999956598     
      1     10      2      9  0.100134187312577     
      4     10      2      9   2.69373737695418     
      3     11      2      9  -2.68391999956598     
      3      9      3      9  -8.89900000000000     
      3      7      4      9 -0.702150000000000     
      1      9      4      9  0.702150000000000     
      4      9      4      9  -5.33205000000000     
      3     10      4      9  -3.56694999999999     
      1      7      5      9   2.05291891778511     
      4      7      5      9  0.738788951209848     
      3      8      5      9  -2.68391999956598     
      2      9      5      9  -1.98176999956598     
      5      9      5      9  -5.07543000000000     
      1     10      5      9   1.95494842574434     
      4     10      5      9 -0.296319252158880     
      3     11      5      9  -3.31033000000000     
      2      7      6      9  0.571520410668257     
      5      7      6      9   1.98176999956598     
      1      8      6      9   2.98423945875488     
      4      8      6      9  -2.68391999956598     
      6      9      6      9  -5.43047000000000     
      2     10      6      9  -1.98176999956598     
      5     10      6      9  0.355040000000002     
      1     11      6      9   2.68391999956598     
      4     11      6      9 -0.611659999999998     
      3     12      6      9  -2.69867000000000     
      7      9      7      9  -2.75810000000000     
      9     10      7      9  -1.40430000000000     
      8      9      8      9 -0.319100000000000     
      7     10      8      9  -1.40815730655350     
      9     11      8      9 -0.702150000000000     
      1      7      1     10  0.120950614921959     
      4      7      1     10  -3.94126250000000     
      3      8      1     10   1.50829149386608     
      2      9      1     10  0.100134187312577     
      5      9      1     10   1.95494842574434     
      1     10      1     10  -5.88636250000000     
      4     10      1     10  -1.55522999971065     
      3     11      1     10  0.738788951209848     
      2      7      2     10 -0.120950614921959     
      5      7      2     10   1.74162500000000     
      1      8      2     10 -0.120950614921959     
      4      8      2     10  -4.81207500000000     
      6      9      2     10  -1.98176999956598     
      2     10      2     10  -5.94417500000000     
      5     10      2     10   1.12868999985533     
      1     11      2     10  0.115625000000002     
      4     11      2     10  0.426539999855327     
      3     12      2     10  -2.68391999956598     
      3      7      3     10  0.702150000000000     
      1      9      3     10 -0.702150000000000     
      4      9      3     10  -3.56694999999999     
      3     10      3     10  -5.33204999999999     
      1      7      4     10  -2.37050657961542     
      4      7      4     10  -1.55522999971065     
      3      8      4     10   2.69373737695418     
      2      9      4     10   2.69373737695418     
      5      9      4     10 -0.296319252158880     
      1     10      4     10  -1.55522999971065     
      4     10      4     10  -8.55684000000000     
      3     11      4     10 -0.296319252158880     
      2      7      5     10  0.613732879139454     
      5      7      5     10  -1.12868999985533     
      1      8      5     10  -1.79898616894716     
      4      8      5     10  0.426539999855327     
      6      9      5     10  0.355040000000002     
      2     10      5     10   1.12868999985533     
      5     10      5     10  -5.77263000000000     
      1     11      5     10 -0.426539999855327     
      4     11      5     10  -3.04083000000000     
      3     12      5     10 -0.611659999999998     
      6      7      6     10   1.98176999956598     
      2      8      6     10   2.05291891778511     
      5      8      6     10  -1.95494842574434     
      6     10      6     10  -5.07543000000000     
      2     11      6     10 -0.738788951209848     
      5     11      6     10 -0.296319252158880     
      1     12      6     10   2.68391999956598     
      4     12      6     10  -3.31033000000000     
      8      9      7     10  -1.40815730655350     
      7     10      7     10  -1.94510000000000     
      9     11      7     10  -1.21615947453449     
      7      8      8     10  0.000000000000000E+000
      8     10      8     10  -1.13210000000000     
      7     11      8     10  -1.62600000000000     
     10     11      8     10 -0.702150000000000     
      9     12      8     10 -0.702150000000000     
      7      9      9     10  -1.40430000000000     
      9     10      9     10  -1.76510000000000     
      2      7      1     11  0.120950614921959     
      5      7      1     11  -4.81207500000000     
      1      8      1     11  0.120950614921959     
      4      8      1     11   1.74162500000000     
      6      9      1     11   2.68391999956598     
      2     10      1     11  0.115625000000002     
      5     10      1     11 -0.426539999855327     
      1     11      1     11  -5.94417500000000     
      4     11      1     11  -1.12868999985533     
      3     12      1     11   1.98176999956598     
      6      7      2     11   1.50829149386608     
      2      8      2     11 -0.120950614921959     
      5      8      2     11  -3.94126250000000     
      6     10      2     11 -0.738788951209848     
      2     11      2     11  -5.88636250000000     
      5     11      2     11   1.55522999971065     
      1     12      2     11  0.100134187312577     
      4     12      2     11  -1.95494842574434     
      1      7      3     11   2.05291891778511     
      4      7      3     11   1.95494842574434     
      3      8      3     11  -1.98176999956598     
      2      9      3     11  -2.68391999956598     
      5      9      3     11  -3.31033000000000     
      1     10      3     11  0.738788951209848     
      4     10      3     11 -0.296319252158880     
      3     11      3     11  -5.07543000000000     
      2      7      4     11  -1.79898616894716     
      5      7      4     11 -0.426539999855327     
      1      8      4     11  0.613732879139454     
      4      8      4     11   1.12868999985533     
      6      9      4     11 -0.611659999999998     
      2     10      4     11  0.426539999855327     
      5     10      4     11  -3.04083000000000     
      1     11      4     11  -1.12868999985533     
      4     11      4     11  -5.77263000000000     
      3     12      4     11  0.355040000000002     
      6      7      5     11  -2.69373737695418     
      2      8      5     11  -2.37050657961542     
      5      8      5     11   1.55522999971065     
      6     10      5     11 -0.296319252158880     
      2     11      5     11   1.55522999971065     
      5     11      5     11  -8.55684000000000     
      1     12      5     11  -2.69373737695418     
      4     12      5     11 -0.296319252158880     
      6      8      6     11 -0.702150000000000     
      6     11      6     11  -5.33205000000000     
      2     12      6     11  0.702150000000000     
      5     12      6     11  -3.56694999999999     
      7      8      7     11  0.000000000000000E+000
      8     10      7     11  -1.62600000000000     
      7     11      7     11  -1.13210000000000     
     10     11      7     11 -0.702150000000000     
      9     12      7     11 -0.702150000000000     
      8     11      8     11  -1.94510000000000     
      7     12      8     11  -1.40815730655350     
     10     12      8     11  -1.21615947453449     
      8      9      9     11 -0.702150000000000     
      7     10      9     11  -1.21615947453449     
      9     11      9     11  -1.76510000000000     
      7      8     10     11   2.41271904808662     
      8     10     10     11 -0.702150000000000     
      7     11     10     11 -0.702150000000000     
     10     11     10     11  -2.73180000000000     
      9     12     10     11  0.966700000000000     
      6      7      1     12  -5.68288750000000     
      2      8      1     12  0.209492610251531     
      5      8      1     12   1.50829149386608     
      6     10      1     12   2.68391999956598     
      2     11      1     12  0.100134187312577     
      5     11      1     12  -2.69373737695418     
      1     12      1     12  -6.00198750000000     
      4     12      1     12   1.98176999956598     
      6      8      2     12  -3.07045000000000     
      6     11      2     12  0.702150000000000     
      2     12      2     12  -5.82855000000000     
      5     12      2     12 -0.702150000000000     
      2      7      3     12   2.98423945875488     
      5      7      3     12   2.68391999956598     
      1      8      3     12  0.571520410668257     
      4      8      3     12  -1.98176999956598     
      6      9      3     12  -2.69867000000000     
      2     10      3     12  -2.68391999956598     
      5     10      3     12 -0.611659999999998     
      1     11      3     12   1.98176999956598     
      4     11      3     12  0.355040000000002     
      3     12      3     12  -5.43047000000000     
      6      7      4     12   2.68391999956598     
      2      8      4     12   2.05291891778511     
      5      8      4     12 -0.738788951209848     
      6     10      4     12  -3.31033000000000     
      2     11      4     12  -1.95494842574434     
      5     11      4     12 -0.296319252158880     
      1     12      4     12   1.98176999956598     
      4     12      4     12  -5.07543000000000     
      6      8      5     12  0.702150000000000     
      6     11      5     12  -3.56694999999999     
      2     12      5     12 -0.702150000000000     
      5     12      5     12  -5.33204999999999     
      6     12      6     12  -8.89900000000000     
      8     11      7     12  -1.40815730655350     
      7     12      7     12 -0.319100000000000     
     10     12      7     12 -0.702150000000000     
      8     12      8     12  -2.75810000000000     
     11     12      8     12  -1.40430000000000     
      7      8      9     12  -2.41271904808662     
      8     10      9     12 -0.702150000000000     
      7     11      9     12 -0.702150000000000     
     10     11      9     12  0.966700000000000     
      9     12      9     12  -2.73180000000000     
      8     11     10     12  -1.21615947453449     
      7     12     10     12 -0.702150000000000     
     10     12     10     12  -1.76510000000000     
      8     12     11     12  -1.40430000000000     
     11     12     11     12  -1.76510000000000     
