      1      1      1      1           2           0   6.39932151618435     
      1      1      1      1           0           0  -13.3665500000000     
      1      1      1      2           2           0 -0.247031040559683     
      1      1      2      1           2           0 -0.247031040559683     
      1      1      2      2           4           0  -6.76776591233994     
      1      1      2      2           2           0   2.35002206920904     
      1      2      1      1           2           0  0.247031040559683     
      1      2      1      2           2           0  0.118581933699871     
      1      2      1      2           0           0  -18.1659267620730     
      1      2      2      1           4           0   13.7983282755557     
      1      2      2      1           2           0  -3.99410916225383     
      1      2      2      2           4           0   8.26481864943448     
      1      2      2      2           2           0   1.88045046517050     
      2      1      1      1           2           0  0.247031040559683     
      2      1      1      2           4           0   13.7983282755557     
      2      1      1      2           2           0  -3.99410916225383     
      2      1      2      1           2           0  0.118581933699871     
      2      1      2      1           0           0  -18.1659267620730     
      2      1      2      2           4           0   8.26481864943448     
      2      1      2      2           2           0   1.88045046517050     
      2      2      1      1           4           0  -6.76776591233994     
      2      2      1      1           2           0   2.35002206920905     
      2      2      1      2           4           0  -8.26481864943448     
      2      2      1      2           2           0  -1.88045046517050     
      2      2      2      1           4           0  -8.26481864943448     
      2      2      2      1           2           0  -1.88045046517050     
      2      2      2      2           6           0   8.31867867095341     
      2      2      2      2           4           0  -9.43051607204638     
      2      2      2      2           2           0   6.31932674963678     
      2      2      2      2           0           0  -27.4956750000000     
      1      1      1      1           2           0   6.39932151618435     
      1      1      1      1           0           0  -13.3665500000000     
      1      1      1      2           2           0 -0.247031040559683     
      1      1      2      1           2           0 -0.247031040559683     
      1      1      2      2           4           0  -6.76776591233994     
      1      1      2      2           2           0   2.35002206920904     
      1      2      1      1           2           0  0.247031040559683     
      1      2      1      2           2           0  0.118581933699871     
      1      2      1      2           0           0  -18.1659267620730     
      1      2      2      1           4           0   13.7983282755557     
      1      2      2      1           2           0  -3.99410916225383     
      1      2      2      2           4           0   8.26481864943448     
      1      2      2      2           2           0   1.88045046517050     
      2      1      1      1           2           0  0.247031040559683     
      2      1      1      2           4           0   13.7983282755557     
      2      1      1      2           2           0  -3.99410916225383     
      2      1      2      1           2           0  0.118581933699871     
      2      1      2      1           0           0  -18.1659267620730     
      2      1      2      2           4           0   8.26481864943448     
      2      1      2      2           2           0   1.88045046517050     
      2      2      1      1           4           0  -6.76776591233994     
      2      2      1      1           2           0   2.35002206920905     
      2      2      1      2           4           0  -8.26481864943448     
      2      2      1      2           2           0  -1.88045046517050     
      2      2      2      1           4           0  -8.26481864943448     
      2      2      2      1           2           0  -1.88045046517050     
      2      2      2      2           6           0   8.31867867095341     
      2      2      2      2           4           0  -9.43051607204638     
      2      2      2      2           2           0   6.31932674963678     
      2      2      2      2           0           0  -27.4956750000000     
          60           6
   1   1   3   3   0   0   0   0-13.3666   1   1
   1   1   3   3   2   0   0   0  6.3993   1   1
   1   1   3   4   2   0   0   0 -0.2470   1   1
   1   1   4   3   2   0   0   0  0.2470   1   1
   1   1   4   4   0   0   0   0-18.1659   1   1
   1   1   4   4   2   0   0   0  0.1186   1   1
   1   2   3   3   2   0   0   0 -0.2470   1   1
   1   2   3   4   2   0   0   0  2.3500   1   1
   1   2   3   4   4   0   0   0 -6.7678   1   1
   1   2   4   3   2   0   0   0 -3.9941   1   1
   1   2   4   3   4   0   0   0 13.7983   1   1
   1   2   4   4   2   0   0   0  1.8805   1   1
   1   2   4   4   4   0   0   0  8.2648   1   1
   2   1   3   3   2   0   0   0  0.2470   1   1
   2   1   3   4   2   0   0   0 -3.9941   1   1
   2   1   3   4   4   0   0   0 13.7983   1   1
   2   1   4   3   2   0   0   0  2.3500   1   1
   2   1   4   3   4   0   0   0 -6.7678   1   1
   2   1   4   4   2   0   0   0 -1.8805   1   1
   2   1   4   4   4   0   0   0 -8.2648   1   1
   2   2   3   3   0   0   0   0-18.1659   1   1
   2   2   3   3   2   0   0   0  0.1186   1   1
   2   2   3   4   2   0   0   0  1.8805   1   1
   2   2   3   4   4   0   0   0  8.2648   1   1
   2   2   4   3   2   0   0   0 -1.8805   1   1
   2   2   4   3   4   0   0   0 -8.2648   1   1
   2   2   4   4   0   0   0   0-27.4957   1   1
   2   2   4   4   2   0   0   0  6.3193   1   1
   2   2   4   4   4   0   0   0 -9.4305   1   1
   2   2   4   4   6   0   0   0  8.3187   1   1
   3   3   1   1   0   0   0   0-13.3666   1   1
   3   3   1   1   2   0   0   0  6.3993   1   1
   3   3   1   2   2   0   0   0 -0.2470   1   1
   3   3   2   1   2   0   0   0  0.2470   1   1
   3   3   2   2   0   0   0   0-18.1659   1   1
   3   3   2   2   2   0   0   0  0.1186   1   1
   3   4   1   1   2   0   0   0 -0.2470   1   1
   3   4   1   2   2   0   0   0  2.3500   1   1
   3   4   1   2   4   0   0   0 -6.7678   1   1
   3   4   2   1   2   0   0   0 -3.9941   1   1
   3   4   2   1   4   0   0   0 13.7983   1   1
   3   4   2   2   2   0   0   0  1.8805   1   1
   3   4   2   2   4   0   0   0  8.2648   1   1
   4   3   1   1   2   0   0   0  0.2470   1   1
   4   3   1   2   2   0   0   0 -3.9941   1   1
   4   3   1   2   4   0   0   0 13.7983   1   1
   4   3   2   1   2   0   0   0  2.3500   1   1
   4   3   2   1   4   0   0   0 -6.7678   1   1
   4   3   2   2   2   0   0   0 -1.8805   1   1
   4   3   2   2   4   0   0   0 -8.2648   1   1
   4   4   1   1   0   0   0   0-18.1659   1   1
   4   4   1   1   2   0   0   0  0.1186   1   1
   4   4   1   2   2   0   0   0  1.8805   1   1
   4   4   1   2   4   0   0   0  8.2648   1   1
   4   4   2   1   2   0   0   0 -1.8805   1   1
   4   4   2   1   4   0   0   0 -8.2648   1   1
   4   4   2   2   0   0   0   0-27.4957   1   1
   4   4   2   2   2   0   0   0  6.3193   1   1
   4   4   2   2   4   0   0   0 -9.4305   1   1
   4   4   2   2   6   0   0   0  8.3187   1   1
