      1      2      1      2  -1.14130000000000     
      2      4      1      2  0.000000000000000E+000
      1      5      1      2  0.000000000000000E+000
      4      5      1      2   2.76570675325494     
      3      6      1      2  -2.76570675325494     
      1      3      1      3  -3.18290000000000     
      3      4      1      3  -1.58360000000000     
      2      3      2      3 -0.219350000000000     
      1      4      2      3  -1.71100639025692     
      3      5      2      3 -0.791800000000000     
      2      3      1      4  -1.71100639025692     
      1      4      1      4  -2.19505000000000     
      3      5      1      4  -1.37143782943304     
      1      2      2      4  0.000000000000000E+000
      2      4      2      4  -1.20720000000000     
      1      5      2      4  -1.97570000000000     
      4      5      2      4 -0.791800000000000     
      3      6      2      4 -0.791800000000000     
      1      3      3      4  -1.58360000000000     
      3      4      3      4  -2.06310000000000     
      1      2      1      5  0.000000000000000E+000
      2      4      1      5  -1.97570000000000     
      1      5      1      5  -1.20720000000000     
      4      5      1      5 -0.791800000000000     
      3      6      1      5 -0.791800000000000     
      2      5      2      5  -2.19505000000000     
      1      6      2      5  -1.71100639025692     
      4      6      2      5  -1.37143782943304     
      2      3      3      5 -0.791800000000000     
      1      4      3      5  -1.37143782943304     
      3      5      3      5  -2.06310000000000     
      1      2      4      5   2.76570675325494     
      2      4      4      5 -0.791800000000000     
      1      5      4      5 -0.791800000000000     
      4      5      4      5  -2.98510000000000     
      3      6      4      5  0.922000000000000     
      2      5      1      6  -1.71100639025692     
      1      6      1      6 -0.219350000000000     
      4      6      1      6 -0.791800000000000     
      2      6      2      6  -3.18290000000000     
      5      6      2      6  -1.58360000000000     
      1      2      3      6  -2.76570675325494     
      2      4      3      6 -0.791800000000000     
      1      5      3      6 -0.791800000000000     
      4      5      3      6  0.922000000000000     
      3      6      3      6  -2.98510000000000     
      2      5      4      6  -1.37143782943304     
      1      6      4      6 -0.791800000000000     
      4      6      4      6  -2.06310000000000     
      2      6      5      6  -1.58360000000000     
      5      6      5      6  -2.06310000000000     
      1      7      1      7  -8.53060000000000     
      4      7      1      7  7.131171888266333E-002
      3      8      1      7 -0.123515520279842     
      2      9      1      7 -0.123515520279842     
      5      9      1      7   1.89807775077840     
      1     10      1      7  7.131171888266333E-002
      4     10      1      7  -2.19171140070950     
      3     11      1      7   1.89807775077840     
      2      7      2      7  -4.83595000000000     
      5      7      2      7  7.131171888266333E-002
      1      8      2      7  -3.69465000000000     
      4      8      2      7 -7.131171888266333E-002
      6      9      2      7  0.260930173904654     
      2     10      2      7 -7.131171888266333E-002
      5     10      2      7  0.834925526450097     
      1     11      2      7  7.131171888266333E-002
      4     11      2      7  -1.93078122680485     
      3     12      2      7   3.02663692715960     
      3      7      3      7  -6.45510000000000     
      1      9      3      7  -3.27220000000000     
      4      9      3      7 -0.791800000000000     
      3     10      3      7  0.791800000000000     
      1      7      4      7  7.131171888266333E-002
      4      7      4      7  -6.43345000000000     
      3      8      4      7 -3.749889998386502E-002
      2      9      4      7   1.67350749027305     
      5      9      4      7  0.594650649706192     
      1     10      4      7  -4.23840000000000     
      4     10      4      7  -1.47844342536331     
      3     11      4      7   1.96608847913923     
      2      7      5      7  7.131171888266334E-002
      5      7      5      7  -6.41180000000000     
      1      8      5      7  7.131171888266334E-002
      4      8      5      7 -4.329999999999934E-002
      6      9      5      7   1.82176513804497     
      2     10      5      7   1.93240000000000     
      5     10      5      7  -1.13512171268166     
      1     11      5      7  -5.20460000000000     
      4     11      5      7 -0.343321712681656     
      3     12      5      7   2.61356513804497     
      6      7      6      7  -6.39015000000000     
      2      8      6      7  0.123515520279842     
      5      8      6      7 -3.749889998386513E-002
      6     10      6      7   1.82176513804497     
      2     11      6      7   1.67350749027305     
      5     11      6      7  -2.56073912884542     
      1     12      6      7  -6.17080000000000     
      4     12      6      7   2.61356513804497     
      2      7      1      8  -3.69465000000000     
      5      7      1      8  7.131171888266333E-002
      1      8      1      8  -4.83595000000000     
      4      8      1      8 -7.131171888266333E-002
      6      9      1      8   3.02663692715960     
      2     10      1      8 -7.131171888266333E-002
      5     10      1      8  -1.93078122680485     
      1     11      1      8  7.131171888266333E-002
      4     11      1      8  0.834925526450097     
      3     12      1      8  0.260930173904654     
      6      7      2      8  0.123515520279842     
      2      8      2      8  -8.53060000000000     
      5      8      2      8 -7.131171888266333E-002
      6     10      2      8   1.89807775077840     
      2     11      2      8 -7.131171888266333E-002
      5     11      2      8  -2.19171140070950     
      1     12      2      8  0.123515520279842     
      4     12      2      8   1.89807775077840     
      1      7      3      8 -0.123515520279842     
      4      7      3      8 -3.749889998386513E-002
      3      8      3      8  -6.39015000000000     
      2      9      3      8  -6.17080000000000     
      5      9      3      8  -2.61356513804497     
      1     10      3      8   1.67350749027305     
      4     10      3      8   2.56073912884542     
      3     11      3      8  -1.82176513804497     
      2      7      4      8 -7.131171888266334E-002
      5      7      4      8 -4.329999999999934E-002
      1      8      4      8 -7.131171888266334E-002
      4      8      4      8  -6.41180000000000     
      6      9      4      8  -2.61356513804497     
      2     10      4      8  -5.20460000000000     
      5     10      4      8  0.343321712681656     
      1     11      4      8   1.93240000000000     
      4     11      4      8   1.13512171268166     
      3     12      4      8  -1.82176513804497     
      6      7      5      8 -3.749889998386502E-002
      2      8      5      8 -7.131171888266333E-002
      5      8      5      8  -6.43345000000000     
      6     10      5      8  -1.96608847913923     
      2     11      5      8  -4.23840000000000     
      5     11      5      8   1.47844342536331     
      1     12      5      8   1.67350749027305     
      4     12      5      8 -0.594650649706192     
      6      8      6      8  -6.45510000000000     
      6     11      6      8 -0.791800000000000     
      2     12      6      8  -3.27220000000000     
      5     12      6      8  0.791800000000000     
      7      8      7      8  -1.14130000000000     
      8     10      7      8  0.000000000000000E+000
      7     11      7      8  0.000000000000000E+000
     10     11      7      8   2.76570675325494     
      9     12      7      8  -2.76570675325494     
      3      7      1      9  -3.27220000000000     
      1      9      1      9  -6.45510000000000     
      4      9      1      9  0.791800000000000     
      3     10      1      9 -0.791800000000000     
      1      7      2      9 -0.123515520279842     
      4      7      2      9   1.67350749027305     
      3      8      2      9  -6.17080000000000     
      2      9      2      9  -6.39015000000000     
      5      9      2      9  -1.82176513804497     
      1     10      2      9 -3.749889998386513E-002
      4     10      2      9   2.56073912884542     
      3     11      2      9  -2.61356513804497     
      3      9      3      9  -9.72730000000000     
      3      7      4      9 -0.791800000000000     
      1      9      4      9  0.791800000000000     
      4      9      4      9  -5.89520000000000     
      3     10      4      9  -3.83209999999999     
      1      7      5      9   1.89807775077840     
      4      7      5      9  0.594650649706192     
      3      8      5      9  -2.61356513804497     
      2      9      5      9  -1.82176513804497     
      5      9      5      9  -5.74391000000000     
      1     10      5      9   1.96608847913923     
      4     10      5      9 -0.174694644451392     
      3     11      5      9  -3.68081000000000     
      2      7      6      9  0.260930173904654     
      5      7      6      9   1.82176513804497     
      1      8      6      9   3.02663692715960     
      4      8      6      9  -2.61356513804497     
      6      9      6      9  -6.12926500000000     
      2     10      6      9  -1.82176513804497     
      5     10      6      9  0.385355000000002     
      1     11      6      9   2.61356513804497     
      4     11      6      9 -0.536644999999998     
      3     12      6      9  -3.14416500000000     
      7      9      7      9  -3.18290000000000     
      9     10      7      9  -1.58360000000000     
      8      9      8      9 -0.219350000000000     
      7     10      8      9  -1.71100639025692     
      9     11      8      9 -0.791800000000000     
      1      7      1     10  7.131171888266333E-002
      4      7      1     10  -4.23840000000000     
      3      8      1     10   1.67350749027305     
      2      9      1     10 -3.749889998386502E-002
      5      9      1     10   1.96608847913923     
      1     10      1     10  -6.43345000000000     
      4     10      1     10  -1.47844342536331     
      3     11      1     10  0.594650649706192     
      2      7      2     10 -7.131171888266334E-002
      5      7      2     10   1.93240000000000     
      1      8      2     10 -7.131171888266334E-002
      4      8      2     10  -5.20460000000000     
      6      9      2     10  -1.82176513804497     
      2     10      2     10  -6.41180000000000     
      5     10      2     10   1.13512171268166     
      1     11      2     10 -4.329999999999934E-002
      4     11      2     10  0.343321712681656     
      3     12      2     10  -2.61356513804497     
      3      7      3     10  0.791800000000000     
      1      9      3     10 -0.791800000000000     
      4      9      3     10  -3.83210000000000     
      3     10      3     10  -5.89519999999999     
      1      7      4     10  -2.19171140070950     
      4      7      4     10  -1.47844342536331     
      3      8      4     10   2.56073912884542     
      2      9      4     10   2.56073912884542     
      5      9      4     10 -0.174694644451392     
      1     10      4     10  -1.47844342536331     
      4     10      4     10  -9.52558000000000     
      3     11      4     10 -0.174694644451392     
      2      7      5     10  0.834925526450097     
      5      7      5     10  -1.13512171268166     
      1      8      5     10  -1.93078122680485     
      4      8      5     10  0.343321712681656     
      6      9      5     10  0.385355000000002     
      2     10      5     10   1.13512171268166     
      5     10      5     10  -6.33098500000000     
      1     11      5     10 -0.343321712681656     
      4     11      5     10  -3.34588500000000     
      3     12      5     10 -0.536644999999998     
      6      7      6     10   1.82176513804497     
      2      8      6     10   1.89807775077840     
      5      8      6     10  -1.96608847913923     
      6     10      6     10  -5.74391000000000     
      2     11      6     10 -0.594650649706192     
      5     11      6     10 -0.174694644451392     
      1     12      6     10   2.61356513804497     
      4     12      6     10  -3.68081000000000     
      8      9      7     10  -1.71100639025692     
      7     10      7     10  -2.19505000000000     
      9     11      7     10  -1.37143782943304     
      7      8      8     10  0.000000000000000E+000
      8     10      8     10  -1.20720000000000     
      7     11      8     10  -1.97570000000000     
     10     11      8     10 -0.791800000000000     
      9     12      8     10 -0.791800000000000     
      7      9      9     10  -1.58360000000000     
      9     10      9     10  -2.06310000000000     
      2      7      1     11  7.131171888266334E-002
      5      7      1     11  -5.20460000000000     
      1      8      1     11  7.131171888266334E-002
      4      8      1     11   1.93240000000000     
      6      9      1     11   2.61356513804497     
      2     10      1     11 -4.329999999999934E-002
      5     10      1     11 -0.343321712681656     
      1     11      1     11  -6.41180000000000     
      4     11      1     11  -1.13512171268166     
      3     12      1     11   1.82176513804497     
      6      7      2     11   1.67350749027305     
      2      8      2     11 -7.131171888266333E-002
      5      8      2     11  -4.23840000000000     
      6     10      2     11 -0.594650649706192     
      2     11      2     11  -6.43345000000000     
      5     11      2     11   1.47844342536331     
      1     12      2     11 -3.749889998386502E-002
      4     12      2     11  -1.96608847913923     
      1      7      3     11   1.89807775077840     
      4      7      3     11   1.96608847913923     
      3      8      3     11  -1.82176513804497     
      2      9      3     11  -2.61356513804497     
      5      9      3     11  -3.68081000000000     
      1     10      3     11  0.594650649706192     
      4     10      3     11 -0.174694644451392     
      3     11      3     11  -5.74391000000000     
      2      7      4     11  -1.93078122680485     
      5      7      4     11 -0.343321712681656     
      1      8      4     11  0.834925526450097     
      4      8      4     11   1.13512171268166     
      6      9      4     11 -0.536644999999998     
      2     10      4     11  0.343321712681656     
      5     10      4     11  -3.34588500000000     
      1     11      4     11  -1.13512171268166     
      4     11      4     11  -6.33098500000000     
      3     12      4     11  0.385355000000002     
      6      7      5     11  -2.56073912884542     
      2      8      5     11  -2.19171140070950     
      5      8      5     11   1.47844342536331     
      6     10      5     11 -0.174694644451392     
      2     11      5     11   1.47844342536331     
      5     11      5     11  -9.52558000000000     
      1     12      5     11  -2.56073912884542     
      4     12      5     11 -0.174694644451392     
      6      8      6     11 -0.791800000000000     
      6     11      6     11  -5.89520000000000     
      2     12      6     11  0.791800000000000     
      5     12      6     11  -3.83209999999999     
      7      8      7     11  0.000000000000000E+000
      8     10      7     11  -1.97570000000000     
      7     11      7     11  -1.20720000000000     
     10     11      7     11 -0.791800000000000     
      9     12      7     11 -0.791800000000000     
      8     11      8     11  -2.19505000000000     
      7     12      8     11  -1.71100639025692     
     10     12      8     11  -1.37143782943304     
      8      9      9     11 -0.791800000000000     
      7     10      9     11  -1.37143782943304     
      9     11      9     11  -2.06310000000000     
      7      8     10     11   2.76570675325494     
      8     10     10     11 -0.791800000000000     
      7     11     10     11 -0.791800000000000     
     10     11     10     11  -2.98510000000000     
      9     12     10     11  0.922000000000000     
      6      7      1     12  -6.17080000000000     
      2      8      1     12  0.123515520279842     
      5      8      1     12   1.67350749027305     
      6     10      1     12   2.61356513804497     
      2     11      1     12 -3.749889998386513E-002
      5     11      1     12  -2.56073912884542     
      1     12      1     12  -6.39015000000000     
      4     12      1     12   1.82176513804497     
      6      8      2     12  -3.27220000000000     
      6     11      2     12  0.791800000000000     
      2     12      2     12  -6.45510000000000     
      5     12      2     12 -0.791800000000000     
      2      7      3     12   3.02663692715960     
      5      7      3     12   2.61356513804497     
      1      8      3     12  0.260930173904654     
      4      8      3     12  -1.82176513804497     
      6      9      3     12  -3.14416500000000     
      2     10      3     12  -2.61356513804497     
      5     10      3     12 -0.536644999999998     
      1     11      3     12   1.82176513804497     
      4     11      3     12  0.385355000000002     
      3     12      3     12  -6.12926500000000     
      6      7      4     12   2.61356513804497     
      2      8      4     12   1.89807775077840     
      5      8      4     12 -0.594650649706192     
      6     10      4     12  -3.68081000000000     
      2     11      4     12  -1.96608847913923     
      5     11      4     12 -0.174694644451392     
      1     12      4     12   1.82176513804497     
      4     12      4     12  -5.74391000000000     
      6      8      5     12  0.791800000000000     
      6     11      5     12  -3.83210000000000     
      2     12      5     12 -0.791800000000000     
      5     12      5     12  -5.89519999999999     
      6     12      6     12  -9.72730000000000     
      8     11      7     12  -1.71100639025692     
      7     12      7     12 -0.219350000000000     
     10     12      7     12 -0.791800000000000     
      8     12      8     12  -3.18290000000000     
     11     12      8     12  -1.58360000000000     
      7      8      9     12  -2.76570675325494     
      8     10      9     12 -0.791800000000000     
      7     11      9     12 -0.791800000000000     
     10     11      9     12  0.922000000000000     
      9     12      9     12  -2.98510000000000     
      8     11     10     12  -1.37143782943304     
      7     12     10     12 -0.791800000000000     
     10     12     10     12  -2.06310000000000     
      8     12     11     12  -1.58360000000000     
     11     12     11     12  -2.06310000000000     
