 ! Total Interaction
  20
   1   1   1   1     1     0  -8.5306
   1   2   1   1     1     0  -0.2017
   2   2   1   1     1     0   3.4654
   1   1   1   2     1     0  -0.2017
   1   2   1   2     1     0 -13.5055
   2   2   1   2     1     0  -6.6118
   1   1   2   2     1     0   3.4654
   1   2   2   2     1     0  -6.6118
   2   2   2   2     1     0  -9.2230
   1   2   1   2     2     0  -9.7273
   2   2   2   2     3     0  -9.7273
   1   1   1   1     0     1  -1.1413
   2   2   1   1     0     1  -3.9113
   1   1   2   2     0     1  -3.9113
   2   2   2   2     0     1  -3.9071
   1   2   1   2     1     1   0.7685
   1   2   1   2     2     1  -3.1829
   2   2   1   2     2     1   1.5836
   1   2   2   2     2     1   1.5836
   2   2   2   2     2     1  -2.0631
