 ! Total Interaction
  20
   1   1   1   1     1     0  -8.1685
   1   2   1   1     1     0  -1.6527
   2   2   1   1     1     0   5.8635
   1   1   1   2     1     0  -1.6527
   1   2   1   2     1     0 -13.3077
   2   2   1   2     1     0  -9.1139
   1   1   2   2     1     0   5.8635
   1   2   2   2     1     0  -9.1139
   2   2   2   2     1     0  -6.7173
   1   2   1   2     2     0 -10.8490
   2   2   2   2     3     0 -10.8490
   1   1   1   1     0     1  -1.2269
   2   2   1   1     0     1  -3.3302
   1   1   2   2     0     1  -3.3302
   2   2   2   2     0     1  -3.5817
   1   2   1   2     1     1   0.2694
   1   2   1   2     2     1  -2.6490
   2   2   1   2     2     1   0.8494
   1   2   2   2     2     1   0.8494
   2   2   2   2     2     1  -2.0484
