      1      1      1      1           2           0   6.01160194291006     
      1      1      1      1           0           0  -12.8662000000000     
      1      1      1      2           2           0  -2.02413584894888     
      1      1      2      1           2           0  -2.02413584894888     
      1      1      2      2           4           0  -8.85193518320417     
      1      1      2      2           2           0   5.98960535447472     
      1      2      1      1           2           0   2.02413584894888     
      1      2      1      2           2           0  0.314735074606406     
      1      2      1      2           0           0  -18.8452619244284     
      1      2      2      1           4           0   13.6767141284294     
      1      2      2      1           2           0  -5.93723201136007     
      1      2      2      2           4           0   10.3382604007209     
      1      2      2      2           2           0   4.41801229082568     
      2      1      1      1           2           0   2.02413584894888     
      2      1      1      2           4           0   13.6767141284294     
      2      1      1      2           2           0  -5.93723201136007     
      2      1      2      1           2           0  0.314735074606406     
      2      1      2      1           0           0  -18.8452619244284     
      2      1      2      2           4           0   10.3382604007209     
      2      1      2      2           2           0   4.41801229082568     
      2      2      1      1           4           0  -8.85193518320417     
      2      2      1      1           2           0   5.98960535447472     
      2      2      1      2           4           0  -10.3382604007209     
      2      2      1      2           2           0  -4.41801229082568     
      2      2      2      1           4           0  -10.3382604007209     
      2      2      2      1           2           0  -4.41801229082568     
      2      2      2      2           6           0   5.70876406139718     
      2      2      2      2           4           0  -9.31069636947205     
      2      2      2      2           2           0   10.8935776696318     
      2      2      2      2           0           0  -27.4796500000000     
      1      1      1      1           2           0   6.01160194291006     
      1      1      1      1           0           0  -12.8662000000000     
      1      1      1      2           2           0  -2.02413584894888     
      1      1      2      1           2           0  -2.02413584894888     
      1      1      2      2           4           0  -8.85193518320417     
      1      1      2      2           2           0   5.98960535447472     
      1      2      1      1           2           0   2.02413584894888     
      1      2      1      2           2           0  0.314735074606406     
      1      2      1      2           0           0  -18.8452619244284     
      1      2      2      1           4           0   13.6767141284294     
      1      2      2      1           2           0  -5.93723201136007     
      1      2      2      2           4           0   10.3382604007209     
      1      2      2      2           2           0   4.41801229082568     
      2      1      1      1           2           0   2.02413584894888     
      2      1      1      2           4           0   13.6767141284294     
      2      1      1      2           2           0  -5.93723201136007     
      2      1      2      1           2           0  0.314735074606406     
      2      1      2      1           0           0  -18.8452619244284     
      2      1      2      2           4           0   10.3382604007209     
      2      1      2      2           2           0   4.41801229082568     
      2      2      1      1           4           0  -8.85193518320417     
      2      2      1      1           2           0   5.98960535447472     
      2      2      1      2           4           0  -10.3382604007209     
      2      2      1      2           2           0  -4.41801229082568     
      2      2      2      1           4           0  -10.3382604007209     
      2      2      2      1           2           0  -4.41801229082568     
      2      2      2      2           6           0   5.70876406139718     
      2      2      2      2           4           0  -9.31069636947205     
      2      2      2      2           2           0   10.8935776696318     
      2      2      2      2           0           0  -27.4796500000000     
          60           6
   1   1   3   3   0   0   0   0-12.8662   1   1
   1   1   3   3   2   0   0   0  6.0116   1   1
   1   1   3   4   2   0   0   0 -2.0241   1   1
   1   1   4   3   2   0   0   0  2.0241   1   1
   1   1   4   4   0   0   0   0-18.8453   1   1
   1   1   4   4   2   0   0   0  0.3147   1   1
   1   2   3   3   2   0   0   0 -2.0241   1   1
   1   2   3   4   2   0   0   0  5.9896   1   1
   1   2   3   4   4   0   0   0 -8.8519   1   1
   1   2   4   3   2   0   0   0 -5.9372   1   1
   1   2   4   3   4   0   0   0 13.6767   1   1
   1   2   4   4   2   0   0   0  4.4180   1   1
   1   2   4   4   4   0   0   0 10.3383   1   1
   2   1   3   3   2   0   0   0  2.0241   1   1
   2   1   3   4   2   0   0   0 -5.9372   1   1
   2   1   3   4   4   0   0   0 13.6767   1   1
   2   1   4   3   2   0   0   0  5.9896   1   1
   2   1   4   3   4   0   0   0 -8.8519   1   1
   2   1   4   4   2   0   0   0 -4.4180   1   1
   2   1   4   4   4   0   0   0-10.3383   1   1
   2   2   3   3   0   0   0   0-18.8453   1   1
   2   2   3   3   2   0   0   0  0.3147   1   1
   2   2   3   4   2   0   0   0  4.4180   1   1
   2   2   3   4   4   0   0   0 10.3383   1   1
   2   2   4   3   2   0   0   0 -4.4180   1   1
   2   2   4   3   4   0   0   0-10.3383   1   1
   2   2   4   4   0   0   0   0-27.4797   1   1
   2   2   4   4   2   0   0   0 10.8936   1   1
   2   2   4   4   4   0   0   0 -9.3107   1   1
   2   2   4   4   6   0   0   0  5.7088   1   1
   3   3   1   1   0   0   0   0-12.8662   1   1
   3   3   1   1   2   0   0   0  6.0116   1   1
   3   3   1   2   2   0   0   0 -2.0241   1   1
   3   3   2   1   2   0   0   0  2.0241   1   1
   3   3   2   2   0   0   0   0-18.8453   1   1
   3   3   2   2   2   0   0   0  0.3147   1   1
   3   4   1   1   2   0   0   0 -2.0241   1   1
   3   4   1   2   2   0   0   0  5.9896   1   1
   3   4   1   2   4   0   0   0 -8.8519   1   1
   3   4   2   1   2   0   0   0 -5.9372   1   1
   3   4   2   1   4   0   0   0 13.6767   1   1
   3   4   2   2   2   0   0   0  4.4180   1   1
   3   4   2   2   4   0   0   0 10.3383   1   1
   4   3   1   1   2   0   0   0  2.0241   1   1
   4   3   1   2   2   0   0   0 -5.9372   1   1
   4   3   1   2   4   0   0   0 13.6767   1   1
   4   3   2   1   2   0   0   0  5.9896   1   1
   4   3   2   1   4   0   0   0 -8.8519   1   1
   4   3   2   2   2   0   0   0 -4.4180   1   1
   4   3   2   2   4   0   0   0-10.3383   1   1
   4   4   1   1   0   0   0   0-18.8453   1   1
   4   4   1   1   2   0   0   0  0.3147   1   1
   4   4   1   2   2   0   0   0  4.4180   1   1
   4   4   1   2   4   0   0   0 10.3383   1   1
   4   4   2   1   2   0   0   0 -4.4180   1   1
   4   4   2   1   4   0   0   0-10.3383   1   1
   4   4   2   2   0   0   0   0-27.4797   1   1
   4   4   2   2   2   0   0   0 10.8936   1   1
   4   4   2   2   4   0   0   0 -9.3107   1   1
   4   4   2   2   6   0   0   0  5.7088   1   1
