      1      2      1      2  -1.09430000000000     
      2      4      1      2  0.000000000000000E+000
      1      5      1      2  0.000000000000000E+000
      4      5      1      2   2.84872108936624     
      3      6      1      2  -2.84872108936624     
      1      3      1      3  -3.27970000000000     
      3      4      1      3  -1.62380000000000     
      2      3      2      3 -0.188575000000000     
      1      4      2      3  -1.78466185084878     
      3      5      2      3 -0.811900000000000     
      2      3      1      4  -1.78466185084878     
      1      4      1      4  -2.24932500000000     
      3      5      1      4  -1.40625205066517     
      1      2      2      4  0.000000000000000E+000
      2      4      2      4  -1.21895000000000     
      1      5      2      4  -2.06075000000000     
      4      5      2      4 -0.811900000000000     
      3      6      2      4 -0.811900000000000     
      1      3      3      4  -1.62380000000000     
      3      4      3      4  -2.13150000000000     
      1      2      1      5  0.000000000000000E+000
      2      4      1      5  -2.06075000000000     
      1      5      1      5  -1.21895000000000     
      4      5      1      5 -0.811900000000000     
      3      6      1      5 -0.811900000000000     
      2      5      2      5  -2.24932500000000     
      1      6      2      5  -1.78466185084878     
      4      6      2      5  -1.40625205066517     
      2      3      3      5 -0.811900000000000     
      1      4      3      5  -1.40625205066517     
      3      5      3      5  -2.13150000000000     
      1      2      4      5   2.84872108936624     
      2      4      4      5 -0.811900000000000     
      1      5      4      5 -0.811900000000000     
      4      5      4      5  -3.03725000000000     
      3      6      4      5  0.905750000000000     
      2      5      1      6  -1.78466185084878     
      1      6      1      6 -0.188575000000000     
      4      6      1      6 -0.811900000000000     
      2      6      2      6  -3.27970000000000     
      5      6      2      6  -1.62380000000000     
      1      2      3      6  -2.84872108936624     
      2      4      3      6 -0.811900000000000     
      1      5      3      6 -0.811900000000000     
      4      5      3      6  0.905750000000000     
      3      6      3      6  -3.03725000000000     
      2      5      4      6  -1.40625205066517     
      1      6      4      6 -0.811900000000000     
      4      6      4      6  -2.13150000000000     
      2      6      5      6  -1.62380000000000     
      5      6      5      6  -2.13150000000000     
      1      7      1      7  -7.82880000000000     
      4      7      1      7  5.543717164502534E-002
      3      8      1      7 -9.601999791710061E-002
      2      9      1      7 -9.601999791710061E-002
      5      9      1      7   1.51856079068307     
      1     10      1      7  5.543717164502534E-002
      4     10      1      7  -1.75348296256337     
      3     11      1      7   1.51856079068307     
      2      7      2      7  -4.46155000000000     
      5      7      2      7  5.543717164502534E-002
      1      8      2      7  -3.36725000000000     
      4      8      2      7 -5.543717164502534E-002
      6      9      2      7 -0.109248322760597     
      2     10      2      7 -5.543717164502534E-002
      5     10      2      7  0.985989804042281     
      1     11      2      7  5.543717164502534E-002
      4     11      2      7  -1.86273128532396     
      3     12      2      7   2.73947276660565     
      3      7      3      7  -6.03180000000000     
      1      9      3      7  -2.75210000000000     
      4      9      3      7 -0.811900000000000     
      3     10      3      7  0.811900000000000     
      1      7      4      7  5.543717164502534E-002
      4      7      4      7  -5.89618750000000     
      3      8      4      7 -0.234887740141433     
      2      9      4      7   1.54977411070735     
      5      9      4      7  0.322652978827180     
      1     10      4      7  -3.64686250000000     
      4     10      4      7  -1.18446756836141     
      3     11      4      7   1.72890502949235     
      2      7      5      7  5.543717164502534E-002
      5      7      5      7  -5.76057500000000     
      1      8      5      7  5.543717164502534E-002
      4      8      5      7 -0.271224999999999     
      6      9      5      7   1.37075135254212     
      2     10      5      7   1.78952500000000     
      5     10      5      7 -0.998183784180707     
      1     11      5      7  -4.54162500000000     
      4     11      5      7 -0.186283784180707     
      3     12      5      7   2.18265135254212     
      6      7      6      7  -5.62496250000000     
      2      8      6      7  9.601999791710061E-002
      5      8      6      7 -0.234887740141433     
      6     10      6      7   1.37075135254212     
      2     11      6      7   1.54977411070735     
      5     11      6      7  -2.05155800831953     
      1     12      6      7  -5.43638750000000     
      4     12      6      7   2.18265135254212     
      2      7      1      8  -3.36725000000000     
      5      7      1      8  5.543717164502534E-002
      1      8      1      8  -4.46155000000000     
      4      8      1      8 -5.543717164502534E-002
      6      9      1      8   2.73947276660565     
      2     10      1      8 -5.543717164502534E-002
      5     10      1      8  -1.86273128532396     
      1     11      1      8  5.543717164502534E-002
      4     11      1      8  0.985989804042281     
      3     12      1      8 -0.109248322760597     
      6      7      2      8  9.601999791710061E-002
      2      8      2      8  -7.82880000000000     
      5      8      2      8 -5.543717164502534E-002
      6     10      2      8   1.51856079068307     
      2     11      2      8 -5.543717164502534E-002
      5     11      2      8  -1.75348296256337     
      1     12      2      8  9.601999791710061E-002
      4     12      2      8   1.51856079068307     
      1      7      3      8 -9.601999791710061E-002
      4      7      3      8 -0.234887740141433     
      3      8      3      8  -5.62496250000000     
      2      9      3      8  -5.43638750000000     
      5      9      3      8  -2.18265135254212     
      1     10      3      8   1.54977411070735     
      4     10      3      8   2.05155800831953     
      3     11      3      8  -1.37075135254212     
      2      7      4      8 -5.543717164502534E-002
      5      7      4      8 -0.271224999999999     
      1      8      4      8 -5.543717164502534E-002
      4      8      4      8  -5.76057500000000     
      6      9      4      8  -2.18265135254212     
      2     10      4      8  -4.54162500000000     
      5     10      4      8  0.186283784180707     
      1     11      4      8   1.78952500000000     
      4     11      4      8  0.998183784180707     
      3     12      4      8  -1.37075135254212     
      6      7      5      8 -0.234887740141433     
      2      8      5      8 -5.543717164502534E-002
      5      8      5      8  -5.89618750000000     
      6     10      5      8  -1.72890502949235     
      2     11      5      8  -3.64686250000000     
      5     11      5      8   1.18446756836141     
      1     12      5      8   1.54977411070735     
      4     12      5      8 -0.322652978827180     
      6      8      6      8  -6.03180000000000     
      6     11      6      8 -0.811900000000000     
      2     12      6      8  -2.75210000000000     
      5     12      6      8  0.811900000000000     
      7      8      7      8  -1.09430000000000     
      8     10      7      8  0.000000000000000E+000
      7     11      7      8  0.000000000000000E+000
     10     11      7      8   2.84872108936624     
      9     12      7      8  -2.84872108936624     
      3      7      1      9  -2.75210000000000     
      1      9      1      9  -6.03180000000000     
      4      9      1      9  0.811900000000000     
      3     10      1      9 -0.811900000000000     
      1      7      2      9 -9.601999791710061E-002
      4      7      2      9   1.54977411070735     
      3      8      2      9  -5.43638750000000     
      2      9      2      9  -5.62496250000000     
      5      9      2      9  -1.37075135254212     
      1     10      2      9 -0.234887740141433     
      4     10      2      9   2.05155800831953     
      3     11      2      9  -2.18265135254212     
      3      9      3      9  -8.78390000000000     
      3      7      4      9 -0.811900000000000     
      1      9      4      9  0.811900000000000     
      4      9      4      9  -5.45770000000000     
      3     10      4      9  -3.32620000000000     
      1      7      5      9   1.51856079068307     
      4      7      5      9  0.322652978827180     
      3      8      5      9  -2.18265135254212     
      2      9      5      9  -1.37075135254212     
      5      9      5      9  -5.34013000000000     
      1     10      5      9   1.72890502949235     
      4     10      5      9 -0.135758142297244     
      3     11      5      9  -3.20863000000000     
      2      7      6      9 -0.109248322760597     
      5      7      6      9   1.37075135254212     
      1      8      6      9   2.73947276660565     
      4      8      6      9  -2.18265135254212     
      6      9      6      9  -5.73422000000000     
      2     10      6      9  -1.37075135254212     
      5     10      6      9  0.394090000000002     
      1     11      6      9   2.18265135254212     
      4     11      6      9 -0.511659999999998     
      3     12      6      9  -2.69697000000000     
      7      9      7      9  -3.27970000000000     
      9     10      7      9  -1.62380000000000     
      8      9      8      9 -0.188575000000000     
      7     10      8      9  -1.78466185084878     
      9     11      8      9 -0.811900000000000     
      1      7      1     10  5.543717164502534E-002
      4      7      1     10  -3.64686250000000     
      3      8      1     10   1.54977411070735     
      2      9      1     10 -0.234887740141433     
      5      9      1     10   1.72890502949235     
      1     10      1     10  -5.89618750000000     
      4     10      1     10  -1.18446756836141     
      3     11      1     10  0.322652978827180     
      2      7      2     10 -5.543717164502534E-002
      5      7      2     10   1.78952500000000     
      1      8      2     10 -5.543717164502534E-002
      4      8      2     10  -4.54162500000000     
      6      9      2     10  -1.37075135254212     
      2     10      2     10  -5.76057500000000     
      5     10      2     10  0.998183784180707     
      1     11      2     10 -0.271224999999999     
      4     11      2     10  0.186283784180707     
      3     12      2     10  -2.18265135254212     
      3      7      3     10  0.811900000000000     
      1      9      3     10 -0.811900000000000     
      4      9      3     10  -3.32620000000000     
      3     10      3     10  -5.45770000000000     
      1      7      4     10  -1.75348296256337     
      4      7      4     10  -1.18446756836141     
      3      8      4     10   2.05155800831953     
      2      9      4     10   2.05155800831953     
      5      9      4     10 -0.135758142297245     
      1     10      4     10  -1.18446756836141     
      4     10      4     10  -8.62714000000000     
      3     11      4     10 -0.135758142297245     
      2      7      5     10  0.985989804042281     
      5      7      5     10 -0.998183784180707     
      1      8      5     10  -1.86273128532396     
      4      8      5     10  0.186283784180707     
      6      9      5     10  0.394090000000002     
      2     10      5     10  0.998183784180707     
      5     10      5     10  -5.89098000000000     
      1     11      5     10 -0.186283784180707     
      4     11      5     10  -2.85373000000000     
      3     12      5     10 -0.511659999999998     
      6      7      6     10   1.37075135254212     
      2      8      6     10   1.51856079068307     
      5      8      6     10  -1.72890502949235     
      6     10      6     10  -5.34013000000000     
      2     11      6     10 -0.322652978827180     
      5     11      6     10 -0.135758142297244     
      1     12      6     10   2.18265135254212     
      4     12      6     10  -3.20863000000000     
      8      9      7     10  -1.78466185084878     
      7     10      7     10  -2.24932500000000     
      9     11      7     10  -1.40625205066517     
      7      8      8     10  0.000000000000000E+000
      8     10      8     10  -1.21895000000000     
      7     11      8     10  -2.06075000000000     
     10     11      8     10 -0.811900000000000     
      9     12      8     10 -0.811900000000000     
      7      9      9     10  -1.62380000000000     
      9     10      9     10  -2.13150000000000     
      2      7      1     11  5.543717164502534E-002
      5      7      1     11  -4.54162500000000     
      1      8      1     11  5.543717164502534E-002
      4      8      1     11   1.78952500000000     
      6      9      1     11   2.18265135254212     
      2     10      1     11 -0.271224999999999     
      5     10      1     11 -0.186283784180707     
      1     11      1     11  -5.76057500000000     
      4     11      1     11 -0.998183784180707     
      3     12      1     11   1.37075135254212     
      6      7      2     11   1.54977411070735     
      2      8      2     11 -5.543717164502534E-002
      5      8      2     11  -3.64686250000000     
      6     10      2     11 -0.322652978827180     
      2     11      2     11  -5.89618750000000     
      5     11      2     11   1.18446756836141     
      1     12      2     11 -0.234887740141433     
      4     12      2     11  -1.72890502949235     
      1      7      3     11   1.51856079068307     
      4      7      3     11   1.72890502949235     
      3      8      3     11  -1.37075135254212     
      2      9      3     11  -2.18265135254212     
      5      9      3     11  -3.20863000000000     
      1     10      3     11  0.322652978827180     
      4     10      3     11 -0.135758142297244     
      3     11      3     11  -5.34013000000000     
      2      7      4     11  -1.86273128532396     
      5      7      4     11 -0.186283784180707     
      1      8      4     11  0.985989804042281     
      4      8      4     11  0.998183784180707     
      6      9      4     11 -0.511659999999998     
      2     10      4     11  0.186283784180707     
      5     10      4     11  -2.85373000000000     
      1     11      4     11 -0.998183784180707     
      4     11      4     11  -5.89098000000000     
      3     12      4     11  0.394090000000002     
      6      7      5     11  -2.05155800831953     
      2      8      5     11  -1.75348296256337     
      5      8      5     11   1.18446756836141     
      6     10      5     11 -0.135758142297245     
      2     11      5     11   1.18446756836141     
      5     11      5     11  -8.62714000000000     
      1     12      5     11  -2.05155800831953     
      4     12      5     11 -0.135758142297245     
      6      8      6     11 -0.811900000000000     
      6     11      6     11  -5.45770000000000     
      2     12      6     11  0.811900000000000     
      5     12      6     11  -3.32620000000000     
      7      8      7     11  0.000000000000000E+000
      8     10      7     11  -2.06075000000000     
      7     11      7     11  -1.21895000000000     
     10     11      7     11 -0.811900000000000     
      9     12      7     11 -0.811900000000000     
      8     11      8     11  -2.24932500000000     
      7     12      8     11  -1.78466185084878     
     10     12      8     11  -1.40625205066517     
      8      9      9     11 -0.811900000000000     
      7     10      9     11  -1.40625205066517     
      9     11      9     11  -2.13150000000000     
      7      8     10     11   2.84872108936624     
      8     10     10     11 -0.811900000000000     
      7     11     10     11 -0.811900000000000     
     10     11     10     11  -3.03725000000000     
      9     12     10     11  0.905750000000000     
      6      7      1     12  -5.43638750000000     
      2      8      1     12  9.601999791710061E-002
      5      8      1     12   1.54977411070735     
      6     10      1     12   2.18265135254212     
      2     11      1     12 -0.234887740141433     
      5     11      1     12  -2.05155800831953     
      1     12      1     12  -5.62496250000000     
      4     12      1     12   1.37075135254212     
      6      8      2     12  -2.75210000000000     
      6     11      2     12  0.811900000000000     
      2     12      2     12  -6.03180000000000     
      5     12      2     12 -0.811900000000000     
      2      7      3     12   2.73947276660565     
      5      7      3     12   2.18265135254212     
      1      8      3     12 -0.109248322760597     
      4      8      3     12  -1.37075135254212     
      6      9      3     12  -2.69697000000000     
      2     10      3     12  -2.18265135254212     
      5     10      3     12 -0.511659999999998     
      1     11      3     12   1.37075135254212     
      4     11      3     12  0.394090000000002     
      3     12      3     12  -5.73422000000000     
      6      7      4     12   2.18265135254212     
      2      8      4     12   1.51856079068307     
      5      8      4     12 -0.322652978827180     
      6     10      4     12  -3.20863000000000     
      2     11      4     12  -1.72890502949235     
      5     11      4     12 -0.135758142297244     
      1     12      4     12   1.37075135254212     
      4     12      4     12  -5.34013000000000     
      6      8      5     12  0.811900000000000     
      6     11      5     12  -3.32620000000000     
      2     12      5     12 -0.811900000000000     
      5     12      5     12  -5.45770000000000     
      6     12      6     12  -8.78390000000000     
      8     11      7     12  -1.78466185084878     
      7     12      7     12 -0.188575000000000     
     10     12      7     12 -0.811900000000000     
      8     12      8     12  -3.27970000000000     
     11     12      8     12  -1.62380000000000     
      7      8      9     12  -2.84872108936624     
      8     10      9     12 -0.811900000000000     
      7     11      9     12 -0.811900000000000     
     10     11      9     12  0.905750000000000     
      9     12      9     12  -3.03725000000000     
      8     11     10     12  -1.40625205066517     
      7     12     10     12 -0.811900000000000     
     10     12     10     12  -2.13150000000000     
      8     12     11     12  -1.62380000000000     
     11     12     11     12  -2.13150000000000     
