 ! Total Interaction
  20
   1   1   1   1     1     0  -7.8288
   1   2   1   1     1     0  -0.1568
   2   2   1   1     1     0   2.7725
   1   1   1   2     1     0  -0.1568
   1   2   1   2     1     0 -11.8205
   2   2   1   2     1     0  -5.2971
   1   1   2   2     1     0   2.7725
   1   2   2   2     1     0  -5.2971
   2   2   2   2     1     0  -8.3920
   1   2   1   2     2     0  -8.7839
   2   2   2   2     3     0  -8.7839
   1   1   1   1     0     1  -1.0943
   2   2   1   1     0     1  -4.0287
   1   1   2   2     0     1  -4.0287
   2   2   2   2     0     1  -3.9430
   1   2   1   2     1     1   0.8418
   1   2   1   2     2     1  -3.2797
   2   2   1   2     2     1   1.6238
   1   2   2   2     2     1   1.6238
   2   2   2   2     2     1  -2.1315
