      1      2      1      2 -0.980400000000000     
      2      4      1      2  0.000000000000000E+000
      1      5      1      2  0.000000000000000E+000
      4      5      1      2   3.02330575364120     
      3      6      1      2  -3.02330575364120     
      1      3      1      3  -3.47900000000000     
      3      4      1      3  -1.70590000000000     
      2      3      2      3 -0.114950000000000     
      1      4      2      3  -1.94223517306736     
      3      5      2      3 -0.852950000000000     
      2      3      1      4  -1.94223517306736     
      1      4      1      4  -2.35765000000000     
      3      5      1      4  -1.47735273631587     
      1      2      2      4  0.000000000000000E+000
      2      4      2      4  -1.23630000000000     
      1      5      2      4  -2.24270000000000     
      4      5      2      4 -0.852950000000000     
      3      6      2      4 -0.852950000000000     
      1      3      3      4  -1.70590000000000     
      3      4      3      4  -2.27280000000000     
      1      2      1      5  0.000000000000000E+000
      2      4      1      5  -2.24270000000000     
      1      5      1      5  -1.23630000000000     
      4      5      1      5 -0.852950000000000     
      3      6      1      5 -0.852950000000000     
      2      5      2      5  -2.35765000000000     
      1      6      2      5  -1.94223517306736     
      4      6      2      5  -1.47735273631587     
      2      3      3      5 -0.852950000000000     
      1      4      3      5  -1.47735273631587     
      3      5      3      5  -2.27280000000000     
      1      2      4      5   3.02330575364120     
      2      4      4      5 -0.852950000000000     
      1      5      4      5 -0.852950000000000     
      4      5      4      5  -3.13825000000000     
      3      6      4      5  0.865450000000000     
      2      5      1      6  -1.94223517306736     
      1      6      1      6 -0.114950000000000     
      4      6      1      6 -0.852950000000000     
      2      6      2      6  -3.47900000000000     
      5      6      2      6  -1.70590000000000     
      1      2      3      6  -3.02330575364120     
      2      4      3      6 -0.852950000000000     
      1      5      3      6 -0.852950000000000     
      4      5      3      6  0.865450000000000     
      3      6      3      6  -3.13825000000000     
      2      5      4      6  -1.47735273631587     
      1      6      4      6 -0.852950000000000     
      4      6      4      6  -2.27280000000000     
      2      6      5      6  -1.70590000000000     
      5      6      5      6  -2.27280000000000     
      1      7      1      7  -9.20550000000000     
      4      7      1      7  1.686449673129916E-002
      3      8      1      7 -2.921016518268941E-002
      2      9      1      7 -2.921016518268941E-002
      5      9      1      7   1.68572571523365     
      1     10      1      7  1.686449673129916E-002
      4     10      1      7  -1.94650839094005     
      3     11      1      7   1.68572571523365     
      2      7      2      7  -5.09295000000000     
      5      7      2      7  1.686449673129916E-002
      1      8      2      7  -4.11255000000000     
      4      8      2      7 -1.686449673129916E-002
      6      9      2      7 -5.177158361556811E-002
      2     10      2      7 -1.686449673129916E-002
      5     10      2      7   1.02502577908559     
      1     11      2      7  1.686449673129916E-002
      4     11      2      7  -1.99827997455561     
      3     12      2      7   2.97153417002564     
      3      7      3      7  -6.84080000000000     
      1      9      3      7  -3.36180000000000     
      4      9      3      7 -0.852950000000000     
      3     10      3      7  0.852950000000000     
      1      7      4      7  1.686449673129916E-002
      4      7      4      7  -6.74885000000000     
      3      8      4      7 -0.159262071755958     
      2      9      4      7   1.78297310131140     
      5      9      4      7  0.438691204172387     
      1     10      4      7  -4.39120000000000     
      4     10      4      7  -1.35950696964010     
      3     11      4      7   1.91604394048826     
      2      7      5      7  1.686449673129916E-002
      5      7      5      7  -6.65690000000000     
      1      8      5      7  1.686449673129916E-002
      4      8      5      7 -0.183899999999998     
      6      9      5      7   1.61278545446015     
      2     10      5      7   2.05880000000000     
      5     10      5      7  -1.10622848482005     
      1     11      5      7  -5.42060000000000     
      4     11      5      7 -0.253278484820049     
      3     12      5      7   2.46573545446015     
      6      7      6      7  -6.56495000000000     
      2      8      6      7  2.921016518268941E-002
      5      8      6      7 -0.159262071755958     
      6     10      6      7   1.61278545446015     
      2     11      6      7   1.78297310131140     
      5     11      6      7  -2.35473514466065     
      1     12      6      7  -6.45000000000001     
      4     12      6      7   2.46573545446015     
      2      7      1      8  -4.11255000000000     
      5      7      1      8  1.686449673129916E-002
      1      8      1      8  -5.09295000000000     
      4      8      1      8 -1.686449673129916E-002
      6      9      1      8   2.97153417002564     
      2     10      1      8 -1.686449673129916E-002
      5     10      1      8  -1.99827997455561     
      1     11      1      8  1.686449673129916E-002
      4     11      1      8   1.02502577908559     
      3     12      1      8 -5.177158361556811E-002
      6      7      2      8  2.921016518268941E-002
      2      8      2      8  -9.20550000000000     
      5      8      2      8 -1.686449673129916E-002
      6     10      2      8   1.68572571523365     
      2     11      2      8 -1.686449673129916E-002
      5     11      2      8  -1.94650839094005     
      1     12      2      8  2.921016518268941E-002
      4     12      2      8   1.68572571523365     
      1      7      3      8 -2.921016518268941E-002
      4      7      3      8 -0.159262071755958     
      3      8      3      8  -6.56495000000000     
      2      9      3      8  -6.45000000000001     
      5      9      3      8  -2.46573545446015     
      1     10      3      8   1.78297310131140     
      4     10      3      8   2.35473514466065     
      3     11      3      8  -1.61278545446015     
      2      7      4      8 -1.686449673129916E-002
      5      7      4      8 -0.183899999999998     
      1      8      4      8 -1.686449673129916E-002
      4      8      4      8  -6.65690000000000     
      6      9      4      8  -2.46573545446015     
      2     10      4      8  -5.42060000000000     
      5     10      4      8  0.253278484820049     
      1     11      4      8   2.05880000000000     
      4     11      4      8   1.10622848482005     
      3     12      4      8  -1.61278545446015     
      6      7      5      8 -0.159262071755958     
      2      8      5      8 -1.686449673129916E-002
      5      8      5      8  -6.74885000000000     
      6     10      5      8  -1.91604394048826     
      2     11      5      8  -4.39120000000000     
      5     11      5      8   1.35950696964010     
      1     12      5      8   1.78297310131140     
      4     12      5      8 -0.438691204172387     
      6      8      6      8  -6.84080000000000     
      6     11      6      8 -0.852950000000000     
      2     12      6      8  -3.36180000000000     
      5     12      6      8  0.852950000000000     
      7      8      7      8 -0.980400000000000     
      8     10      7      8  0.000000000000000E+000
      7     11      7      8  0.000000000000000E+000
     10     11      7      8   3.02330575364120     
      9     12      7      8  -3.02330575364120     
      3      7      1      9  -3.36180000000000     
      1      9      1      9  -6.84080000000000     
      4      9      1      9  0.852950000000000     
      3     10      1      9 -0.852950000000000     
      1      7      2      9 -2.921016518268941E-002
      4      7      2      9   1.78297310131140     
      3      8      2      9  -6.45000000000001     
      2      9      2      9  -6.56495000000000     
      5      9      2      9  -1.61278545446015     
      1     10      2      9 -0.159262071755958     
      4     10      2      9   2.35473514466065     
      3     11      2      9  -2.46573545446015     
      3      9      3      9  -10.2026000000000     
      3      7      4      9 -0.852950000000000     
      1      9      4      9  0.852950000000000     
      4      9      4      9  -6.23770000000000     
      3     10      4      9  -3.96489999999999     
      1      7      5      9   1.68572571523365     
      4      7      5      9  0.438691204172387     
      3      8      5      9  -2.46573545446015     
      2      9      5      9  -1.61278545446015     
      5      9      5      9  -6.20191000000000     
      1     10      5      9   1.91604394048826     
      4     10      5      9 -4.132673226858818E-002
      3     11      5      9  -3.92911000000000     
      2      7      6      9 -5.177158361556766E-002
      5      7      6      9   1.61278545446015     
      1      8      6      9   2.97153417002564     
      4      8      6      9  -2.46573545446015     
      6      9      6      9  -6.61674000000000     
      2     10      6      9  -1.61278545446015     
      5     10      6      9  0.414830000000002     
      1     11      6      9   2.46573545446015     
      4     11      6      9 -0.450619999999998     
      3     12      6      9  -3.47849000000000     
      7      9      7      9  -3.47900000000000     
      9     10      7      9  -1.70590000000000     
      8      9      8      9 -0.114950000000000     
      7     10      8      9  -1.94223517306736     
      9     11      8      9 -0.852950000000000     
      1      7      1     10  1.686449673129916E-002
      4      7      1     10  -4.39120000000000     
      3      8      1     10   1.78297310131140     
      2      9      1     10 -0.159262071755958     
      5      9      1     10   1.91604394048826     
      1     10      1     10  -6.74885000000000     
      4     10      1     10  -1.35950696964010     
      3     11      1     10  0.438691204172387     
      2      7      2     10 -1.686449673129916E-002
      5      7      2     10   2.05880000000000     
      1      8      2     10 -1.686449673129916E-002
      4      8      2     10  -5.42060000000000     
      6      9      2     10  -1.61278545446015     
      2     10      2     10  -6.65690000000000     
      5     10      2     10   1.10622848482005     
      1     11      2     10 -0.183899999999998     
      4     11      2     10  0.253278484820049     
      3     12      2     10  -2.46573545446015     
      3      7      3     10  0.852950000000000     
      1      9      3     10 -0.852950000000000     
      4      9      3     10  -3.96489999999999     
      3     10      3     10  -6.23769999999999     
      1      7      4     10  -1.94650839094005     
      4      7      4     10  -1.35950696964010     
      3      8      4     10   2.35473514466065     
      2      9      4     10   2.35473514466065     
      5      9      4     10 -4.132673226858863E-002
      1     10      4     10  -1.35950696964010     
      4     10      4     10  -10.1548800000000     
      3     11      4     10 -4.132673226858863E-002
      2      7      5     10   1.02502577908559     
      5      7      5     10  -1.10622848482005     
      1      8      5     10  -1.99827997455561     
      4      8      5     10  0.253278484820049     
      6      9      5     10  0.414830000000002     
      2     10      5     10   1.10622848482005     
      5     10      5     10  -6.66446000000000     
      1     11      5     10 -0.253278484820049     
      4     11      5     10  -3.52621000000000     
      3     12      5     10 -0.450619999999998     
      6      7      6     10   1.61278545446015     
      2      8      6     10   1.68572571523365     
      5      8      6     10  -1.91604394048826     
      6     10      6     10  -6.20191000000000     
      2     11      6     10 -0.438691204172387     
      5     11      6     10 -4.132673226858818E-002
      1     12      6     10   2.46573545446015     
      4     12      6     10  -3.92911000000000     
      8      9      7     10  -1.94223517306736     
      7     10      7     10  -2.35765000000000     
      9     11      7     10  -1.47735273631587     
      7      8      8     10  0.000000000000000E+000
      8     10      8     10  -1.23630000000000     
      7     11      8     10  -2.24270000000000     
     10     11      8     10 -0.852950000000000     
      9     12      8     10 -0.852950000000000     
      7      9      9     10  -1.70590000000000     
      9     10      9     10  -2.27280000000000     
      2      7      1     11  1.686449673129916E-002
      5      7      1     11  -5.42060000000000     
      1      8      1     11  1.686449673129916E-002
      4      8      1     11   2.05880000000000     
      6      9      1     11   2.46573545446015     
      2     10      1     11 -0.183899999999998     
      5     10      1     11 -0.253278484820049     
      1     11      1     11  -6.65690000000000     
      4     11      1     11  -1.10622848482005     
      3     12      1     11   1.61278545446015     
      6      7      2     11   1.78297310131140     
      2      8      2     11 -1.686449673129916E-002
      5      8      2     11  -4.39120000000000     
      6     10      2     11 -0.438691204172387     
      2     11      2     11  -6.74885000000000     
      5     11      2     11   1.35950696964010     
      1     12      2     11 -0.159262071755958     
      4     12      2     11  -1.91604394048826     
      1      7      3     11   1.68572571523365     
      4      7      3     11   1.91604394048826     
      3      8      3     11  -1.61278545446015     
      2      9      3     11  -2.46573545446015     
      5      9      3     11  -3.92911000000000     
      1     10      3     11  0.438691204172387     
      4     10      3     11 -4.132673226858818E-002
      3     11      3     11  -6.20191000000000     
      2      7      4     11  -1.99827997455561     
      5      7      4     11 -0.253278484820049     
      1      8      4     11   1.02502577908559     
      4      8      4     11   1.10622848482005     
      6      9      4     11 -0.450619999999998     
      2     10      4     11  0.253278484820049     
      5     10      4     11  -3.52621000000000     
      1     11      4     11  -1.10622848482005     
      4     11      4     11  -6.66446000000000     
      3     12      4     11  0.414830000000002     
      6      7      5     11  -2.35473514466065     
      2      8      5     11  -1.94650839094005     
      5      8      5     11   1.35950696964010     
      6     10      5     11 -4.132673226858863E-002
      2     11      5     11   1.35950696964010     
      5     11      5     11  -10.1548800000000     
      1     12      5     11  -2.35473514466065     
      4     12      5     11 -4.132673226858863E-002
      6      8      6     11 -0.852950000000000     
      6     11      6     11  -6.23770000000000     
      2     12      6     11  0.852950000000000     
      5     12      6     11  -3.96489999999999     
      7      8      7     11  0.000000000000000E+000
      8     10      7     11  -2.24270000000000     
      7     11      7     11  -1.23630000000000     
     10     11      7     11 -0.852950000000000     
      9     12      7     11 -0.852950000000000     
      8     11      8     11  -2.35765000000000     
      7     12      8     11  -1.94223517306736     
     10     12      8     11  -1.47735273631587     
      8      9      9     11 -0.852950000000000     
      7     10      9     11  -1.47735273631587     
      9     11      9     11  -2.27280000000000     
      7      8     10     11   3.02330575364120     
      8     10     10     11 -0.852950000000000     
      7     11     10     11 -0.852950000000000     
     10     11     10     11  -3.13825000000000     
      9     12     10     11  0.865450000000000     
      6      7      1     12  -6.45000000000001     
      2      8      1     12  2.921016518268941E-002
      5      8      1     12   1.78297310131140     
      6     10      1     12   2.46573545446015     
      2     11      1     12 -0.159262071755958     
      5     11      1     12  -2.35473514466065     
      1     12      1     12  -6.56495000000000     
      4     12      1     12   1.61278545446015     
      6      8      2     12  -3.36180000000000     
      6     11      2     12  0.852950000000000     
      2     12      2     12  -6.84080000000000     
      5     12      2     12 -0.852950000000000     
      2      7      3     12   2.97153417002564     
      5      7      3     12   2.46573545446015     
      1      8      3     12 -5.177158361556766E-002
      4      8      3     12  -1.61278545446015     
      6      9      3     12  -3.47849000000000     
      2     10      3     12  -2.46573545446015     
      5     10      3     12 -0.450619999999998     
      1     11      3     12   1.61278545446015     
      4     11      3     12  0.414830000000002     
      3     12      3     12  -6.61674000000000     
      6      7      4     12   2.46573545446015     
      2      8      4     12   1.68572571523365     
      5      8      4     12 -0.438691204172387     
      6     10      4     12  -3.92911000000000     
      2     11      4     12  -1.91604394048826     
      5     11      4     12 -4.132673226858818E-002
      1     12      4     12   1.61278545446015     
      4     12      4     12  -6.20191000000000     
      6      8      5     12  0.852950000000000     
      6     11      5     12  -3.96489999999999     
      2     12      5     12 -0.852950000000000     
      5     12      5     12  -6.23769999999999     
      6     12      6     12  -10.2026000000000     
      8     11      7     12  -1.94223517306736     
      7     12      7     12 -0.114950000000000     
     10     12      7     12 -0.852950000000000     
      8     12      8     12  -3.47900000000000     
     11     12      8     12  -1.70590000000000     
      7      8      9     12  -3.02330575364120     
      8     10      9     12 -0.852950000000000     
      7     11      9     12 -0.852950000000000     
     10     11      9     12  0.865450000000000     
      9     12      9     12  -3.13825000000000     
      8     11     10     12  -1.47735273631587     
      7     12     10     12 -0.852950000000000     
     10     12     10     12  -2.27280000000000     
      8     12     11     12  -1.70590000000000     
     11     12     11     12  -2.27280000000000     
