 ! Total Interaction
  20
   1   1   1   1     1     0  -9.2055
   1   2   1   1     1     0  -0.0477
   2   2   1   1     1     0   3.0777
   1   1   1   2     1     0  -0.0477
   1   2   1   2     1     0 -13.9524
   2   2   1   2     1     0  -6.0799
   1   1   2   2     1     0   3.0777
   1   2   2   2     1     0  -6.0799
   2   2   2   2     1     0 -10.0833
   1   2   1   2     2     0 -10.2026
   2   2   2   2     3     0 -10.2026
   1   1   1   1     0     1  -0.9804
   2   2   1   1     0     1  -4.2756
   1   1   2   2     0     1  -4.2756
   2   2   2   2     0     1  -4.0037
   1   2   1   2     1     1   1.0064
   1   2   1   2     2     1  -3.4790
   2   2   1   2     2     1   1.7059
   1   2   2   2     2     1   1.7059
   2   2   2   2     2     1  -2.2728
