      1      1      1      1           2           0   7.12314554866739     
      1      1      1      1           0           0  -14.2984500000000     
      1      1      1      2           2           0 -5.842033036537879E-002
      1      1      2      1           2           0 -5.842033036537879E-002
      1      1      2      2           4           0  -6.64455240164074     
      1      1      2      2           2           0   1.59605470202319     
      1      2      1      1           2           0  5.842033036537879E-002
      1      2      1      2           2           0  0.503630891626001     
      1      2      1      2           0           0  -18.9585934637831     
      1      2      2      1           4           0   14.4226384548736     
      1      2      2      1           2           0  -4.03983530357365     
      1      2      2      2           4           0   7.79734014352445     
      1      2      2      2           2           0   1.38726339466670     
      2      1      1      1           2           0  5.842033036537879E-002
      2      1      1      2           4           0   14.4226384548736     
      2      1      1      2           2           0  -4.03983530357365     
      2      1      2      1           2           0  0.503630891626001     
      2      1      2      1           0           0  -18.9585934637831     
      2      1      2      2           4           0   7.79734014352445     
      2      1      2      2           2           0   1.38726339466670     
      2      2      1      1           4           0  -6.64455240164074     
      2      2      1      1           2           0   1.59605470202319     
      2      2      1      2           4           0  -7.79734014352445     
      2      2      1      2           2           0  -1.38726339466670     
      2      2      2      1           4           0  -7.79734014352445     
      2      2      2      1           2           0  -1.38726339466670     
      2      2      2      2           6           0   9.20321947802507     
      2      2      2      2           4           0  -9.79337400309516     
      2      2      2      2           2           0   6.23155507496323     
      2      2      2      2           0           0  -29.2589500000000     
      1      1      1      1           2           0   7.12314554866739     
      1      1      1      1           0           0  -14.2984500000000     
      1      1      1      2           2           0 -5.842033036537879E-002
      1      1      2      1           2           0 -5.842033036537879E-002
      1      1      2      2           4           0  -6.64455240164074     
      1      1      2      2           2           0   1.59605470202319     
      1      2      1      1           2           0  5.842033036537879E-002
      1      2      1      2           2           0  0.503630891626001     
      1      2      1      2           0           0  -18.9585934637831     
      1      2      2      1           4           0   14.4226384548736     
      1      2      2      1           2           0  -4.03983530357365     
      1      2      2      2           4           0   7.79734014352445     
      1      2      2      2           2           0   1.38726339466670     
      2      1      1      1           2           0  5.842033036537879E-002
      2      1      1      2           4           0   14.4226384548736     
      2      1      1      2           2           0  -4.03983530357365     
      2      1      2      1           2           0  0.503630891626001     
      2      1      2      1           0           0  -18.9585934637831     
      2      1      2      2           4           0   7.79734014352445     
      2      1      2      2           2           0   1.38726339466670     
      2      2      1      1           4           0  -6.64455240164074     
      2      2      1      1           2           0   1.59605470202319     
      2      2      1      2           4           0  -7.79734014352445     
      2      2      1      2           2           0  -1.38726339466670     
      2      2      2      1           4           0  -7.79734014352445     
      2      2      2      1           2           0  -1.38726339466670     
      2      2      2      2           6           0   9.20321947802507     
      2      2      2      2           4           0  -9.79337400309516     
      2      2      2      2           2           0   6.23155507496323     
      2      2      2      2           0           0  -29.2589500000000     
          60           6
   1   1   3   3   0   0   0   0-14.2985   1   1
   1   1   3   3   2   0   0   0  7.1231   1   1
   1   1   3   4   2   0   0   0 -0.0584   1   1
   1   1   4   3   2   0   0   0  0.0584   1   1
   1   1   4   4   0   0   0   0-18.9586   1   1
   1   1   4   4   2   0   0   0  0.5036   1   1
   1   2   3   3   2   0   0   0 -0.0584   1   1
   1   2   3   4   2   0   0   0  1.5961   1   1
   1   2   3   4   4   0   0   0 -6.6446   1   1
   1   2   4   3   2   0   0   0 -4.0398   1   1
   1   2   4   3   4   0   0   0 14.4226   1   1
   1   2   4   4   2   0   0   0  1.3873   1   1
   1   2   4   4   4   0   0   0  7.7973   1   1
   2   1   3   3   2   0   0   0  0.0584   1   1
   2   1   3   4   2   0   0   0 -4.0398   1   1
   2   1   3   4   4   0   0   0 14.4226   1   1
   2   1   4   3   2   0   0   0  1.5961   1   1
   2   1   4   3   4   0   0   0 -6.6446   1   1
   2   1   4   4   2   0   0   0 -1.3873   1   1
   2   1   4   4   4   0   0   0 -7.7973   1   1
   2   2   3   3   0   0   0   0-18.9586   1   1
   2   2   3   3   2   0   0   0  0.5036   1   1
   2   2   3   4   2   0   0   0  1.3873   1   1
   2   2   3   4   4   0   0   0  7.7973   1   1
   2   2   4   3   2   0   0   0 -1.3873   1   1
   2   2   4   3   4   0   0   0 -7.7973   1   1
   2   2   4   4   0   0   0   0-29.2590   1   1
   2   2   4   4   2   0   0   0  6.2316   1   1
   2   2   4   4   4   0   0   0 -9.7934   1   1
   2   2   4   4   6   0   0   0  9.2032   1   1
   3   3   1   1   0   0   0   0-14.2985   1   1
   3   3   1   1   2   0   0   0  7.1231   1   1
   3   3   1   2   2   0   0   0 -0.0584   1   1
   3   3   2   1   2   0   0   0  0.0584   1   1
   3   3   2   2   0   0   0   0-18.9586   1   1
   3   3   2   2   2   0   0   0  0.5036   1   1
   3   4   1   1   2   0   0   0 -0.0584   1   1
   3   4   1   2   2   0   0   0  1.5961   1   1
   3   4   1   2   4   0   0   0 -6.6446   1   1
   3   4   2   1   2   0   0   0 -4.0398   1   1
   3   4   2   1   4   0   0   0 14.4226   1   1
   3   4   2   2   2   0   0   0  1.3873   1   1
   3   4   2   2   4   0   0   0  7.7973   1   1
   4   3   1   1   2   0   0   0  0.0584   1   1
   4   3   1   2   2   0   0   0 -4.0398   1   1
   4   3   1   2   4   0   0   0 14.4226   1   1
   4   3   2   1   2   0   0   0  1.5961   1   1
   4   3   2   1   4   0   0   0 -6.6446   1   1
   4   3   2   2   2   0   0   0 -1.3873   1   1
   4   3   2   2   4   0   0   0 -7.7973   1   1
   4   4   1   1   0   0   0   0-18.9586   1   1
   4   4   1   1   2   0   0   0  0.5036   1   1
   4   4   1   2   2   0   0   0  1.3873   1   1
   4   4   1   2   4   0   0   0  7.7973   1   1
   4   4   2   1   2   0   0   0 -1.3873   1   1
   4   4   2   1   4   0   0   0 -7.7973   1   1
   4   4   2   2   0   0   0   0-29.2590   1   1
   4   4   2   2   2   0   0   0  6.2316   1   1
   4   4   2   2   4   0   0   0 -9.7934   1   1
   4   4   2   2   6   0   0   0  9.2032   1   1
