 ! Total Interaction
  20
   1   1   1   1     1     0  -7.9410
   1   2   1   1     1     0  -0.2966
   2   2   1   1     1     0   3.6718
   1   1   1   2     1     0  -0.2966
   1   2   1   2     1     0 -13.0051
   2   2   1   2     1     0  -6.8746
   1   1   2   2     1     0   3.6718
   1   2   2   2     1     0  -6.8746
   2   2   2   2     1     0  -8.5089
   1   2   1   2     2     0  -9.2504
   2   2   2   2     3     0  -9.2504
   1   1   1   1     0     1  -1.2399
   2   2   1   1     0     1  -3.6092
   1   1   2   2     0     1  -3.6092
   2   2   2   2     0     1  -3.7919
   1   2   1   2     1     1   0.5949
   1   2   1   2     2     1  -2.9281
   2   2   1   2     2     1   1.4767
   1   2   2   2     2     1   1.4767
   2   2   2   2     2     1  -1.8840
