      1      1      1      1           2           0   5.80332283329990     
      1      1      1      1           0           0  -12.5314500000000     
      1      1      1      2           2           0 -0.363259328854745     
      1      1      2      1           2           0 -0.363259328854745     
      1      1      2      2           4           0  -6.74785515151108     
      1      1      2      2           2           0   2.81764462170541     
      1      2      1      1           2           0  0.363259328854745     
      1      2      1      2           2           0 -0.158634145717433     
      1      2      1      2           0           0  -17.3458773502614     
      1      2      2      1           4           0   13.1710832570173     
      1      2      2      1           2           0  -3.89960414006585     
      1      2      2      2           4           0   8.45904827211022     
      1      2      2      2           2           0   2.18776079476461     
      2      1      1      1           2           0  0.363259328854745     
      2      1      1      2           4           0   13.1710832570173     
      2      1      1      2           2           0  -3.89960414006585     
      2      1      2      1           2           0 -0.158634145717433     
      2      1      2      1           0           0  -17.3458773502614     
      2      1      2      2           4           0   8.45904827211022     
      2      1      2      2           2           0   2.18776079476461     
      2      2      1      1           4           0  -6.74785515151108     
      2      2      1      1           2           0   2.81764462170541     
      2      2      1      2           4           0  -8.45904827211022     
      2      2      1      2           2           0  -2.18776079476461     
      2      2      2      1           4           0  -8.45904827211022     
      2      2      2      1           2           0  -2.18776079476461     
      2      2      2      2           6           0   7.60005292859860     
      2      2      2      2           4           0  -9.05372743749778     
      2      2      2      2           2           0   6.25971822109430     
      2      2      2      2           0           0  -25.8728500000000     
      1      1      1      1           2           0   5.80332283329990     
      1      1      1      1           0           0  -12.5314500000000     
      1      1      1      2           2           0 -0.363259328854745     
      1      1      2      1           2           0 -0.363259328854745     
      1      1      2      2           4           0  -6.74785515151108     
      1      1      2      2           2           0   2.81764462170541     
      1      2      1      1           2           0  0.363259328854745     
      1      2      1      2           2           0 -0.158634145717433     
      1      2      1      2           0           0  -17.3458773502614     
      1      2      2      1           4           0   13.1710832570173     
      1      2      2      1           2           0  -3.89960414006585     
      1      2      2      2           4           0   8.45904827211022     
      1      2      2      2           2           0   2.18776079476461     
      2      1      1      1           2           0  0.363259328854745     
      2      1      1      2           4           0   13.1710832570173     
      2      1      1      2           2           0  -3.89960414006585     
      2      1      2      1           2           0 -0.158634145717433     
      2      1      2      1           0           0  -17.3458773502614     
      2      1      2      2           4           0   8.45904827211022     
      2      1      2      2           2           0   2.18776079476461     
      2      2      1      1           4           0  -6.74785515151108     
      2      2      1      1           2           0   2.81764462170541     
      2      2      1      2           4           0  -8.45904827211022     
      2      2      1      2           2           0  -2.18776079476461     
      2      2      2      1           4           0  -8.45904827211022     
      2      2      2      1           2           0  -2.18776079476461     
      2      2      2      2           6           0   7.60005292859860     
      2      2      2      2           4           0  -9.05372743749778     
      2      2      2      2           2           0   6.25971822109430     
      2      2      2      2           0           0  -25.8728500000000     
          60           6
   1   1   3   3   0   0   0   0-12.5314   1   1
   1   1   3   3   2   0   0   0  5.8033   1   1
   1   1   3   4   2   0   0   0 -0.3633   1   1
   1   1   4   3   2   0   0   0  0.3633   1   1
   1   1   4   4   0   0   0   0-17.3459   1   1
   1   1   4   4   2   0   0   0 -0.1586   1   1
   1   2   3   3   2   0   0   0 -0.3633   1   1
   1   2   3   4   2   0   0   0  2.8176   1   1
   1   2   3   4   4   0   0   0 -6.7479   1   1
   1   2   4   3   2   0   0   0 -3.8996   1   1
   1   2   4   3   4   0   0   0 13.1711   1   1
   1   2   4   4   2   0   0   0  2.1878   1   1
   1   2   4   4   4   0   0   0  8.4590   1   1
   2   1   3   3   2   0   0   0  0.3633   1   1
   2   1   3   4   2   0   0   0 -3.8996   1   1
   2   1   3   4   4   0   0   0 13.1711   1   1
   2   1   4   3   2   0   0   0  2.8176   1   1
   2   1   4   3   4   0   0   0 -6.7479   1   1
   2   1   4   4   2   0   0   0 -2.1878   1   1
   2   1   4   4   4   0   0   0 -8.4590   1   1
   2   2   3   3   0   0   0   0-17.3459   1   1
   2   2   3   3   2   0   0   0 -0.1586   1   1
   2   2   3   4   2   0   0   0  2.1878   1   1
   2   2   3   4   4   0   0   0  8.4590   1   1
   2   2   4   3   2   0   0   0 -2.1878   1   1
   2   2   4   3   4   0   0   0 -8.4590   1   1
   2   2   4   4   0   0   0   0-25.8729   1   1
   2   2   4   4   2   0   0   0  6.2597   1   1
   2   2   4   4   4   0   0   0 -9.0537   1   1
   2   2   4   4   6   0   0   0  7.6001   1   1
   3   3   1   1   0   0   0   0-12.5314   1   1
   3   3   1   1   2   0   0   0  5.8033   1   1
   3   3   1   2   2   0   0   0 -0.3633   1   1
   3   3   2   1   2   0   0   0  0.3633   1   1
   3   3   2   2   0   0   0   0-17.3459   1   1
   3   3   2   2   2   0   0   0 -0.1586   1   1
   3   4   1   1   2   0   0   0 -0.3633   1   1
   3   4   1   2   2   0   0   0  2.8176   1   1
   3   4   1   2   4   0   0   0 -6.7479   1   1
   3   4   2   1   2   0   0   0 -3.8996   1   1
   3   4   2   1   4   0   0   0 13.1711   1   1
   3   4   2   2   2   0   0   0  2.1878   1   1
   3   4   2   2   4   0   0   0  8.4590   1   1
   4   3   1   1   2   0   0   0  0.3633   1   1
   4   3   1   2   2   0   0   0 -3.8996   1   1
   4   3   1   2   4   0   0   0 13.1711   1   1
   4   3   2   1   2   0   0   0  2.8176   1   1
   4   3   2   1   4   0   0   0 -6.7479   1   1
   4   3   2   2   2   0   0   0 -2.1878   1   1
   4   3   2   2   4   0   0   0 -8.4590   1   1
   4   4   1   1   0   0   0   0-17.3459   1   1
   4   4   1   1   2   0   0   0 -0.1586   1   1
   4   4   1   2   2   0   0   0  2.1878   1   1
   4   4   1   2   4   0   0   0  8.4590   1   1
   4   4   2   1   2   0   0   0 -2.1878   1   1
   4   4   2   1   4   0   0   0 -8.4590   1   1
   4   4   2   2   0   0   0   0-25.8729   1   1
   4   4   2   2   2   0   0   0  6.2597   1   1
   4   4   2   2   4   0   0   0 -9.0537   1   1
   4   4   2   2   6   0   0   0  7.6001   1   1
