      1      2      1      2  -1.23990000000000     
      2      4      1      2  0.000000000000000E+000
      1      5      1      2  0.000000000000000E+000
      4      5      1      2   2.55208979465849     
      3      6      1      2  -2.55208979465849     
      1      3      1      3  -2.92810000000000     
      3      4      1      3  -1.47670000000000     
      2      3      2      3 -0.285850000000000     
      1      4      2      3  -1.52550374876629     
      3      5      2      3 -0.738350000000000     
      2      3      1      4  -1.52550374876629     
      1      4      1      4  -2.04735000000000     
      3      5      1      4  -1.27885971376848     
      1      2      2      4  0.000000000000000E+000
      2      4      2      4  -1.16660000000000     
      1      5      2      4  -1.76150000000000     
      4      5      2      4 -0.738350000000000     
      3      6      2      4 -0.738350000000000     
      1      3      3      4  -1.47670000000000     
      3      4      3      4  -1.88400000000000     
      1      2      1      5  0.000000000000000E+000
      2      4      1      5  -1.76150000000000     
      1      5      1      5  -1.16660000000000     
      4      5      1      5 -0.738350000000000     
      3      6      1      5 -0.738350000000000     
      2      5      2      5  -2.04735000000000     
      1      6      2      5  -1.52550374876629     
      4      6      2      5  -1.27885971376848     
      2      3      3      5 -0.738350000000000     
      1      4      3      5  -1.27885971376848     
      3      5      3      5  -1.88400000000000     
      1      2      4      5   2.55208979465849     
      2      4      4      5 -0.738350000000000     
      1      5      4      5 -0.738350000000000     
      4      5      4      5  -2.83795000000000     
      3      6      4      5  0.953950000000000     
      2      5      1      6  -1.52550374876629     
      1      6      1      6 -0.285850000000000     
      4      6      1      6 -0.738350000000000     
      2      6      2      6  -2.92810000000000     
      5      6      2      6  -1.47670000000000     
      1      2      3      6  -2.55208979465849     
      2      4      3      6 -0.738350000000000     
      1      5      3      6 -0.738350000000000     
      4      5      3      6  0.953950000000000     
      3      6      3      6  -2.83795000000000     
      2      5      4      6  -1.27885971376848     
      1      6      4      6 -0.738350000000000     
      4      6      4      6  -1.88400000000000     
      2      6      5      6  -1.47670000000000     
      5      6      5      6  -1.88400000000000     
      1      7      1      7  -7.94100000000000     
      4      7      1      7  0.104863935649965     
      3      8      1      7 -0.181629664427373     
      2      9      1      7 -0.181629664427373     
      5      9      1      7   2.01112768664747     
      1     10      1      7  0.104863935649965     
      4     10      1      7  -2.32225022252125     
      3     11      1      7   2.01112768664747     
      2      7      2      7  -4.59045000000000     
      5      7      2      7  0.104863935649965     
      1      8      2      7  -3.35055000000000     
      4      8      2      7 -0.104863935649965     
      6      9      2      7  0.465642769561695     
      2     10      2      7 -0.104863935649965     
      5     10      2      7  0.695482341698931     
      1     11      2      7  0.104863935649965     
      4     11      2      7  -1.85660745295956     
      3     12      2      7   3.01773256422018     
      3      7      3      7  -6.08925000000000     
      1      9      3      7  -3.16115000000000     
      4      9      3      7 -0.738350000000000     
      3     10      3      7  0.738350000000000     
      1      7      4      7  0.104863935649965     
      4      7      4      7  -6.11821250000000     
      3      8      4      7  5.016452151421447E-002
      2      9      4      7   1.57566827028050     
      5      9      4      7  0.691830708707636     
      1     10      4      7  -4.07086250000000     
      4     10      4      7  -1.53720729181201     
      3     11      4      7   1.97069042247612     
      2      7      5      7  0.104863935649965     
      5      7      5      7  -6.14717500000000     
      1      8      5      7  0.104863935649965     
      4      8      5      7  5.792500000000167E-002
      6      9      5      7   1.93663593771801     
      2     10      5      7   1.81942500000000     
      5     10      5      7  -1.13777864590600     
      1     11      5      7  -4.98057500000000     
      4     11      5      7 -0.399428645906003     
      3     12      5      7   2.67498593771801     
      6      7      6      7  -6.17613750000000     
      2      8      6      7  0.181629664427373     
      5      8      6      7  5.016452151421447E-002
      6     10      6      7   1.93663593771801     
      2     11      6      7   1.57566827028050     
      5     11      6      7  -2.66252113118375     
      1     12      6      7  -5.89028750000000     
      4     12      6      7   2.67498593771801     
      2      7      1      8  -3.35055000000000     
      5      7      1      8  0.104863935649965     
      1      8      1      8  -4.59045000000000     
      4      8      1      8 -0.104863935649965     
      6      9      1      8   3.01773256422018     
      2     10      1      8 -0.104863935649965     
      5     10      1      8  -1.85660745295956     
      1     11      1      8  0.104863935649965     
      4     11      1      8  0.695482341698931     
      3     12      1      8  0.465642769561695     
      6      7      2      8  0.181629664427373     
      2      8      2      8  -7.94100000000000     
      5      8      2      8 -0.104863935649965     
      6     10      2      8   2.01112768664747     
      2     11      2      8 -0.104863935649965     
      5     11      2      8  -2.32225022252125     
      1     12      2      8  0.181629664427373     
      4     12      2      8   2.01112768664747     
      1      7      3      8 -0.181629664427373     
      4      7      3      8  5.016452151421447E-002
      3      8      3      8  -6.17613750000000     
      2      9      3      8  -5.89028750000000     
      5      9      3      8  -2.67498593771801     
      1     10      3      8   1.57566827028050     
      4     10      3      8   2.66252113118375     
      3     11      3      8  -1.93663593771801     
      2      7      4      8 -0.104863935649965     
      5      7      4      8  5.792500000000167E-002
      1      8      4      8 -0.104863935649965     
      4      8      4      8  -6.14717500000000     
      6      9      4      8  -2.67498593771801     
      2     10      4      8  -4.98057500000000     
      5     10      4      8  0.399428645906003     
      1     11      4      8   1.81942500000000     
      4     11      4      8   1.13777864590600     
      3     12      4      8  -1.93663593771801     
      6      7      5      8  5.016452151421447E-002
      2      8      5      8 -0.104863935649965     
      5      8      5      8  -6.11821250000000     
      6     10      5      8  -1.97069042247612     
      2     11      5      8  -4.07086250000000     
      5     11      5      8   1.53720729181201     
      1     12      5      8   1.57566827028050     
      4     12      5      8 -0.691830708707636     
      6      8      6      8  -6.08925000000000     
      6     11      6      8 -0.738350000000000     
      2     12      6      8  -3.16115000000000     
      5     12      6      8  0.738350000000000     
      7      8      7      8  -1.23990000000000     
      8     10      7      8  0.000000000000000E+000
      7     11      7      8  0.000000000000000E+000
     10     11      7      8   2.55208979465849     
      9     12      7      8  -2.55208979465849     
      3      7      1      9  -3.16115000000000     
      1      9      1      9  -6.08925000000000     
      4      9      1      9  0.738350000000000     
      3     10      1      9 -0.738350000000000     
      1      7      2      9 -0.181629664427373     
      4      7      2      9   1.57566827028050     
      3      8      2      9  -5.89028750000000     
      2      9      2      9  -6.17613750000000     
      5      9      2      9  -1.93663593771801     
      1     10      2      9  5.016452151421447E-002
      4     10      2      9   2.66252113118375     
      3     11      2      9  -2.67498593771801     
      3      9      3      9  -9.25040000000000     
      3      7      4      9 -0.738350000000000     
      1      9      4      9  0.738350000000000     
      4      9      4      9  -5.56720000000000     
      3     10      4      9  -3.68320000000000     
      1      7      5      9   2.01112768664747     
      4      7      5      9  0.691830708707636     
      3      8      5      9  -2.67498593771801     
      2      9      5      9  -1.93663593771801     
      5      9      5      9  -5.34475000000000     
      1     10      5      9   1.97069042247612     
      4     10      5      9 -0.256863134762459     
      3     11      5      9  -3.46075000000000     
      2      7      6      9  0.465642769561695     
      5      7      6      9   1.93663593771801     
      1      8      6      9   3.01773256422018     
      4      8      6      9  -2.67498593771801     
      6      9      6      9  -5.71050000000000     
      2     10      6      9  -1.93663593771801     
      5     10      6      9  0.365750000000002     
      1     11      6      9   2.67498593771801     
      4     11      6      9 -0.588199999999998     
      3     12      6      9  -2.87255000000000     
      7      9      7      9  -2.92810000000000     
      9     10      7      9  -1.47670000000000     
      8      9      8      9 -0.285850000000000     
      7     10      8      9  -1.52550374876629     
      9     11      8      9 -0.738350000000000     
      1      7      1     10  0.104863935649965     
      4      7      1     10  -4.07086250000000     
      3      8      1     10   1.57566827028050     
      2      9      1     10  5.016452151421447E-002
      5      9      1     10   1.97069042247612     
      1     10      1     10  -6.11821250000000     
      4     10      1     10  -1.53720729181201     
      3     11      1     10  0.691830708707636     
      2      7      2     10 -0.104863935649965     
      5      7      2     10   1.81942500000000     
      1      8      2     10 -0.104863935649965     
      4      8      2     10  -4.98057500000000     
      6      9      2     10  -1.93663593771801     
      2     10      2     10  -6.14717500000000     
      5     10      2     10   1.13777864590600     
      1     11      2     10  5.792500000000167E-002
      4     11      2     10  0.399428645906003     
      3     12      2     10  -2.67498593771801     
      3      7      3     10  0.738350000000000     
      1      9      3     10 -0.738350000000000     
      4      9      3     10  -3.68320000000000     
      3     10      3     10  -5.56720000000000     
      1      7      4     10  -2.32225022252125     
      4      7      4     10  -1.53720729181201     
      3      8      4     10   2.66252113118375     
      2      9      4     10   2.66252113118375     
      5      9      4     10 -0.256863134762460     
      1     10      4     10  -1.53720729181201     
      4     10      4     10  -8.95380000000000     
      3     11      4     10 -0.256863134762460     
      2      7      5     10  0.695482341698931     
      5      7      5     10  -1.13777864590600     
      1      8      5     10  -1.85660745295956     
      4      8      5     10  0.399428645906003     
      6      9      5     10  0.365750000000002     
      2     10      5     10   1.13777864590600     
      5     10      5     10  -6.00710000000000     
      1     11      5     10 -0.399428645906003     
      4     11      5     10  -3.16915000000000     
      3     12      5     10 -0.588199999999998     
      6      7      6     10   1.93663593771801     
      2      8      6     10   2.01112768664747     
      5      8      6     10  -1.97069042247612     
      6     10      6     10  -5.34475000000000     
      2     11      6     10 -0.691830708707636     
      5     11      6     10 -0.256863134762459     
      1     12      6     10   2.67498593771801     
      4     12      6     10  -3.46075000000000     
      8      9      7     10  -1.52550374876629     
      7     10      7     10  -2.04735000000000     
      9     11      7     10  -1.27885971376848     
      7      8      8     10  0.000000000000000E+000
      8     10      8     10  -1.16660000000000     
      7     11      8     10  -1.76150000000000     
     10     11      8     10 -0.738350000000000     
      9     12      8     10 -0.738350000000000     
      7      9      9     10  -1.47670000000000     
      9     10      9     10  -1.88400000000000     
      2      7      1     11  0.104863935649965     
      5      7      1     11  -4.98057500000000     
      1      8      1     11  0.104863935649965     
      4      8      1     11   1.81942500000000     
      6      9      1     11   2.67498593771801     
      2     10      1     11  5.792500000000167E-002
      5     10      1     11 -0.399428645906003     
      1     11      1     11  -6.14717500000000     
      4     11      1     11  -1.13777864590600     
      3     12      1     11   1.93663593771801     
      6      7      2     11   1.57566827028050     
      2      8      2     11 -0.104863935649965     
      5      8      2     11  -4.07086250000000     
      6     10      2     11 -0.691830708707636     
      2     11      2     11  -6.11821250000000     
      5     11      2     11   1.53720729181201     
      1     12      2     11  5.016452151421447E-002
      4     12      2     11  -1.97069042247612     
      1      7      3     11   2.01112768664747     
      4      7      3     11   1.97069042247612     
      3      8      3     11  -1.93663593771801     
      2      9      3     11  -2.67498593771801     
      5      9      3     11  -3.46075000000000     
      1     10      3     11  0.691830708707636     
      4     10      3     11 -0.256863134762459     
      3     11      3     11  -5.34475000000000     
      2      7      4     11  -1.85660745295956     
      5      7      4     11 -0.399428645906003     
      1      8      4     11  0.695482341698931     
      4      8      4     11   1.13777864590600     
      6      9      4     11 -0.588199999999998     
      2     10      4     11  0.399428645906003     
      5     10      4     11  -3.16915000000000     
      1     11      4     11  -1.13777864590600     
      4     11      4     11  -6.00710000000000     
      3     12      4     11  0.365750000000002     
      6      7      5     11  -2.66252113118375     
      2      8      5     11  -2.32225022252125     
      5      8      5     11   1.53720729181201     
      6     10      5     11 -0.256863134762460     
      2     11      5     11   1.53720729181201     
      5     11      5     11  -8.95380000000000     
      1     12      5     11  -2.66252113118375     
      4     12      5     11 -0.256863134762460     
      6      8      6     11 -0.738350000000000     
      6     11      6     11  -5.56720000000000     
      2     12      6     11  0.738350000000000     
      5     12      6     11  -3.68320000000000     
      7      8      7     11  0.000000000000000E+000
      8     10      7     11  -1.76150000000000     
      7     11      7     11  -1.16660000000000     
     10     11      7     11 -0.738350000000000     
      9     12      7     11 -0.738350000000000     
      8     11      8     11  -2.04735000000000     
      7     12      8     11  -1.52550374876629     
     10     12      8     11  -1.27885971376848     
      8      9      9     11 -0.738350000000000     
      7     10      9     11  -1.27885971376848     
      9     11      9     11  -1.88400000000000     
      7      8     10     11   2.55208979465849     
      8     10     10     11 -0.738350000000000     
      7     11     10     11 -0.738350000000000     
     10     11     10     11  -2.83795000000000     
      9     12     10     11  0.953950000000000     
      6      7      1     12  -5.89028750000000     
      2      8      1     12  0.181629664427373     
      5      8      1     12   1.57566827028050     
      6     10      1     12   2.67498593771801     
      2     11      1     12  5.016452151421447E-002
      5     11      1     12  -2.66252113118375     
      1     12      1     12  -6.17613750000000     
      4     12      1     12   1.93663593771801     
      6      8      2     12  -3.16115000000000     
      6     11      2     12  0.738350000000000     
      2     12      2     12  -6.08925000000000     
      5     12      2     12 -0.738350000000000     
      2      7      3     12   3.01773256422018     
      5      7      3     12   2.67498593771801     
      1      8      3     12  0.465642769561695     
      4      8      3     12  -1.93663593771801     
      6      9      3     12  -2.87255000000000     
      2     10      3     12  -2.67498593771801     
      5     10      3     12 -0.588199999999998     
      1     11      3     12   1.93663593771801     
      4     11      3     12  0.365750000000002     
      3     12      3     12  -5.71050000000000     
      6      7      4     12   2.67498593771801     
      2      8      4     12   2.01112768664747     
      5      8      4     12 -0.691830708707636     
      6     10      4     12  -3.46075000000000     
      2     11      4     12  -1.97069042247612     
      5     11      4     12 -0.256863134762459     
      1     12      4     12   1.93663593771801     
      4     12      4     12  -5.34475000000000     
      6      8      5     12  0.738350000000000     
      6     11      5     12  -3.68320000000000     
      2     12      5     12 -0.738350000000000     
      5     12      5     12  -5.56720000000000     
      6     12      6     12  -9.25040000000000     
      8     11      7     12  -1.52550374876629     
      7     12      7     12 -0.285850000000000     
     10     12      7     12 -0.738350000000000     
      8     12      8     12  -2.92810000000000     
     11     12      8     12  -1.47670000000000     
      7      8      9     12  -2.55208979465849     
      8     10      9     12 -0.738350000000000     
      7     11      9     12 -0.738350000000000     
     10     11      9     12  0.953950000000000     
      9     12      9     12  -2.83795000000000     
      8     11     10     12  -1.27885971376848     
      7     12     10     12 -0.738350000000000     
     10     12     10     12  -1.88400000000000     
      8     12     11     12  -1.47670000000000     
     11     12     11     12  -1.88400000000000     
