      1      2      1      2  -1.26850000000000     
      2      4      1      2  0.000000000000000E+000
      1      5      1      2  0.000000000000000E+000
      4      5      1      2   1.95529167133704     
      3      6      1      2  -1.95529167133704     
      1      3      1      3  -2.18740000000000     
      3      4      1      3 -0.758300000000000     
      2      3      2      3 -0.482200000000000     
      1      4      2      3 -0.984497679022150     
      3      5      2      3 -0.379150000000000     
      2      3      1      4 -0.984497679022150     
      1      4      1      4  -1.61900000000000     
      3      5      1      4 -0.656707063689740     
      1      2      2      4  0.000000000000000E+000
      2      4      2      4  -1.05060000000000     
      1      5      2      4  -1.13680000000000     
      4      5      2      4 -0.379150000000000     
      3      6      2      4 -0.379150000000000     
      1      3      3      4 -0.758300000000000     
      3      4      3      4  -1.65120000000000     
      1      2      1      5  0.000000000000000E+000
      2      4      1      5  -1.13680000000000     
      1      5      1      5  -1.05060000000000     
      4      5      1      5 -0.379150000000000     
      3      6      1      5 -0.379150000000000     
      2      5      2      5  -1.61900000000000     
      1      6      2      5 -0.984497679022150     
      4      6      2      5 -0.656707063689740     
      2      3      3      5 -0.379150000000000     
      1      4      3      5 -0.656707063689740     
      3      5      3      5  -1.65120000000000     
      1      2      4      5   1.95529167133704     
      2      4      4      5 -0.379150000000000     
      1      5      4      5 -0.379150000000000     
      4      5      4      5  -2.43750000000000     
      3      6      4      5  0.786300000000000     
      2      5      1      6 -0.984497679022150     
      1      6      1      6 -0.482200000000000     
      4      6      1      6 -0.379150000000000     
      2      6      2      6  -2.18740000000000     
      5      6      2      6 -0.758300000000000     
      1      2      3      6  -1.95529167133704     
      2      4      3      6 -0.379150000000000     
      1      5      3      6 -0.379150000000000     
      4      5      3      6  0.786300000000000     
      3      6      3      6  -2.43750000000000     
      2      5      4      6 -0.656707063689740     
      1      6      4      6 -0.379150000000000     
      4      6      4      6  -1.65120000000000     
      2      6      5      6 -0.758300000000000     
      5      6      5      6  -1.65120000000000     
      1      7      1      7  -6.57410000000000     
      4      7      1      7  0.504803531089076     
      3      8      1      7 -0.874345363686456     
      2      9      1      7 -0.874345363686456     
      5      9      1      7   2.81655370745882     
      1     10      1      7  0.504803531089076     
      4     10      1      7  -3.25227608237677     
      3     11      1      7   2.81655370745882     
      2      7      2      7  -3.92130000000000     
      5      7      2      7  0.504803531089076     
      1      8      2      7  -2.65280000000000     
      4      8      2      7 -0.504803531089076     
      6      9      2      7   1.46156122611406     
      2     10      2      7 -0.504803531089076     
      5     10      2      7  0.164576815074328     
      1     11      2      7  0.504803531089076     
      4     11      2      7  -1.79071485626271     
      3     12      2      7   3.41685289745110     
      3      7      3      7  -5.55075000000000     
      1      9      3      7  -3.36335000000000     
      4      9      3      7 -0.379150000000000     
      3     10      3      7  0.379150000000000     
      1      7      4      7  0.504803531089076     
      4      7      4      7  -5.54421250000000     
      3      8      4      7 -1.132328215448025E-002
      2      9      4      7  0.973174396867670     
      5      9      4      7   1.22610706398894     
      1     10      4      7  -3.92521250000000     
      4     10      4      7  -1.79493648689863     
      3     11      4      7   1.88281412767868     
      2      7      5      7  0.504803531089076     
      5      7      5      7  -5.53767500000000     
      1      8      5      7  0.504803531089076     
      4      8      5      7 -1.307499999999784E-002
      6      9      5      7   2.50282973034795     
      2     10      5      7   1.12372500000000     
      5     10      5      7  -1.08704324344932     
      1     11      5      7  -4.48707500000000     
      4     11      5      7 -0.707893243449316     
      3     12      5      7   2.88197973034795     
      6      7      6      7  -5.53113750000000     
      2      8      6      7  0.874345363686456     
      5      8      6      7 -1.132328215448070E-002
      6     10      6      7   2.50282973034795     
      2     11      6      7  0.973174396867670     
      5     11      6      7  -3.10892119166762     
      1     12      6      7  -5.04893750000000     
      4     12      6      7   2.88197973034795     
      2      7      1      8  -2.65280000000000     
      5      7      1      8  0.504803531089076     
      1      8      1      8  -3.92130000000000     
      4      8      1      8 -0.504803531089076     
      6      9      1      8   3.41685289745110     
      2     10      1      8 -0.504803531089076     
      5     10      1      8  -1.79071485626271     
      1     11      1      8  0.504803531089076     
      4     11      1      8  0.164576815074328     
      3     12      1      8   1.46156122611406     
      6      7      2      8  0.874345363686456     
      2      8      2      8  -6.57410000000000     
      5      8      2      8 -0.504803531089076     
      6     10      2      8   2.81655370745882     
      2     11      2      8 -0.504803531089076     
      5     11      2      8  -3.25227608237677     
      1     12      2      8  0.874345363686456     
      4     12      2      8   2.81655370745882     
      1      7      3      8 -0.874345363686456     
      4      7      3      8 -1.132328215448070E-002
      3      8      3      8  -5.53113750000000     
      2      9      3      8  -5.04893750000000     
      5      9      3      8  -2.88197973034795     
      1     10      3      8  0.973174396867670     
      4     10      3      8   3.10892119166762     
      3     11      3      8  -2.50282973034795     
      2      7      4      8 -0.504803531089076     
      5      7      4      8 -1.307499999999784E-002
      1      8      4      8 -0.504803531089076     
      4      8      4      8  -5.53767500000000     
      6      9      4      8  -2.88197973034795     
      2     10      4      8  -4.48707500000000     
      5     10      4      8  0.707893243449316     
      1     11      4      8   1.12372500000000     
      4     11      4      8   1.08704324344932     
      3     12      4      8  -2.50282973034795     
      6      7      5      8 -1.132328215448025E-002
      2      8      5      8 -0.504803531089076     
      5      8      5      8  -5.54421250000000     
      6     10      5      8  -1.88281412767868     
      2     11      5      8  -3.92521250000000     
      5     11      5      8   1.79493648689863     
      1     12      5      8  0.973174396867670     
      4     12      5      8  -1.22610706398894     
      6      8      6      8  -5.55075000000000     
      6     11      6      8 -0.379150000000000     
      2     12      6      8  -3.36335000000000     
      5     12      6      8  0.379150000000000     
      7      8      7      8  -1.26850000000000     
      8     10      7      8  0.000000000000000E+000
      7     11      7      8  0.000000000000000E+000
     10     11      7      8   1.95529167133704     
      9     12      7      8  -1.95529167133704     
      3      7      1      9  -3.36335000000000     
      1      9      1      9  -5.55075000000000     
      4      9      1      9  0.379150000000000     
      3     10      1      9 -0.379150000000000     
      1      7      2      9 -0.874345363686456     
      4      7      2      9  0.973174396867670     
      3      8      2      9  -5.04893750000000     
      2      9      2      9  -5.53113750000000     
      5      9      2      9  -2.50282973034795     
      1     10      2      9 -1.132328215448070E-002
      4     10      2      9   3.10892119166762     
      3     11      2      9  -2.88197973034795     
      3      9      3      9  -8.91410000000000     
      3      7      4      9 -0.379150000000000     
      1      9      4      9  0.379150000000000     
      4      9      4      9  -5.28265000000000     
      3     10      4      9  -3.63145000000000     
      1      7      5      9   2.81655370745882     
      4      7      5      9   1.22610706398894     
      3      8      5      9  -2.88197973034795     
      2      9      5      9  -2.50282973034795     
      5      9      5      9  -4.21183000000000     
      1     10      5      9   1.88281412767868     
      4     10      5      9  -1.23647643050727     
      3     11      5      9  -2.56063000000000     
      2      7      6      9   1.46156122611406     
      5      7      6      9   2.50282973034795     
      1      8      6      9   3.41685289745110     
      4      8      6      9  -2.88197973034795     
      6      9      6      9  -4.06957000000000     
      2     10      6      9  -2.50282973034795     
      5     10      6      9 -0.142259999999998     
      1     11      6      9   2.88197973034795     
      4     11      6      9 -0.928559999999998     
      3     12      6      9  -1.63207000000000     
      7      9      7      9  -2.18740000000000     
      9     10      7      9 -0.758300000000000     
      8      9      8      9 -0.482200000000000     
      7     10      8      9 -0.984497679022150     
      9     11      8      9 -0.379150000000000     
      1      7      1     10  0.504803531089076     
      4      7      1     10  -3.92521250000000     
      3      8      1     10  0.973174396867670     
      2      9      1     10 -1.132328215448025E-002
      5      9      1     10   1.88281412767868     
      1     10      1     10  -5.54421250000000     
      4     10      1     10  -1.79493648689863     
      3     11      1     10   1.22610706398894     
      2      7      2     10 -0.504803531089076     
      5      7      2     10   1.12372500000000     
      1      8      2     10 -0.504803531089076     
      4      8      2     10  -4.48707500000000     
      6      9      2     10  -2.50282973034795     
      2     10      2     10  -5.53767500000000     
      5     10      2     10   1.08704324344932     
      1     11      2     10 -1.307499999999784E-002
      4     11      2     10  0.707893243449316     
      3     12      2     10  -2.88197973034795     
      3      7      3     10  0.379150000000000     
      1      9      3     10 -0.379150000000000     
      4      9      3     10  -3.63145000000000     
      3     10      3     10  -5.28264999999999     
      1      7      4     10  -3.25227608237677     
      4      7      4     10  -1.79493648689863     
      3      8      4     10   3.10892119166762     
      2      9      4     10   3.10892119166762     
      5      9      4     10  -1.23647643050727     
      1     10      4     10  -1.79493648689863     
      4     10      4     10  -7.48634000000000     
      3     11      4     10  -1.23647643050727     
      2      7      5     10  0.164576815074328     
      5      7      5     10  -1.08704324344932     
      1      8      5     10  -1.79071485626271     
      4      8      5     10  0.707893243449316     
      6      9      5     10 -0.142259999999998     
      2     10      5     10   1.08704324344932     
      5     10      5     10  -5.49733000000000     
      1     11      5     10 -0.707893243449316     
      4     11      5     10  -3.05983000000000     
      3     12      5     10 -0.928559999999998     
      6      7      6     10   2.50282973034795     
      2      8      6     10   2.81655370745882     
      5      8      6     10  -1.88281412767868     
      6     10      6     10  -4.21183000000000     
      2     11      6     10  -1.22610706398894     
      5     11      6     10  -1.23647643050727     
      1     12      6     10   2.88197973034795     
      4     12      6     10  -2.56063000000000     
      8      9      7     10 -0.984497679022150     
      7     10      7     10  -1.61900000000000     
      9     11      7     10 -0.656707063689740     
      7      8      8     10  0.000000000000000E+000
      8     10      8     10  -1.05060000000000     
      7     11      8     10  -1.13680000000000     
     10     11      8     10 -0.379150000000000     
      9     12      8     10 -0.379150000000000     
      7      9      9     10 -0.758300000000000     
      9     10      9     10  -1.65120000000000     
      2      7      1     11  0.504803531089076     
      5      7      1     11  -4.48707500000000     
      1      8      1     11  0.504803531089076     
      4      8      1     11   1.12372500000000     
      6      9      1     11   2.88197973034795     
      2     10      1     11 -1.307499999999784E-002
      5     10      1     11 -0.707893243449316     
      1     11      1     11  -5.53767500000000     
      4     11      1     11  -1.08704324344932     
      3     12      1     11   2.50282973034795     
      6      7      2     11  0.973174396867670     
      2      8      2     11 -0.504803531089076     
      5      8      2     11  -3.92521250000000     
      6     10      2     11  -1.22610706398894     
      2     11      2     11  -5.54421250000000     
      5     11      2     11   1.79493648689863     
      1     12      2     11 -1.132328215448025E-002
      4     12      2     11  -1.88281412767868     
      1      7      3     11   2.81655370745882     
      4      7      3     11   1.88281412767868     
      3      8      3     11  -2.50282973034795     
      2      9      3     11  -2.88197973034795     
      5      9      3     11  -2.56063000000000     
      1     10      3     11   1.22610706398894     
      4     10      3     11  -1.23647643050727     
      3     11      3     11  -4.21183000000000     
      2      7      4     11  -1.79071485626271     
      5      7      4     11 -0.707893243449316     
      1      8      4     11  0.164576815074328     
      4      8      4     11   1.08704324344932     
      6      9      4     11 -0.928559999999998     
      2     10      4     11  0.707893243449316     
      5     10      4     11  -3.05983000000000     
      1     11      4     11  -1.08704324344932     
      4     11      4     11  -5.49733000000000     
      3     12      4     11 -0.142259999999998     
      6      7      5     11  -3.10892119166762     
      2      8      5     11  -3.25227608237677     
      5      8      5     11   1.79493648689863     
      6     10      5     11  -1.23647643050727     
      2     11      5     11   1.79493648689863     
      5     11      5     11  -7.48634000000000     
      1     12      5     11  -3.10892119166762     
      4     12      5     11  -1.23647643050727     
      6      8      6     11 -0.379150000000000     
      6     11      6     11  -5.28265000000000     
      2     12      6     11  0.379150000000000     
      5     12      6     11  -3.63145000000000     
      7      8      7     11  0.000000000000000E+000
      8     10      7     11  -1.13680000000000     
      7     11      7     11  -1.05060000000000     
     10     11      7     11 -0.379150000000000     
      9     12      7     11 -0.379150000000000     
      8     11      8     11  -1.61900000000000     
      7     12      8     11 -0.984497679022150     
     10     12      8     11 -0.656707063689740     
      8      9      9     11 -0.379150000000000     
      7     10      9     11 -0.656707063689740     
      9     11      9     11  -1.65120000000000     
      7      8     10     11   1.95529167133704     
      8     10     10     11 -0.379150000000000     
      7     11     10     11 -0.379150000000000     
     10     11     10     11  -2.43750000000000     
      9     12     10     11  0.786300000000000     
      6      7      1     12  -5.04893750000000     
      2      8      1     12  0.874345363686456     
      5      8      1     12  0.973174396867670     
      6     10      1     12   2.88197973034795     
      2     11      1     12 -1.132328215448070E-002
      5     11      1     12  -3.10892119166762     
      1     12      1     12  -5.53113750000000     
      4     12      1     12   2.50282973034795     
      6      8      2     12  -3.36335000000000     
      6     11      2     12  0.379150000000000     
      2     12      2     12  -5.55075000000000     
      5     12      2     12 -0.379150000000000     
      2      7      3     12   3.41685289745110     
      5      7      3     12   2.88197973034795     
      1      8      3     12   1.46156122611406     
      4      8      3     12  -2.50282973034795     
      6      9      3     12  -1.63207000000000     
      2     10      3     12  -2.88197973034795     
      5     10      3     12 -0.928559999999998     
      1     11      3     12   2.50282973034795     
      4     11      3     12 -0.142259999999998     
      3     12      3     12  -4.06957000000000     
      6      7      4     12   2.88197973034795     
      2      8      4     12   2.81655370745882     
      5      8      4     12  -1.22610706398894     
      6     10      4     12  -2.56063000000000     
      2     11      4     12  -1.88281412767868     
      5     11      4     12  -1.23647643050727     
      1     12      4     12   2.50282973034795     
      4     12      4     12  -4.21183000000000     
      6      8      5     12  0.379150000000000     
      6     11      5     12  -3.63145000000000     
      2     12      5     12 -0.379150000000000     
      5     12      5     12  -5.28264999999999     
      6     12      6     12  -8.91410000000000     
      8     11      7     12 -0.984497679022150     
      7     12      7     12 -0.482200000000000     
     10     12      7     12 -0.379150000000000     
      8     12      8     12  -2.18740000000000     
     11     12      8     12 -0.758300000000000     
      7      8      9     12  -1.95529167133704     
      8     10      9     12 -0.379150000000000     
      7     11      9     12 -0.379150000000000     
     10     11      9     12  0.786300000000000     
      9     12      9     12  -2.43750000000000     
      8     11     10     12 -0.656707063689740     
      7     12     10     12 -0.379150000000000     
     10     12     10     12  -1.65120000000000     
      8     12     11     12 -0.758300000000000     
     11     12     11     12  -1.65120000000000     
