      1      1      1      1           2           0   4.59478438231872     
      1      1      1      1           0           0  -10.4954000000000     
      1      1      1      2           2           0  -1.74869072737291     
      1      1      2      1           2           0  -1.74869072737291     
      1      1      2      2           4           0  -7.64031534781778     
      1      1      2      2           2           0   5.34805200946103     
      1      2      1      1           2           0   1.74869072737291     
      1      2      1      2           2           0  3.580736219689928E-002
      1      2      1      2           0           0  -15.6721555991929     
      1      2      2      1           4           0   11.2897674641478     
      1      2      2      1           2           0  -4.85231868676911     
      1      2      2      2           4           0   9.11362011833740     
      1      2      2      2           2           0   3.87729097742686     
      2      1      1      1           2           0   1.74869072737291     
      2      1      1      2           4           0   11.2897674641478     
      2      1      1      2           2           0  -4.85231868676911     
      2      1      2      1           2           0  3.580736219689928E-002
      2      1      2      1           0           0  -15.6721555991929     
      2      1      2      2           4           0   9.11362011833740     
      2      1      2      2           2           0   3.87729097742686     
      2      2      1      1           4           0  -7.64031534781778     
      2      2      1      1           2           0   5.34805200946103     
      2      2      1      2           4           0  -9.11362011833740     
      2      2      1      2           2           0  -3.87729097742686     
      2      2      2      1           4           0  -9.11362011833740     
      2      2      2      1           2           0  -3.87729097742686     
      2      2      2      2           6           0   4.31805134224919     
      2      2      2      2           4           0  -7.80206602641249     
      2      2      2      2           2           0   9.00921031404529     
      2      2      2      2           0           0  -22.4781500000000     
      1      1      1      1           2           0   4.59478438231872     
      1      1      1      1           0           0  -10.4954000000000     
      1      1      1      2           2           0  -1.74869072737291     
      1      1      2      1           2           0  -1.74869072737291     
      1      1      2      2           4           0  -7.64031534781778     
      1      1      2      2           2           0   5.34805200946103     
      1      2      1      1           2           0   1.74869072737291     
      1      2      1      2           2           0  3.580736219689928E-002
      1      2      1      2           0           0  -15.6721555991929     
      1      2      2      1           4           0   11.2897674641478     
      1      2      2      1           2           0  -4.85231868676911     
      1      2      2      2           4           0   9.11362011833740     
      1      2      2      2           2           0   3.87729097742686     
      2      1      1      1           2           0   1.74869072737291     
      2      1      1      2           4           0   11.2897674641478     
      2      1      1      2           2           0  -4.85231868676911     
      2      1      2      1           2           0  3.580736219689928E-002
      2      1      2      1           0           0  -15.6721555991929     
      2      1      2      2           4           0   9.11362011833740     
      2      1      2      2           2           0   3.87729097742686     
      2      2      1      1           4           0  -7.64031534781778     
      2      2      1      1           2           0   5.34805200946103     
      2      2      1      2           4           0  -9.11362011833740     
      2      2      1      2           2           0  -3.87729097742686     
      2      2      2      1           4           0  -9.11362011833740     
      2      2      2      1           2           0  -3.87729097742686     
      2      2      2      2           6           0   4.31805134224919     
      2      2      2      2           4           0  -7.80206602641249     
      2      2      2      2           2           0   9.00921031404529     
      2      2      2      2           0           0  -22.4781500000000     
          60           6
   1   1   3   3   0   0   0   0-10.4954   1   1
   1   1   3   3   2   0   0   0  4.5948   1   1
   1   1   3   4   2   0   0   0 -1.7487   1   1
   1   1   4   3   2   0   0   0  1.7487   1   1
   1   1   4   4   0   0   0   0-15.6722   1   1
   1   1   4   4   2   0   0   0  0.0358   1   1
   1   2   3   3   2   0   0   0 -1.7487   1   1
   1   2   3   4   2   0   0   0  5.3481   1   1
   1   2   3   4   4   0   0   0 -7.6403   1   1
   1   2   4   3   2   0   0   0 -4.8523   1   1
   1   2   4   3   4   0   0   0 11.2898   1   1
   1   2   4   4   2   0   0   0  3.8773   1   1
   1   2   4   4   4   0   0   0  9.1136   1   1
   2   1   3   3   2   0   0   0  1.7487   1   1
   2   1   3   4   2   0   0   0 -4.8523   1   1
   2   1   3   4   4   0   0   0 11.2898   1   1
   2   1   4   3   2   0   0   0  5.3481   1   1
   2   1   4   3   4   0   0   0 -7.6403   1   1
   2   1   4   4   2   0   0   0 -3.8773   1   1
   2   1   4   4   4   0   0   0 -9.1136   1   1
   2   2   3   3   0   0   0   0-15.6722   1   1
   2   2   3   3   2   0   0   0  0.0358   1   1
   2   2   3   4   2   0   0   0  3.8773   1   1
   2   2   3   4   4   0   0   0  9.1136   1   1
   2   2   4   3   2   0   0   0 -3.8773   1   1
   2   2   4   3   4   0   0   0 -9.1136   1   1
   2   2   4   4   0   0   0   0-22.4782   1   1
   2   2   4   4   2   0   0   0  9.0092   1   1
   2   2   4   4   4   0   0   0 -7.8021   1   1
   2   2   4   4   6   0   0   0  4.3181   1   1
   3   3   1   1   0   0   0   0-10.4954   1   1
   3   3   1   1   2   0   0   0  4.5948   1   1
   3   3   1   2   2   0   0   0 -1.7487   1   1
   3   3   2   1   2   0   0   0  1.7487   1   1
   3   3   2   2   0   0   0   0-15.6722   1   1
   3   3   2   2   2   0   0   0  0.0358   1   1
   3   4   1   1   2   0   0   0 -1.7487   1   1
   3   4   1   2   2   0   0   0  5.3481   1   1
   3   4   1   2   4   0   0   0 -7.6403   1   1
   3   4   2   1   2   0   0   0 -4.8523   1   1
   3   4   2   1   4   0   0   0 11.2898   1   1
   3   4   2   2   2   0   0   0  3.8773   1   1
   3   4   2   2   4   0   0   0  9.1136   1   1
   4   3   1   1   2   0   0   0  1.7487   1   1
   4   3   1   2   2   0   0   0 -4.8523   1   1
   4   3   1   2   4   0   0   0 11.2898   1   1
   4   3   2   1   2   0   0   0  5.3481   1   1
   4   3   2   1   4   0   0   0 -7.6403   1   1
   4   3   2   2   2   0   0   0 -3.8773   1   1
   4   3   2   2   4   0   0   0 -9.1136   1   1
   4   4   1   1   0   0   0   0-15.6722   1   1
   4   4   1   1   2   0   0   0  0.0358   1   1
   4   4   1   2   2   0   0   0  3.8773   1   1
   4   4   1   2   4   0   0   0  9.1136   1   1
   4   4   2   1   2   0   0   0 -3.8773   1   1
   4   4   2   1   4   0   0   0 -9.1136   1   1
   4   4   2   2   0   0   0   0-22.4782   1   1
   4   4   2   2   2   0   0   0  9.0092   1   1
   4   4   2   2   4   0   0   0 -7.8021   1   1
   4   4   2   2   6   0   0   0  4.3181   1   1
