 ! Total Interaction
  20
   1   1   1   1     1     0  -6.5741
   1   2   1   1     1     0  -1.4278
   2   2   1   1     1     0   5.1423
   1   1   1   2     1     0  -1.4278
   1   2   1   2     1     0 -11.1354
   2   2   1   2     1     0  -8.0272
   1   1   2   2     1     0   5.1423
   1   2   2   2     1     0  -8.0272
   2   2   2   2     1     0  -5.3447
   1   2   1   2     2     0  -8.9141
   2   2   2   2     3     0  -8.9141
   1   1   1   1     0     1  -1.2685
   2   2   1   1     0     1  -2.7652
   1   1   2   2     0     1  -2.7652
   2   2   2   2     0     1  -3.2238
   1   2   1   2     1     1   0.0862
   1   2   1   2     2     1  -2.1874
   2   2   1   2     2     1   0.7583
   1   2   2   2     2     1   0.7583
   2   2   2   2     2     1  -1.6512
