      1      2      1      2  -1.26750000000000     
      2      4      1      2  0.000000000000000E+000
      1      5      1      2  0.000000000000000E+000
      4      5      1      2   2.07882322601033     
      3      6      1      2  -2.07882322601033     
      1      3      1      3  -2.33250000000000     
      3      4      1      3 -0.788000000000000     
      2      3      2      3 -0.481950000000000     
      1      4      2      3  -1.06841554064886     
      3      5      2      3 -0.394000000000000     
      2      3      1      4  -1.06841554064886     
      1      4      1      4  -1.71565000000000     
      3      5      1      4 -0.682428018182138     
      1      2      2      4  0.000000000000000E+000
      2      4      2      4  -1.09880000000000     
      1      5      2      4  -1.23370000000000     
      4      5      2      4 -0.394000000000000     
      3      6      2      4 -0.394000000000000     
      1      3      3      4 -0.788000000000000     
      3      4      3      4  -1.77530000000000     
      1      2      1      5  0.000000000000000E+000
      2      4      1      5  -1.23370000000000     
      1      5      1      5  -1.09880000000000     
      4      5      1      5 -0.394000000000000     
      3      6      1      5 -0.394000000000000     
      2      5      2      5  -1.71565000000000     
      1      6      2      5  -1.06841554064886     
      4      6      2      5 -0.682428018182138     
      2      3      3      5 -0.394000000000000     
      1      4      3      5 -0.682428018182138     
      3      5      3      5  -1.77530000000000     
      1      2      4      5   2.07882322601033     
      2      4      4      5 -0.394000000000000     
      1      5      4      5 -0.394000000000000     
      4      5      4      5  -2.56085000000000     
      3      6      4      5  0.785550000000000     
      2      5      1      6  -1.06841554064886     
      1      6      1      6 -0.481950000000000     
      4      6      1      6 -0.394000000000000     
      2      6      2      6  -2.33250000000000     
      5      6      2      6 -0.788000000000000     
      1      2      3      6  -2.07882322601033     
      2      4      3      6 -0.394000000000000     
      1      5      3      6 -0.394000000000000     
      4      5      3      6  0.785550000000000     
      3      6      3      6  -2.56085000000000     
      2      5      4      6 -0.682428018182138     
      1      6      4      6 -0.394000000000000     
      4      6      4      6  -1.77530000000000     
      2      6      5      6 -0.788000000000000     
      5      6      5      6  -1.77530000000000     
      1      7      1      7  -7.52460000000000     
      4      7      1      7  0.533087802336538     
      3      8      1      7 -0.923335158542119     
      2      9      1      7 -0.923335158542119     
      5      9      1      7   3.11330978911512     
      1     10      1      7  0.533087802336538     
      4     10      1      7  -3.59494048963262     
      3     11      1      7   3.11330978911512     
      2      7      2      7  -4.39605000000000     
      5      7      2      7  0.533087802336538     
      1      8      2      7  -3.12855000000000     
      4      8      2      7 -0.533087802336538     
      6      9      2      7   1.65679375421930     
      2     10      2      7 -0.533087802336538     
      5     10      2      7  0.140676490597011     
      1     11      2      7  0.533087802336538     
      4     11      2      7  -1.93814673541332     
      3     12      2      7   3.73561698022963     
      3      7      3      7  -6.20420000000000     
      1      9      3      7  -3.87170000000000     
      4      9      3      7 -0.394000000000000     
      3     10      3      7  0.394000000000000     
      1      7      4      7  0.533087802336538     
      4      7      4      7  -6.22910000000000     
      3      8      4      7  4.312806510846623E-002
      2      9      4      7   1.11154360575733     
      5      9      4      7   1.39854947494203     
      1     10      4      7  -4.51345000000000     
      4     10      4      7  -2.00890583166559     
      3     11      4      7   2.08097749312417     
      2      7      5      7  0.533087802336538     
      5      7      5      7  -6.25400000000000     
      1      8      5      7  0.533087802336538     
      4      8      5      7  4.980000000000129E-002
      6      9      5      7   2.81635874749838     
      2     10      5      7   1.28350000000000     
      5     10      5      7  -1.20145291583279     
      1     11      5      7  -5.15520000000000     
      4     11      5      7 -0.807452915832793     
      3     12      5      7   3.21035874749838     
      6      7      6      7  -6.27890000000000     
      2      8      6      7  0.923335158542119     
      5      8      6      7  4.312806510846667E-002
      6     10      6      7   2.81635874749838     
      2     11      6      7   1.11154360575733     
      5     11      6      7  -3.47952696806621     
      1     12      6      7  -5.79695000000000     
      4     12      6      7   3.21035874749838     
      2      7      1      8  -3.12855000000000     
      5      7      1      8  0.533087802336538     
      1      8      1      8  -4.39605000000000     
      4      8      1      8 -0.533087802336538     
      6      9      1      8   3.73561698022963     
      2     10      1      8 -0.533087802336538     
      5     10      1      8  -1.93814673541332     
      1     11      1      8  0.533087802336538     
      4     11      1      8  0.140676490597011     
      3     12      1      8   1.65679375421930     
      6      7      2      8  0.923335158542119     
      2      8      2      8  -7.52460000000000     
      5      8      2      8 -0.533087802336538     
      6     10      2      8   3.11330978911512     
      2     11      2      8 -0.533087802336538     
      5     11      2      8  -3.59494048963262     
      1     12      2      8  0.923335158542119     
      4     12      2      8   3.11330978911512     
      1      7      3      8 -0.923335158542119     
      4      7      3      8  4.312806510846667E-002
      3      8      3      8  -6.27890000000000     
      2      9      3      8  -5.79695000000000     
      5      9      3      8  -3.21035874749838     
      1     10      3      8   1.11154360575733     
      4     10      3      8   3.47952696806621     
      3     11      3      8  -2.81635874749838     
      2      7      4      8 -0.533087802336538     
      5      7      4      8  4.980000000000129E-002
      1      8      4      8 -0.533087802336538     
      4      8      4      8  -6.25400000000000     
      6      9      4      8  -3.21035874749838     
      2     10      4      8  -5.15520000000000     
      5     10      4      8  0.807452915832793     
      1     11      4      8   1.28350000000000     
      4     11      4      8   1.20145291583279     
      3     12      4      8  -2.81635874749838     
      6      7      5      8  4.312806510846623E-002
      2      8      5      8 -0.533087802336538     
      5      8      5      8  -6.22910000000000     
      6     10      5      8  -2.08097749312417     
      2     11      5      8  -4.51345000000000     
      5     11      5      8   2.00890583166559     
      1     12      5      8   1.11154360575733     
      4     12      5      8  -1.39854947494203     
      6      8      6      8  -6.20420000000000     
      6     11      6      8 -0.394000000000000     
      2     12      6      8  -3.87170000000000     
      5     12      6      8  0.394000000000000     
      7      8      7      8  -1.26750000000000     
      8     10      7      8  0.000000000000000E+000
      7     11      7      8  0.000000000000000E+000
     10     11      7      8   2.07882322601033     
      9     12      7      8  -2.07882322601033     
      3      7      1      9  -3.87170000000000     
      1      9      1      9  -6.20420000000000     
      4      9      1      9  0.394000000000000     
      3     10      1      9 -0.394000000000000     
      1      7      2      9 -0.923335158542119     
      4      7      2      9   1.11154360575733     
      3      8      2      9  -5.79695000000000     
      2      9      2      9  -6.27890000000000     
      5      9      2      9  -2.81635874749838     
      1     10      2      9  4.312806510846667E-002
      4     10      2      9   3.47952696806621     
      3     11      2      9  -3.21035874749838     
      3      9      3      9  -10.0759000000000     
      3      7      4      9 -0.394000000000000     
      1      9      4      9  0.394000000000000     
      4      9      4      9  -5.92560000000000     
      3     10      4      9  -4.15030000000000     
      1      7      5      9   3.11330978911512     
      4      7      5      9   1.39854947494203     
      3      8      5      9  -3.21035874749838     
      2      9      5      9  -2.81635874749838     
      5      9      5      9  -4.79478000000000     
      1     10      5      9   2.08097749312417     
      4     10      5      9  -1.30575846281002     
      3     11      5      9  -3.01948000000000     
      2      7      6      9   1.65679375421930     
      5      7      6      9   2.81635874749838     
      1      8      6      9   3.73561698022963     
      4      8      6      9  -3.21035874749838     
      6      9      6      9  -4.62214500000000     
      2     10      6      9  -2.81635874749838     
      5     10      6      9 -0.172634999999998     
      1     11      6      9   3.21035874749838     
      4     11      6      9 -0.958184999999998     
      3     12      6      9  -2.06129500000000     
      7      9      7      9  -2.33250000000000     
      9     10      7      9 -0.788000000000000     
      8      9      8      9 -0.481950000000000     
      7     10      8      9  -1.06841554064886     
      9     11      8      9 -0.394000000000000     
      1      7      1     10  0.533087802336538     
      4      7      1     10  -4.51345000000000     
      3      8      1     10   1.11154360575733     
      2      9      1     10  4.312806510846623E-002
      5      9      1     10   2.08097749312417     
      1     10      1     10  -6.22910000000000     
      4     10      1     10  -2.00890583166559     
      3     11      1     10   1.39854947494203     
      2      7      2     10 -0.533087802336538     
      5      7      2     10   1.28350000000000     
      1      8      2     10 -0.533087802336538     
      4      8      2     10  -5.15520000000000     
      6      9      2     10  -2.81635874749838     
      2     10      2     10  -6.25400000000000     
      5     10      2     10   1.20145291583279     
      1     11      2     10  4.980000000000129E-002
      4     11      2     10  0.807452915832793     
      3     12      2     10  -3.21035874749838     
      3      7      3     10  0.394000000000000     
      1      9      3     10 -0.394000000000000     
      4      9      3     10  -4.15030000000000     
      3     10      3     10  -5.92559999999999     
      1      7      4     10  -3.59494048963262     
      4      7      4     10  -2.00890583166559     
      3      8      4     10   3.47952696806621     
      2      9      4     10   3.47952696806621     
      5      9      4     10  -1.30575846281002     
      1     10      4     10  -2.00890583166559     
      4     10      4     10  -8.56814000000000     
      3     11      4     10  -1.30575846281002     
      2      7      5     10  0.140676490597011     
      5      7      5     10  -1.20145291583279     
      1      8      5     10  -1.93814673541332     
      4      8      5     10  0.807452915832793     
      6      9      5     10 -0.172634999999998     
      2     10      5     10   1.20145291583279     
      5     10      5     10  -6.12990500000000     
      1     11      5     10 -0.807452915832793     
      4     11      5     10  -3.56905500000000     
      3     12      5     10 -0.958184999999998     
      6      7      6     10   2.81635874749838     
      2      8      6     10   3.11330978911512     
      5      8      6     10  -2.08097749312417     
      6     10      6     10  -4.79478000000000     
      2     11      6     10  -1.39854947494203     
      5     11      6     10  -1.30575846281002     
      1     12      6     10   3.21035874749838     
      4     12      6     10  -3.01948000000000     
      8      9      7     10  -1.06841554064886     
      7     10      7     10  -1.71565000000000     
      9     11      7     10 -0.682428018182138     
      7      8      8     10  0.000000000000000E+000
      8     10      8     10  -1.09880000000000     
      7     11      8     10  -1.23370000000000     
     10     11      8     10 -0.394000000000000     
      9     12      8     10 -0.394000000000000     
      7      9      9     10 -0.788000000000000     
      9     10      9     10  -1.77530000000000     
      2      7      1     11  0.533087802336538     
      5      7      1     11  -5.15520000000000     
      1      8      1     11  0.533087802336538     
      4      8      1     11   1.28350000000000     
      6      9      1     11   3.21035874749838     
      2     10      1     11  4.980000000000129E-002
      5     10      1     11 -0.807452915832793     
      1     11      1     11  -6.25400000000000     
      4     11      1     11  -1.20145291583279     
      3     12      1     11   2.81635874749838     
      6      7      2     11   1.11154360575733     
      2      8      2     11 -0.533087802336538     
      5      8      2     11  -4.51345000000000     
      6     10      2     11  -1.39854947494203     
      2     11      2     11  -6.22910000000000     
      5     11      2     11   2.00890583166559     
      1     12      2     11  4.312806510846623E-002
      4     12      2     11  -2.08097749312417     
      1      7      3     11   3.11330978911512     
      4      7      3     11   2.08097749312417     
      3      8      3     11  -2.81635874749838     
      2      9      3     11  -3.21035874749838     
      5      9      3     11  -3.01948000000000     
      1     10      3     11   1.39854947494203     
      4     10      3     11  -1.30575846281002     
      3     11      3     11  -4.79478000000000     
      2      7      4     11  -1.93814673541332     
      5      7      4     11 -0.807452915832793     
      1      8      4     11  0.140676490597011     
      4      8      4     11   1.20145291583279     
      6      9      4     11 -0.958184999999998     
      2     10      4     11  0.807452915832793     
      5     10      4     11  -3.56905500000000     
      1     11      4     11  -1.20145291583279     
      4     11      4     11  -6.12990500000000     
      3     12      4     11 -0.172634999999998     
      6      7      5     11  -3.47952696806621     
      2      8      5     11  -3.59494048963262     
      5      8      5     11   2.00890583166559     
      6     10      5     11  -1.30575846281002     
      2     11      5     11   2.00890583166559     
      5     11      5     11  -8.56814000000000     
      1     12      5     11  -3.47952696806621     
      4     12      5     11  -1.30575846281002     
      6      8      6     11 -0.394000000000000     
      6     11      6     11  -5.92560000000000     
      2     12      6     11  0.394000000000000     
      5     12      6     11  -4.15030000000000     
      7      8      7     11  0.000000000000000E+000
      8     10      7     11  -1.23370000000000     
      7     11      7     11  -1.09880000000000     
     10     11      7     11 -0.394000000000000     
      9     12      7     11 -0.394000000000000     
      8     11      8     11  -1.71565000000000     
      7     12      8     11  -1.06841554064886     
     10     12      8     11 -0.682428018182138     
      8      9      9     11 -0.394000000000000     
      7     10      9     11 -0.682428018182138     
      9     11      9     11  -1.77530000000000     
      7      8     10     11   2.07882322601033     
      8     10     10     11 -0.394000000000000     
      7     11     10     11 -0.394000000000000     
     10     11     10     11  -2.56085000000000     
      9     12     10     11  0.785550000000000     
      6      7      1     12  -5.79695000000000     
      2      8      1     12  0.923335158542119     
      5      8      1     12   1.11154360575733     
      6     10      1     12   3.21035874749838     
      2     11      1     12  4.312806510846667E-002
      5     11      1     12  -3.47952696806621     
      1     12      1     12  -6.27890000000000     
      4     12      1     12   2.81635874749838     
      6      8      2     12  -3.87170000000000     
      6     11      2     12  0.394000000000000     
      2     12      2     12  -6.20420000000000     
      5     12      2     12 -0.394000000000000     
      2      7      3     12   3.73561698022963     
      5      7      3     12   3.21035874749838     
      1      8      3     12   1.65679375421930     
      4      8      3     12  -2.81635874749838     
      6      9      3     12  -2.06129500000000     
      2     10      3     12  -3.21035874749838     
      5     10      3     12 -0.958184999999998     
      1     11      3     12   2.81635874749838     
      4     11      3     12 -0.172634999999998     
      3     12      3     12  -4.62214500000000     
      6      7      4     12   3.21035874749838     
      2      8      4     12   3.11330978911512     
      5      8      4     12  -1.39854947494203     
      6     10      4     12  -3.01948000000000     
      2     11      4     12  -2.08097749312417     
      5     11      4     12  -1.30575846281002     
      1     12      4     12   2.81635874749838     
      4     12      4     12  -4.79478000000000     
      6      8      5     12  0.394000000000000     
      6     11      5     12  -4.15030000000000     
      2     12      5     12 -0.394000000000000     
      5     12      5     12  -5.92559999999999     
      6     12      6     12  -10.0759000000000     
      8     11      7     12  -1.06841554064886     
      7     12      7     12 -0.481950000000000     
     10     12      7     12 -0.394000000000000     
      8     12      8     12  -2.33250000000000     
     11     12      8     12 -0.788000000000000     
      7      8      9     12  -2.07882322601033     
      8     10      9     12 -0.394000000000000     
      7     11      9     12 -0.394000000000000     
     10     11      9     12  0.785550000000000     
      9     12      9     12  -2.56085000000000     
      8     11     10     12 -0.682428018182138     
      7     12     10     12 -0.394000000000000     
     10     12     10     12  -1.77530000000000     
      8     12     11     12 -0.788000000000000     
     11     12     11     12  -1.77530000000000     
