      1      1      1      1           2           0   5.41880755401961     
      1      1      1      1           0           0  -11.9206500000000     
      1      1      1      2           2           0  -1.84667031708424     
      1      1      2      1           2           0  -1.84667031708424     
      1      1      2      2           4           0  -8.35309350569594     
      1      1      2      2           2           0   5.98296074908572     
      1      2      1      1           2           0   1.84667031708424     
      1      2      1      2           2           0 -0.136382916818784     
      1      2      1      2           0           0  -17.6537693204596     
      1      2      2      1           4           0   12.9623742621674     
      1      2      2      1           2           0  -5.59443750590710     
      1      2      2      2           4           0   10.1520457483403     
      1      2      2      2           2           0   4.42260176124941     
      2      1      1      1           2           0   1.84667031708424     
      2      1      1      2           4           0   12.9623742621674     
      2      1      1      2           2           0  -5.59443750590710     
      2      1      2      1           2           0 -0.136382916818784     
      2      1      2      1           0           0  -17.6537693204596     
      2      1      2      2           4           0   10.1520457483403     
      2      1      2      2           2           0   4.42260176124941     
      2      2      1      1           4           0  -8.35309350569594     
      2      2      1      1           2           0   5.98296074908572     
      2      2      1      2           4           0  -10.1520457483403     
      2      2      1      2           2           0  -4.42260176124941     
      2      2      2      1           4           0  -10.1520457483403     
      2      2      2      1           2           0  -4.42260176124941     
      2      2      2      2           6           0   5.45367394874089     
      2      2      2      2           4           0  -8.89432933172171     
      2      2      2      2           2           0   10.0990599834378     
      2      2      2      2           0           0  -25.4184250000000     
      1      1      1      1           2           0   5.41880755401961     
      1      1      1      1           0           0  -11.9206500000000     
      1      1      1      2           2           0  -1.84667031708424     
      1      1      2      1           2           0  -1.84667031708424     
      1      1      2      2           4           0  -8.35309350569594     
      1      1      2      2           2           0   5.98296074908572     
      1      2      1      1           2           0   1.84667031708424     
      1      2      1      2           2           0 -0.136382916818784     
      1      2      1      2           0           0  -17.6537693204596     
      1      2      2      1           4           0   12.9623742621674     
      1      2      2      1           2           0  -5.59443750590710     
      1      2      2      2           4           0   10.1520457483403     
      1      2      2      2           2           0   4.42260176124941     
      2      1      1      1           2           0   1.84667031708424     
      2      1      1      2           4           0   12.9623742621674     
      2      1      1      2           2           0  -5.59443750590710     
      2      1      2      1           2           0 -0.136382916818784     
      2      1      2      1           0           0  -17.6537693204596     
      2      1      2      2           4           0   10.1520457483403     
      2      1      2      2           2           0   4.42260176124941     
      2      2      1      1           4           0  -8.35309350569594     
      2      2      1      1           2           0   5.98296074908572     
      2      2      1      2           4           0  -10.1520457483403     
      2      2      1      2           2           0  -4.42260176124941     
      2      2      2      1           4           0  -10.1520457483403     
      2      2      2      1           2           0  -4.42260176124941     
      2      2      2      2           6           0   5.45367394874089     
      2      2      2      2           4           0  -8.89432933172171     
      2      2      2      2           2           0   10.0990599834378     
      2      2      2      2           0           0  -25.4184250000000     
          60           6
   1   1   3   3   0   0   0   0-11.9207   1   1
   1   1   3   3   2   0   0   0  5.4188   1   1
   1   1   3   4   2   0   0   0 -1.8467   1   1
   1   1   4   3   2   0   0   0  1.8467   1   1
   1   1   4   4   0   0   0   0-17.6538   1   1
   1   1   4   4   2   0   0   0 -0.1364   1   1
   1   2   3   3   2   0   0   0 -1.8467   1   1
   1   2   3   4   2   0   0   0  5.9830   1   1
   1   2   3   4   4   0   0   0 -8.3531   1   1
   1   2   4   3   2   0   0   0 -5.5944   1   1
   1   2   4   3   4   0   0   0 12.9624   1   1
   1   2   4   4   2   0   0   0  4.4226   1   1
   1   2   4   4   4   0   0   0 10.1520   1   1
   2   1   3   3   2   0   0   0  1.8467   1   1
   2   1   3   4   2   0   0   0 -5.5944   1   1
   2   1   3   4   4   0   0   0 12.9624   1   1
   2   1   4   3   2   0   0   0  5.9830   1   1
   2   1   4   3   4   0   0   0 -8.3531   1   1
   2   1   4   4   2   0   0   0 -4.4226   1   1
   2   1   4   4   4   0   0   0-10.1520   1   1
   2   2   3   3   0   0   0   0-17.6538   1   1
   2   2   3   3   2   0   0   0 -0.1364   1   1
   2   2   3   4   2   0   0   0  4.4226   1   1
   2   2   3   4   4   0   0   0 10.1520   1   1
   2   2   4   3   2   0   0   0 -4.4226   1   1
   2   2   4   3   4   0   0   0-10.1520   1   1
   2   2   4   4   0   0   0   0-25.4184   1   1
   2   2   4   4   2   0   0   0 10.0991   1   1
   2   2   4   4   4   0   0   0 -8.8943   1   1
   2   2   4   4   6   0   0   0  5.4537   1   1
   3   3   1   1   0   0   0   0-11.9207   1   1
   3   3   1   1   2   0   0   0  5.4188   1   1
   3   3   1   2   2   0   0   0 -1.8467   1   1
   3   3   2   1   2   0   0   0  1.8467   1   1
   3   3   2   2   0   0   0   0-17.6538   1   1
   3   3   2   2   2   0   0   0 -0.1364   1   1
   3   4   1   1   2   0   0   0 -1.8467   1   1
   3   4   1   2   2   0   0   0  5.9830   1   1
   3   4   1   2   4   0   0   0 -8.3531   1   1
   3   4   2   1   2   0   0   0 -5.5944   1   1
   3   4   2   1   4   0   0   0 12.9624   1   1
   3   4   2   2   2   0   0   0  4.4226   1   1
   3   4   2   2   4   0   0   0 10.1520   1   1
   4   3   1   1   2   0   0   0  1.8467   1   1
   4   3   1   2   2   0   0   0 -5.5944   1   1
   4   3   1   2   4   0   0   0 12.9624   1   1
   4   3   2   1   2   0   0   0  5.9830   1   1
   4   3   2   1   4   0   0   0 -8.3531   1   1
   4   3   2   2   2   0   0   0 -4.4226   1   1
   4   3   2   2   4   0   0   0-10.1520   1   1
   4   4   1   1   0   0   0   0-17.6538   1   1
   4   4   1   1   2   0   0   0 -0.1364   1   1
   4   4   1   2   2   0   0   0  4.4226   1   1
   4   4   1   2   4   0   0   0 10.1520   1   1
   4   4   2   1   2   0   0   0 -4.4226   1   1
   4   4   2   1   4   0   0   0-10.1520   1   1
   4   4   2   2   0   0   0   0-25.4184   1   1
   4   4   2   2   2   0   0   0 10.0991   1   1
   4   4   2   2   4   0   0   0 -8.8943   1   1
   4   4   2   2   6   0   0   0  5.4537   1   1
