 ! Total Interaction
  20
   1   1   1   1     1     0  -7.5246
   1   2   1   1     1     0  -1.5078
   2   2   1   1     1     0   5.6841
   1   1   1   2     1     0  -1.5078
   1   2   1   2     1     0 -12.7425
   2   2   1   2     1     0  -8.9841
   1   1   2   2     1     0   5.6841
   1   2   2   2     1     0  -8.9841
   2   2   2   2     1     0  -6.3065
   1   2   1   2     2     0 -10.0759
   2   2   2   2     3     0 -10.0759
   1   1   1   1     0     1  -1.2675
   2   2   1   1     0     1  -2.9399
   1   1   2   2     0     1  -2.9399
   2   2   2   2     0     1  -3.3464
   1   2   1   2     1     1   0.1349
   1   2   1   2     2     1  -2.3325
   2   2   1   2     2     1   0.7880
   1   2   2   2     2     1   0.7880
   2   2   2   2     2     1  -1.7753
