      1      2      1      2  -1.25310000000000     
      2      4      1      2  0.000000000000000E+000
      1      5      1      2  0.000000000000000E+000
      4      5      1      2   1.79322279708908     
      3      6      1      2  -1.79322279708908     
      1      3      1      3  -1.99450000000000     
      3      4      1      3 -0.716900000000000     
      2      3      2      3 -0.473725000000000     
      1      4      2      3 -0.878019855626853     
      3      5      2      3 -0.358450000000000     
      2      3      1      4 -0.878019855626853     
      1      4      1      4  -1.48757500000000     
      3      5      1      4 -0.620853611973064     
      1      2      2      4  0.000000000000000E+000
      2      4      2      4 -0.980650000000000     
      1      5      2      4  -1.01385000000000     
      4      5      2      4 -0.358450000000000     
      3      6      2      4 -0.358450000000000     
      1      3      3      4 -0.716900000000000     
      3      4      3      4  -1.48760000000000     
      1      2      1      5  0.000000000000000E+000
      2      4      1      5  -1.01385000000000     
      1      5      1      5 -0.980650000000000     
      4      5      1      5 -0.358450000000000     
      3      6      1      5 -0.358450000000000     
      2      5      2      5  -1.48757500000000     
      1      6      2      5 -0.878019855626853     
      4      6      2      5 -0.620853611973064     
      2      3      3      5 -0.358450000000000     
      1      4      3      5 -0.620853611973064     
      3      5      3      5  -1.48760000000000     
      1      2      4      5   1.79322279708908     
      2      4      4      5 -0.358450000000000     
      1      5      4      5 -0.358450000000000     
      4      5      4      5  -2.26700000000000     
      3      6      4      5  0.779400000000000     
      2      5      1      6 -0.878019855626853     
      1      6      1      6 -0.473725000000000     
      4      6      1      6 -0.358450000000000     
      2      6      2      6  -1.99450000000000     
      5      6      2      6 -0.716900000000000     
      1      2      3      6  -1.79322279708908     
      2      4      3      6 -0.358450000000000     
      1      5      3      6 -0.358450000000000     
      4      5      3      6  0.779400000000000     
      3      6      3      6  -2.26700000000000     
      2      5      4      6 -0.620853611973064     
      1      6      4      6 -0.358450000000000     
      4      6      4      6  -1.48760000000000     
      2      6      5      6 -0.716900000000000     
      5      6      5      6  -1.48760000000000     
      1      7      1      7  -6.22600000000000     
      4      7      1      7  0.463190297016248     
      3      8      1      7 -0.802269128005061     
      2      9      1      7 -0.802269128005061     
      5      9      1      7   2.71741592455038     
      1     10      1      7  0.463190297016248     
      4     10      1      7  -3.13780163107868     
      3     11      1      7   2.71741592455038     
      2      7      2      7  -3.73955000000000     
      5      7      2      7  0.463190297016248     
      1      8      2      7  -2.48645000000000     
      4      8      2      7 -0.463190297016248     
      6      9      2      7   1.45673982476447     
      2     10      2      7 -0.463190297016248     
      5     10      2      7  0.112160990774873     
      1     11      2      7  0.463190297016248     
      4     11      2      7  -1.68106180631421     
      3     12      2      7   3.24996262185355     
      3      7      3      7  -5.22220000000000     
      1      9      3      7  -3.22770000000000     
      4      9      3      7 -0.358450000000000     
      3     10      3      7  0.358450000000000     
      1      7      4      7  0.463190297016248     
      4      7      4      7  -5.26190000000000     
      3      8      4      7  6.876241706048547E-002
      2      9      4      7  0.946782272687338     
      5      9      4      7   1.20995153640065     
      1     10      4      7  -3.77432500000000     
      4     10      4      7  -1.75558169049464     
      3     11      4      7   1.83080514837372     
      2      7      5      7  0.463190297016248     
      5      7      5      7  -5.30160000000000     
      1      8      5      7  0.463190297016248     
      4      8      5      7  7.940000000000097E-002
      6      9      5      7   2.45414753574195     
      2     10      5      7   1.09325000000000     
      5     10      5      7  -1.05701584524732     
      1     11      5      7  -4.32095000000000     
      4     11      5      7 -0.698565845247318     
      3     12      5      7   2.81259753574195     
      6      7      6      7  -5.34130000000000     
      2      8      6      7  0.802269128005061     
      5      8      6      7  6.876241706048591E-002
      6     10      6      7   2.45414753574195     
      2     11      6      7  0.946782272687339     
      5     11      6      7  -3.04075668477437     
      1     12      6      7  -4.86757500000000     
      4     12      6      7   2.81259753574195     
      2      7      1      8  -2.48645000000000     
      5      7      1      8  0.463190297016248     
      1      8      1      8  -3.73955000000000     
      4      8      1      8 -0.463190297016248     
      6      9      1      8   3.24996262185355     
      2     10      1      8 -0.463190297016248     
      5     10      1      8  -1.68106180631421     
      1     11      1      8  0.463190297016248     
      4     11      1      8  0.112160990774873     
      3     12      1      8   1.45673982476447     
      6      7      2      8  0.802269128005061     
      2      8      2      8  -6.22600000000000     
      5      8      2      8 -0.463190297016248     
      6     10      2      8   2.71741592455038     
      2     11      2      8 -0.463190297016248     
      5     11      2      8  -3.13780163107868     
      1     12      2      8  0.802269128005061     
      4     12      2      8   2.71741592455038     
      1      7      3      8 -0.802269128005061     
      4      7      3      8  6.876241706048591E-002
      3      8      3      8  -5.34130000000000     
      2      9      3      8  -4.86757500000000     
      5      9      3      8  -2.81259753574195     
      1     10      3      8  0.946782272687339     
      4     10      3      8   3.04075668477437     
      3     11      3      8  -2.45414753574195     
      2      7      4      8 -0.463190297016248     
      5      7      4      8  7.940000000000097E-002
      1      8      4      8 -0.463190297016248     
      4      8      4      8  -5.30160000000000     
      6      9      4      8  -2.81259753574195     
      2     10      4      8  -4.32095000000000     
      5     10      4      8  0.698565845247318     
      1     11      4      8   1.09325000000000     
      4     11      4      8   1.05701584524732     
      3     12      4      8  -2.45414753574195     
      6      7      5      8  6.876241706048547E-002
      2      8      5      8 -0.463190297016248     
      5      8      5      8  -5.26190000000000     
      6     10      5      8  -1.83080514837372     
      2     11      5      8  -3.77432500000000     
      5     11      5      8   1.75558169049464     
      1     12      5      8  0.946782272687338     
      4     12      5      8  -1.20995153640065     
      6      8      6      8  -5.22220000000000     
      6     11      6      8 -0.358450000000000     
      2     12      6      8  -3.22770000000000     
      5     12      6      8  0.358450000000000     
      7      8      7      8  -1.25310000000000     
      8     10      7      8  0.000000000000000E+000
      7     11      7      8  0.000000000000000E+000
     10     11      7      8   1.79322279708908     
      9     12      7      8  -1.79322279708908     
      3      7      1      9  -3.22770000000000     
      1      9      1      9  -5.22220000000000     
      4      9      1      9  0.358450000000000     
      3     10      1      9 -0.358450000000000     
      1      7      2      9 -0.802269128005061     
      4      7      2      9  0.946782272687339     
      3      8      2      9  -4.86757500000000     
      2      9      2      9  -5.34130000000000     
      5      9      2      9  -2.45414753574195     
      1     10      2      9  6.876241706048591E-002
      4     10      2      9   3.04075668477437     
      3     11      2      9  -2.81259753574195     
      3      9      3      9  -8.44990000000000     
      3      7      4      9 -0.358450000000000     
      1      9      4      9  0.358450000000000     
      4      9      4      9  -4.96875000000000     
      3     10      4      9  -3.48115000000000     
      1      7      5      9   2.71741592455038     
      4      7      5      9   1.20995153640065     
      3      8      5      9  -2.81259753574195     
      2      9      5      9  -2.45414753574195     
      5      9      5      9  -3.98616000000000     
      1     10      5      9   1.83080514837372     
      4     10      5      9  -1.13459720200607     
      3     11      5      9  -2.49856000000000     
      2      7      6      9   1.45673982476447     
      5      7      6      9   2.45414753574195     
      1      8      6      9   3.24996262185355     
      4      8      6      9  -2.81259753574195     
      6      9      6      9  -3.88456500000000     
      2     10      6      9  -2.45414753574195     
      5     10      6      9 -0.101594999999998     
      1     11      6      9   2.81259753574195     
      4     11      6      9 -0.880994999999998     
      3     12      6      9  -1.61756500000000     
      7      9      7      9  -1.99450000000000     
      9     10      7      9 -0.716900000000000     
      8      9      8      9 -0.473725000000000     
      7     10      8      9 -0.878019855626853     
      9     11      8      9 -0.358450000000000     
      1      7      1     10  0.463190297016248     
      4      7      1     10  -3.77432500000000     
      3      8      1     10  0.946782272687338     
      2      9      1     10  6.876241706048547E-002
      5      9      1     10   1.83080514837372     
      1     10      1     10  -5.26190000000000     
      4     10      1     10  -1.75558169049464     
      3     11      1     10   1.20995153640065     
      2      7      2     10 -0.463190297016248     
      5      7      2     10   1.09325000000000     
      1      8      2     10 -0.463190297016248     
      4      8      2     10  -4.32095000000000     
      6      9      2     10  -2.45414753574195     
      2     10      2     10  -5.30160000000000     
      5     10      2     10   1.05701584524732     
      1     11      2     10  7.940000000000097E-002
      4     11      2     10  0.698565845247318     
      3     12      2     10  -2.81259753574195     
      3      7      3     10  0.358450000000000     
      1      9      3     10 -0.358450000000000     
      4      9      3     10  -3.48115000000000     
      3     10      3     10  -4.96875000000000     
      1      7      4     10  -3.13780163107868     
      4      7      4     10  -1.75558169049464     
      3      8      4     10   3.04075668477437     
      2      9      4     10   3.04075668477437     
      5      9      4     10  -1.13459720200607     
      1     10      4     10  -1.75558169049464     
      4     10      4     10  -7.13978000000000     
      3     11      4     10  -1.13459720200607     
      2      7      5     10  0.112160990774873     
      5      7      5     10  -1.05701584524732     
      1      8      5     10  -1.68106180631421     
      4      8      5     10  0.698565845247318     
      6      9      5     10 -0.101594999999998     
      2     10      5     10   1.05701584524732     
      5     10      5     10  -5.19468500000000     
      1     11      5     10 -0.698565845247318     
      4     11      5     10  -2.92768500000000     
      3     12      5     10 -0.880994999999998     
      6      7      6     10   2.45414753574195     
      2      8      6     10   2.71741592455038     
      5      8      6     10  -1.83080514837372     
      6     10      6     10  -3.98616000000000     
      2     11      6     10  -1.20995153640065     
      5     11      6     10  -1.13459720200607     
      1     12      6     10   2.81259753574195     
      4     12      6     10  -2.49856000000000     
      8      9      7     10 -0.878019855626853     
      7     10      7     10  -1.48757500000000     
      9     11      7     10 -0.620853611973064     
      7      8      8     10  0.000000000000000E+000
      8     10      8     10 -0.980650000000000     
      7     11      8     10  -1.01385000000000     
     10     11      8     10 -0.358450000000000     
      9     12      8     10 -0.358450000000000     
      7      9      9     10 -0.716900000000000     
      9     10      9     10  -1.48760000000000     
      2      7      1     11  0.463190297016248     
      5      7      1     11  -4.32095000000000     
      1      8      1     11  0.463190297016248     
      4      8      1     11   1.09325000000000     
      6      9      1     11   2.81259753574195     
      2     10      1     11  7.940000000000097E-002
      5     10      1     11 -0.698565845247318     
      1     11      1     11  -5.30160000000000     
      4     11      1     11  -1.05701584524732     
      3     12      1     11   2.45414753574195     
      6      7      2     11  0.946782272687338     
      2      8      2     11 -0.463190297016248     
      5      8      2     11  -3.77432500000000     
      6     10      2     11  -1.20995153640065     
      2     11      2     11  -5.26190000000000     
      5     11      2     11   1.75558169049464     
      1     12      2     11  6.876241706048547E-002
      4     12      2     11  -1.83080514837372     
      1      7      3     11   2.71741592455038     
      4      7      3     11   1.83080514837372     
      3      8      3     11  -2.45414753574195     
      2      9      3     11  -2.81259753574195     
      5      9      3     11  -2.49856000000000     
      1     10      3     11   1.20995153640065     
      4     10      3     11  -1.13459720200607     
      3     11      3     11  -3.98616000000000     
      2      7      4     11  -1.68106180631421     
      5      7      4     11 -0.698565845247318     
      1      8      4     11  0.112160990774873     
      4      8      4     11   1.05701584524732     
      6      9      4     11 -0.880994999999998     
      2     10      4     11  0.698565845247318     
      5     10      4     11  -2.92768500000000     
      1     11      4     11  -1.05701584524732     
      4     11      4     11  -5.19468500000000     
      3     12      4     11 -0.101594999999998     
      6      7      5     11  -3.04075668477437     
      2      8      5     11  -3.13780163107868     
      5      8      5     11   1.75558169049464     
      6     10      5     11  -1.13459720200607     
      2     11      5     11   1.75558169049464     
      5     11      5     11  -7.13978000000000     
      1     12      5     11  -3.04075668477437     
      4     12      5     11  -1.13459720200607     
      6      8      6     11 -0.358450000000000     
      6     11      6     11  -4.96875000000000     
      2     12      6     11  0.358450000000000     
      5     12      6     11  -3.48115000000000     
      7      8      7     11  0.000000000000000E+000
      8     10      7     11  -1.01385000000000     
      7     11      7     11 -0.980650000000000     
     10     11      7     11 -0.358450000000000     
      9     12      7     11 -0.358450000000000     
      8     11      8     11  -1.48757500000000     
      7     12      8     11 -0.878019855626853     
     10     12      8     11 -0.620853611973064     
      8      9      9     11 -0.358450000000000     
      7     10      9     11 -0.620853611973064     
      9     11      9     11  -1.48760000000000     
      7      8     10     11   1.79322279708908     
      8     10     10     11 -0.358450000000000     
      7     11     10     11 -0.358450000000000     
     10     11     10     11  -2.26700000000000     
      9     12     10     11  0.779400000000000     
      6      7      1     12  -4.86757500000000     
      2      8      1     12  0.802269128005061     
      5      8      1     12  0.946782272687339     
      6     10      1     12   2.81259753574195     
      2     11      1     12  6.876241706048591E-002
      5     11      1     12  -3.04075668477437     
      1     12      1     12  -5.34130000000000     
      4     12      1     12   2.45414753574195     
      6      8      2     12  -3.22770000000000     
      6     11      2     12  0.358450000000000     
      2     12      2     12  -5.22220000000000     
      5     12      2     12 -0.358450000000000     
      2      7      3     12   3.24996262185355     
      5      7      3     12   2.81259753574195     
      1      8      3     12   1.45673982476447     
      4      8      3     12  -2.45414753574195     
      6      9      3     12  -1.61756500000000     
      2     10      3     12  -2.81259753574195     
      5     10      3     12 -0.880994999999998     
      1     11      3     12   2.45414753574195     
      4     11      3     12 -0.101594999999998     
      3     12      3     12  -3.88456500000000     
      6      7      4     12   2.81259753574195     
      2      8      4     12   2.71741592455038     
      5      8      4     12  -1.20995153640065     
      6     10      4     12  -2.49856000000000     
      2     11      4     12  -1.83080514837372     
      5     11      4     12  -1.13459720200607     
      1     12      4     12   2.45414753574195     
      4     12      4     12  -3.98616000000000     
      6      8      5     12  0.358450000000000     
      6     11      5     12  -3.48115000000000     
      2     12      5     12 -0.358450000000000     
      5     12      5     12  -4.96875000000000     
      6     12      6     12  -8.44990000000000     
      8     11      7     12 -0.878019855626853     
      7     12      7     12 -0.473725000000000     
     10     12      7     12 -0.358450000000000     
      8     12      8     12  -1.99450000000000     
     11     12      8     12 -0.716900000000000     
      7      8      9     12  -1.79322279708908     
      8     10      9     12 -0.358450000000000     
      7     11      9     12 -0.358450000000000     
     10     11      9     12  0.779400000000000     
      9     12      9     12  -2.26700000000000     
      8     11     10     12 -0.620853611973064     
      7     12     10     12 -0.358450000000000     
     10     12     10     12  -1.48760000000000     
      8     12     11     12 -0.716900000000000     
     11     12     11     12  -1.48760000000000     
