 ! Total Interaction
  20
   1   1   1   1     1     0  -6.2260
   1   2   1   1     1     0  -1.3101
   2   2   1   1     1     0   4.9613
   1   1   1   2     1     0  -1.3101
   1   2   1   2     1     0 -10.7952
   2   2   1   2     1     0  -7.8512
   1   1   2   2     1     0   4.9613
   1   2   2   2     1     0  -7.8512
   2   2   2   2     1     0  -5.1746
   1   2   1   2     2     0  -8.4499
   2   2   2   2     3     0  -8.4499
   1   1   1   1     0     1  -1.2531
   2   2   1   1     0     1  -2.5360
   1   1   2   2     0     1  -2.5360
   2   2   2   2     0     1  -3.0464
   1   2   1   2     1     1   0.0332
   1   2   1   2     2     1  -1.9945
   2   2   1   2     2     1   0.7169
   1   2   2   2     2     1   0.7169
   2   2   2   2     2     1  -1.4876
