      1      1      1      1           2           0   4.30665773047964     
      1      1      1      1           0           0  -9.96555000000000     
      1      1      1      2           2           0  -1.60453825601012     
      1      1      2      1           2           0  -1.60453825601012     
      1      1      2      2           4           0  -7.26713734679798     
      1      1      2      2           2           0   5.24056331445141     
      1      2      1      1           2           0   1.60453825601012     
      1      2      1      2           2           0 -0.217445855329551     
      1      2      1      2           0           0  -14.9390449661282     
      1      2      2      1           4           0   10.8842285855785     
      1      2      2      1           2           0  -4.64375811890273     
      1      2      2      2           4           0   8.89421435432141     
      1      2      2      2           2           0   3.82620271344619     
      2      1      1      1           2           0   1.60453825601012     
      2      1      1      2           4           0   10.8842285855785     
      2      1      1      2           2           0  -4.64375811890273     
      2      1      2      1           2           0 -0.217445855329551     
      2      1      2      1           0           0  -14.9390449661282     
      2      1      2      2           4           0   8.89421435432141     
      2      1      2      2           2           0   3.82620271344619     
      2      2      1      1           4           0  -7.26713734679798     
      2      2      1      1           2           0   5.24056331445142     
      2      2      1      2           4           0  -8.89421435432141     
      2      2      1      2           2           0  -3.82620271344619     
      2      2      2      1           4           0  -8.89421435432141     
      2      2      2      1           2           0  -3.82620271344619     
      2      2      2      2           6           0   4.27967471948220     
      2      2      2      2           4           0  -7.55691471369930     
      2      2      2      2           2           0   8.47469077457549     
      2      2      2      2           0           0  -21.2893750000000     
      1      1      1      1           2           0   4.30665773047964     
      1      1      1      1           0           0  -9.96555000000000     
      1      1      1      2           2           0  -1.60453825601012     
      1      1      2      1           2           0  -1.60453825601012     
      1      1      2      2           4           0  -7.26713734679798     
      1      1      2      2           2           0   5.24056331445141     
      1      2      1      1           2           0   1.60453825601012     
      1      2      1      2           2           0 -0.217445855329551     
      1      2      1      2           0           0  -14.9390449661282     
      1      2      2      1           4           0   10.8842285855785     
      1      2      2      1           2           0  -4.64375811890273     
      1      2      2      2           4           0   8.89421435432141     
      1      2      2      2           2           0   3.82620271344619     
      2      1      1      1           2           0   1.60453825601012     
      2      1      1      2           4           0   10.8842285855785     
      2      1      1      2           2           0  -4.64375811890273     
      2      1      2      1           2           0 -0.217445855329551     
      2      1      2      1           0           0  -14.9390449661282     
      2      1      2      2           4           0   8.89421435432141     
      2      1      2      2           2           0   3.82620271344619     
      2      2      1      1           4           0  -7.26713734679798     
      2      2      1      1           2           0   5.24056331445142     
      2      2      1      2           4           0  -8.89421435432141     
      2      2      1      2           2           0  -3.82620271344619     
      2      2      2      1           4           0  -8.89421435432141     
      2      2      2      1           2           0  -3.82620271344619     
      2      2      2      2           6           0   4.27967471948220     
      2      2      2      2           4           0  -7.55691471369930     
      2      2      2      2           2           0   8.47469077457549     
      2      2      2      2           0           0  -21.2893750000000     
          60           6
   1   1   3   3   0   0   0   0 -9.9656   1   1
   1   1   3   3   2   0   0   0  4.3067   1   1
   1   1   3   4   2   0   0   0 -1.6045   1   1
   1   1   4   3   2   0   0   0  1.6045   1   1
   1   1   4   4   0   0   0   0-14.9390   1   1
   1   1   4   4   2   0   0   0 -0.2174   1   1
   1   2   3   3   2   0   0   0 -1.6045   1   1
   1   2   3   4   2   0   0   0  5.2406   1   1
   1   2   3   4   4   0   0   0 -7.2671   1   1
   1   2   4   3   2   0   0   0 -4.6438   1   1
   1   2   4   3   4   0   0   0 10.8842   1   1
   1   2   4   4   2   0   0   0  3.8262   1   1
   1   2   4   4   4   0   0   0  8.8942   1   1
   2   1   3   3   2   0   0   0  1.6045   1   1
   2   1   3   4   2   0   0   0 -4.6438   1   1
   2   1   3   4   4   0   0   0 10.8842   1   1
   2   1   4   3   2   0   0   0  5.2406   1   1
   2   1   4   3   4   0   0   0 -7.2671   1   1
   2   1   4   4   2   0   0   0 -3.8262   1   1
   2   1   4   4   4   0   0   0 -8.8942   1   1
   2   2   3   3   0   0   0   0-14.9390   1   1
   2   2   3   3   2   0   0   0 -0.2174   1   1
   2   2   3   4   2   0   0   0  3.8262   1   1
   2   2   3   4   4   0   0   0  8.8942   1   1
   2   2   4   3   2   0   0   0 -3.8262   1   1
   2   2   4   3   4   0   0   0 -8.8942   1   1
   2   2   4   4   0   0   0   0-21.2894   1   1
   2   2   4   4   2   0   0   0  8.4747   1   1
   2   2   4   4   4   0   0   0 -7.5569   1   1
   2   2   4   4   6   0   0   0  4.2797   1   1
   3   3   1   1   0   0   0   0 -9.9656   1   1
   3   3   1   1   2   0   0   0  4.3067   1   1
   3   3   1   2   2   0   0   0 -1.6045   1   1
   3   3   2   1   2   0   0   0  1.6045   1   1
   3   3   2   2   0   0   0   0-14.9390   1   1
   3   3   2   2   2   0   0   0 -0.2174   1   1
   3   4   1   1   2   0   0   0 -1.6045   1   1
   3   4   1   2   2   0   0   0  5.2406   1   1
   3   4   1   2   4   0   0   0 -7.2671   1   1
   3   4   2   1   2   0   0   0 -4.6438   1   1
   3   4   2   1   4   0   0   0 10.8842   1   1
   3   4   2   2   2   0   0   0  3.8262   1   1
   3   4   2   2   4   0   0   0  8.8942   1   1
   4   3   1   1   2   0   0   0  1.6045   1   1
   4   3   1   2   2   0   0   0 -4.6438   1   1
   4   3   1   2   4   0   0   0 10.8842   1   1
   4   3   2   1   2   0   0   0  5.2406   1   1
   4   3   2   1   4   0   0   0 -7.2671   1   1
   4   3   2   2   2   0   0   0 -3.8262   1   1
   4   3   2   2   4   0   0   0 -8.8942   1   1
   4   4   1   1   0   0   0   0-14.9390   1   1
   4   4   1   1   2   0   0   0 -0.2174   1   1
   4   4   1   2   2   0   0   0  3.8262   1   1
   4   4   1   2   4   0   0   0  8.8942   1   1
   4   4   2   1   2   0   0   0 -3.8262   1   1
   4   4   2   1   4   0   0   0 -8.8942   1   1
   4   4   2   2   0   0   0   0-21.2894   1   1
   4   4   2   2   2   0   0   0  8.4747   1   1
   4   4   2   2   4   0   0   0 -7.5569   1   1
   4   4   2   2   6   0   0   0  4.2797   1   1
