      1      1      1      1           2           0   5.24828715201445     
      1      1      1      1           0           0  -11.5339000000000     
      1      1      1      2           2           0 -0.341826293605393     
      1      1      2      1           2           0 -0.341826293605393     
      1      1      2      2           4           0  -6.23431345777976     
      1      1      2      2           2           0   2.05031688286133     
      1      2      1      1           2           0  0.341826293605393     
      1      2      1      2           2           0  0.327195762789650     
      1      2      1      2           0           0  -15.8646300650319     
      1      2      2      1           4           0   11.7303846591142     
      1      2      2      1           2           0  -3.24333008907800     
      1      2      2      2           4           0   7.37849349670947     
      1      2      2      2           2           0   1.52191014157079     
      2      1      1      1           2           0  0.341826293605393     
      2      1      1      2           4           0   11.7303846591142     
      2      1      1      2           2           0  -3.24333008907800     
      2      1      2      1           2           0  0.327195762789650     
      2      1      2      1           0           0  -15.8646300650319     
      2      1      2      2           4           0   7.37849349670947     
      2      1      2      2           2           0   1.52191014157079     
      2      2      1      1           4           0  -6.23431345777976     
      2      2      1      1           2           0   2.05031688286133     
      2      2      1      2           4           0  -7.37849349670947     
      2      2      1      2           2           0  -1.52191014157079     
      2      2      2      1           4           0  -7.37849349670947     
      2      2      2      1           2           0  -1.52191014157079     
      2      2      2      2           6           0   6.50315089254433     
      2      2      2      2           4           0  -8.08499570760554     
      2      2      2      2           2           0   5.46576345141280     
      2      2      2      2           0           0  -23.8705000000000     
      1      1      1      1           2           0   5.24828715201445     
      1      1      1      1           0           0  -11.5339000000000     
      1      1      1      2           2           0 -0.341826293605393     
      1      1      2      1           2           0 -0.341826293605393     
      1      1      2      2           4           0  -6.23431345777976     
      1      1      2      2           2           0   2.05031688286133     
      1      2      1      1           2           0  0.341826293605393     
      1      2      1      2           2           0  0.327195762789650     
      1      2      1      2           0           0  -15.8646300650319     
      1      2      2      1           4           0   11.7303846591142     
      1      2      2      1           2           0  -3.24333008907800     
      1      2      2      2           4           0   7.37849349670947     
      1      2      2      2           2           0   1.52191014157079     
      2      1      1      1           2           0  0.341826293605393     
      2      1      1      2           4           0   11.7303846591142     
      2      1      1      2           2           0  -3.24333008907800     
      2      1      2      1           2           0  0.327195762789650     
      2      1      2      1           0           0  -15.8646300650319     
      2      1      2      2           4           0   7.37849349670947     
      2      1      2      2           2           0   1.52191014157079     
      2      2      1      1           4           0  -6.23431345777976     
      2      2      1      1           2           0   2.05031688286133     
      2      2      1      2           4           0  -7.37849349670947     
      2      2      1      2           2           0  -1.52191014157079     
      2      2      2      1           4           0  -7.37849349670947     
      2      2      2      1           2           0  -1.52191014157079     
      2      2      2      2           6           0   6.50315089254433     
      2      2      2      2           4           0  -8.08499570760554     
      2      2      2      2           2           0   5.46576345141280     
      2      2      2      2           0           0  -23.8705000000000     
          60           6
   1   1   3   3   0   0   0   0-11.5339   1   1
   1   1   3   3   2   0   0   0  5.2483   1   1
   1   1   3   4   2   0   0   0 -0.3418   1   1
   1   1   4   3   2   0   0   0  0.3418   1   1
   1   1   4   4   0   0   0   0-15.8646   1   1
   1   1   4   4   2   0   0   0  0.3272   1   1
   1   2   3   3   2   0   0   0 -0.3418   1   1
   1   2   3   4   2   0   0   0  2.0503   1   1
   1   2   3   4   4   0   0   0 -6.2343   1   1
   1   2   4   3   2   0   0   0 -3.2433   1   1
   1   2   4   3   4   0   0   0 11.7304   1   1
   1   2   4   4   2   0   0   0  1.5219   1   1
   1   2   4   4   4   0   0   0  7.3785   1   1
   2   1   3   3   2   0   0   0  0.3418   1   1
   2   1   3   4   2   0   0   0 -3.2433   1   1
   2   1   3   4   4   0   0   0 11.7304   1   1
   2   1   4   3   2   0   0   0  2.0503   1   1
   2   1   4   3   4   0   0   0 -6.2343   1   1
   2   1   4   4   2   0   0   0 -1.5219   1   1
   2   1   4   4   4   0   0   0 -7.3785   1   1
   2   2   3   3   0   0   0   0-15.8646   1   1
   2   2   3   3   2   0   0   0  0.3272   1   1
   2   2   3   4   2   0   0   0  1.5219   1   1
   2   2   3   4   4   0   0   0  7.3785   1   1
   2   2   4   3   2   0   0   0 -1.5219   1   1
   2   2   4   3   4   0   0   0 -7.3785   1   1
   2   2   4   4   0   0   0   0-23.8705   1   1
   2   2   4   4   2   0   0   0  5.4658   1   1
   2   2   4   4   4   0   0   0 -8.0850   1   1
   2   2   4   4   6   0   0   0  6.5032   1   1
   3   3   1   1   0   0   0   0-11.5339   1   1
   3   3   1   1   2   0   0   0  5.2483   1   1
   3   3   1   2   2   0   0   0 -0.3418   1   1
   3   3   2   1   2   0   0   0  0.3418   1   1
   3   3   2   2   0   0   0   0-15.8646   1   1
   3   3   2   2   2   0   0   0  0.3272   1   1
   3   4   1   1   2   0   0   0 -0.3418   1   1
   3   4   1   2   2   0   0   0  2.0503   1   1
   3   4   1   2   4   0   0   0 -6.2343   1   1
   3   4   2   1   2   0   0   0 -3.2433   1   1
   3   4   2   1   4   0   0   0 11.7304   1   1
   3   4   2   2   2   0   0   0  1.5219   1   1
   3   4   2   2   4   0   0   0  7.3785   1   1
   4   3   1   1   2   0   0   0  0.3418   1   1
   4   3   1   2   2   0   0   0 -3.2433   1   1
   4   3   1   2   4   0   0   0 11.7304   1   1
   4   3   2   1   2   0   0   0  2.0503   1   1
   4   3   2   1   4   0   0   0 -6.2343   1   1
   4   3   2   2   2   0   0   0 -1.5219   1   1
   4   3   2   2   4   0   0   0 -7.3785   1   1
   4   4   1   1   0   0   0   0-15.8646   1   1
   4   4   1   1   2   0   0   0  0.3272   1   1
   4   4   1   2   2   0   0   0  1.5219   1   1
   4   4   1   2   4   0   0   0  7.3785   1   1
   4   4   2   1   2   0   0   0 -1.5219   1   1
   4   4   2   1   4   0   0   0 -7.3785   1   1
   4   4   2   2   0   0   0   0-23.8705   1   1
   4   4   2   2   2   0   0   0  5.4658   1   1
   4   4   2   2   4   0   0   0 -8.0850   1   1
   4   4   2   2   6   0   0   0  6.5032   1   1
