      1      2      1      2  -1.22180000000000     
      2      4      1      2  0.000000000000000E+000
      1      5      1      2  0.000000000000000E+000
      4      5      1      2   2.59727391797631     
      3      6      1      2  -2.59727391797631     
      1      3      1      3  -2.98270000000000     
      3      4      1      3  -1.49970000000000     
      2      3      2      3 -0.273400000000000     
      1      4      2      3  -1.56421508431545     
      3      5      2      3 -0.749850000000000     
      2      3      1      4  -1.56421508431545     
      1      4      1      4  -2.07960000000000     
      3      5      1      4  -1.29877829805552     
      1      2      2      4  0.000000000000000E+000
      2      4      2      4  -1.17650000000000     
      1      5      2      4  -1.80620000000000     
      4      5      2      4 -0.749850000000000     
      3      6      2      4 -0.749850000000000     
      1      3      3      4  -1.49970000000000     
      3      4      3      4  -1.92220000000000     
      1      2      1      5  0.000000000000000E+000
      2      4      1      5  -1.80620000000000     
      1      5      1      5  -1.17650000000000     
      4      5      1      5 -0.749850000000000     
      3      6      1      5 -0.749850000000000     
      2      5      2      5  -2.07960000000000     
      1      6      2      5  -1.56421508431545     
      4      6      2      5  -1.29877829805552     
      2      3      3      5 -0.749850000000000     
      1      4      3      5  -1.29877829805552     
      3      5      3      5  -1.92220000000000     
      1      2      4      5   2.59727391797631     
      2      4      4      5 -0.749850000000000     
      1      5      4      5 -0.749850000000000     
      4      5      4      5  -2.87065000000000     
      3      6      4      5  0.948450000000000     
      2      5      1      6  -1.56421508431545     
      1      6      1      6 -0.273400000000000     
      4      6      1      6 -0.749850000000000     
      2      6      2      6  -2.98270000000000     
      5      6      2      6  -1.49970000000000     
      1      2      3      6  -2.59727391797631     
      2      4      3      6 -0.749850000000000     
      1      5      3      6 -0.749850000000000     
      4      5      3      6  0.948450000000000     
      3      6      3      6  -2.87065000000000     
      2      5      4      6  -1.29877829805552     
      1      6      4      6 -0.749850000000000     
      4      6      4      6  -1.92220000000000     
      2      6      5      6  -1.49970000000000     
      5      6      5      6  -1.92220000000000     
      1      7      1      7  -7.28200000000000     
      4      7      1      7  9.867675131458274E-002
      3      8      1      7 -0.170913146802696     
      2      9      1      7 -0.170913146802696     
      5      9      1      7   1.71984883056622     
      1     10      1      7  9.867675131458274E-002
      4     10      1      7  -1.98591037058574     
      3     11      1      7   1.71984883056622     
      2      7      2      7  -4.25190000000000     
      5      7      2      7  9.867675131458274E-002
      1      8      2      7  -3.03010000000000     
      4      8      2      7 -9.867675131458274E-002
      6      9      2      7  0.190795818951153     
      2     10      2      7 -9.867675131458274E-002
      5     10      2      7  0.802159366341718     
      1     11      2      7  9.867675131458274E-002
      4     11      2      7  -1.79511455163459     
      3     12      2      7   2.78806973692746     
      3      7      3      7  -5.69860000000000     
      1      9      3      7  -2.71590000000000     
      4      9      3      7 -0.749850000000000     
      3     10      3      7  0.749850000000000     
      1      7      4      7  9.867675131458274E-002
      4      7      4      7  -5.63886250000000     
      3      8      4      7 -0.103468385117145     
      2      9      4      7   1.46074669919831     
      5      9      4      7  0.481270244147301     
      1     10      4      7  -3.55926250000000     
      4     10      4      7  -1.30557301002280     
      3     11      4      7   1.78004854220282     
      2      7      5      7  9.867675131458274E-002
      5      7      5      7  -5.57912500000000     
      1      8      5      7  9.867675131458274E-002
      4      8      5      7 -0.119474999999999     
      6      9      5      7   1.58343451503420     
      2     10      5      7   1.68672500000000     
      5     10      5      7  -1.02771150501140     
      1     11      5      7  -4.40262500000000     
      4     11      5      7 -0.277861505011401     
      3     12      5      7   2.33328451503420     
      6      7      6      7  -5.51938750000000     
      2      8      6      7  0.170913146802696     
      5      8      6      7 -0.103468385117145     
      6     10      6      7   1.58343451503420     
      2     11      6      7   1.46074669919831     
      5     11      6      7  -2.26131878635013     
      1     12      6      7  -5.24598750000000     
      4     12      6      7   2.33328451503420     
      2      7      1      8  -3.03010000000000     
      5      7      1      8  9.867675131458274E-002
      1      8      1      8  -4.25190000000000     
      4      8      1      8 -9.867675131458274E-002
      6      9      1      8   2.78806973692746     
      2     10      1      8 -9.867675131458274E-002
      5     10      1      8  -1.79511455163459     
      1     11      1      8  9.867675131458274E-002
      4     11      1      8  0.802159366341718     
      3     12      1      8  0.190795818951153     
      6      7      2      8  0.170913146802696     
      2      8      2      8  -7.28200000000000     
      5      8      2      8 -9.867675131458274E-002
      6     10      2      8   1.71984883056622     
      2     11      2      8 -9.867675131458274E-002
      5     11      2      8  -1.98591037058574     
      1     12      2      8  0.170913146802696     
      4     12      2      8   1.71984883056622     
      1      7      3      8 -0.170913146802696     
      4      7      3      8 -0.103468385117145     
      3      8      3      8  -5.51938750000000     
      2      9      3      8  -5.24598750000000     
      5      9      3      8  -2.33328451503420     
      1     10      3      8   1.46074669919831     
      4     10      3      8   2.26131878635013     
      3     11      3      8  -1.58343451503420     
      2      7      4      8 -9.867675131458274E-002
      5      7      4      8 -0.119474999999999     
      1      8      4      8 -9.867675131458274E-002
      4      8      4      8  -5.57912500000000     
      6      9      4      8  -2.33328451503420     
      2     10      4      8  -4.40262500000000     
      5     10      4      8  0.277861505011401     
      1     11      4      8   1.68672500000000     
      4     11      4      8   1.02771150501140     
      3     12      4      8  -1.58343451503420     
      6      7      5      8 -0.103468385117145     
      2      8      5      8 -9.867675131458274E-002
      5      8      5      8  -5.63886250000000     
      6     10      5      8  -1.78004854220282     
      2     11      5      8  -3.55926250000000     
      5     11      5      8   1.30557301002280     
      1     12      5      8   1.46074669919831     
      4     12      5      8 -0.481270244147301     
      6      8      6      8  -5.69860000000000     
      6     11      6      8 -0.749850000000000     
      2     12      6      8  -2.71590000000000     
      5     12      6      8  0.749850000000000     
      7      8      7      8  -1.22180000000000     
      8     10      7      8  0.000000000000000E+000
      7     11      7      8  0.000000000000000E+000
     10     11      7      8   2.59727391797631     
      9     12      7      8  -2.59727391797631     
      3      7      1      9  -2.71590000000000     
      1      9      1      9  -5.69860000000000     
      4      9      1      9  0.749850000000000     
      3     10      1      9 -0.749850000000000     
      1      7      2      9 -0.170913146802696     
      4      7      2      9   1.46074669919831     
      3      8      2      9  -5.24598750000000     
      2      9      2      9  -5.51938750000000     
      5      9      2      9  -1.58343451503420     
      1     10      2      9 -0.103468385117145     
      4     10      2      9   2.26131878635013     
      3     11      2      9  -2.33328451503420     
      3      9      3      9  -8.41450000000000     
      3      7      4      9 -0.749850000000000     
      1      9      4      9  0.749850000000000     
      4      9      4      9  -5.16835000000000     
      3     10      4      9  -3.24615000000000     
      1      7      5      9   1.71984883056622     
      4      7      5      9  0.481270244147301     
      3      8      5      9  -2.33328451503420     
      2      9      5      9  -1.58343451503420     
      5      9      5      9  -4.95904000000000     
      1     10      5      9   1.78004854220282     
      4     10      5      9 -0.241690369688157     
      3     11      5      9  -3.03684000000000     
      2      7      6      9  0.190795818951153     
      5      7      6      9   1.58343451503420     
      1      8      6      9   2.78806973692746     
      4      8      6      9  -2.33328451503420     
      6      9      6      9  -5.32861000000000     
      2     10      6      9  -1.58343451503420     
      5     10      6      9  0.369570000000003     
      1     11      6      9   2.33328451503420     
      4     11      6      9 -0.578879999999998     
      3     12      6      9  -2.45796000000000     
      7      9      7      9  -2.98270000000000     
      9     10      7      9  -1.49970000000000     
      8      9      8      9 -0.273400000000000     
      7     10      8      9  -1.56421508431545     
      9     11      8      9 -0.749850000000000     
      1      7      1     10  9.867675131458274E-002
      4      7      1     10  -3.55926250000000     
      3      8      1     10   1.46074669919831     
      2      9      1     10 -0.103468385117145     
      5      9      1     10   1.78004854220282     
      1     10      1     10  -5.63886250000000     
      4     10      1     10  -1.30557301002280     
      3     11      1     10  0.481270244147301     
      2      7      2     10 -9.867675131458274E-002
      5      7      2     10   1.68672500000000     
      1      8      2     10 -9.867675131458274E-002
      4      8      2     10  -4.40262500000000     
      6      9      2     10  -1.58343451503420     
      2     10      2     10  -5.57912500000000     
      5     10      2     10   1.02771150501140     
      1     11      2     10 -0.119474999999999     
      4     11      2     10  0.277861505011401     
      3     12      2     10  -2.33328451503420     
      3      7      3     10  0.749850000000000     
      1      9      3     10 -0.749850000000000     
      4      9      3     10  -3.24615000000000     
      3     10      3     10  -5.16835000000000     
      1      7      4     10  -1.98591037058574     
      4      7      4     10  -1.30557301002280     
      3      8      4     10   2.26131878635013     
      2      9      4     10   2.26131878635013     
      5      9      4     10 -0.241690369688157     
      1     10      4     10  -1.30557301002280     
      4     10      4     10  -8.13542000000000     
      3     11      4     10 -0.241690369688157     
      2      7      5     10  0.802159366341718     
      5      7      5     10  -1.02771150501140     
      1      8      5     10  -1.79511455163459     
      4      8      5     10  0.277861505011401     
      6      9      5     10  0.369570000000003     
      2     10      5     10   1.02771150501140     
      5     10      5     10  -5.60769000000000     
      1     11      5     10 -0.277861505011401     
      4     11      5     10  -2.73704000000000     
      3     12      5     10 -0.578879999999998     
      6      7      6     10   1.58343451503420     
      2      8      6     10   1.71984883056622     
      5      8      6     10  -1.78004854220282     
      6     10      6     10  -4.95904000000000     
      2     11      6     10 -0.481270244147301     
      5     11      6     10 -0.241690369688157     
      1     12      6     10   2.33328451503420     
      4     12      6     10  -3.03684000000000     
      8      9      7     10  -1.56421508431545     
      7     10      7     10  -2.07960000000000     
      9     11      7     10  -1.29877829805552     
      7      8      8     10  0.000000000000000E+000
      8     10      8     10  -1.17650000000000     
      7     11      8     10  -1.80620000000000     
     10     11      8     10 -0.749850000000000     
      9     12      8     10 -0.749850000000000     
      7      9      9     10  -1.49970000000000     
      9     10      9     10  -1.92220000000000     
      2      7      1     11  9.867675131458274E-002
      5      7      1     11  -4.40262500000000     
      1      8      1     11  9.867675131458274E-002
      4      8      1     11   1.68672500000000     
      6      9      1     11   2.33328451503420     
      2     10      1     11 -0.119474999999999     
      5     10      1     11 -0.277861505011401     
      1     11      1     11  -5.57912500000000     
      4     11      1     11  -1.02771150501140     
      3     12      1     11   1.58343451503420     
      6      7      2     11   1.46074669919831     
      2      8      2     11 -9.867675131458274E-002
      5      8      2     11  -3.55926250000000     
      6     10      2     11 -0.481270244147301     
      2     11      2     11  -5.63886250000000     
      5     11      2     11   1.30557301002280     
      1     12      2     11 -0.103468385117145     
      4     12      2     11  -1.78004854220282     
      1      7      3     11   1.71984883056622     
      4      7      3     11   1.78004854220282     
      3      8      3     11  -1.58343451503420     
      2      9      3     11  -2.33328451503420     
      5      9      3     11  -3.03684000000000     
      1     10      3     11  0.481270244147301     
      4     10      3     11 -0.241690369688157     
      3     11      3     11  -4.95904000000000     
      2      7      4     11  -1.79511455163459     
      5      7      4     11 -0.277861505011401     
      1      8      4     11  0.802159366341718     
      4      8      4     11   1.02771150501140     
      6      9      4     11 -0.578879999999998     
      2     10      4     11  0.277861505011401     
      5     10      4     11  -2.73704000000000     
      1     11      4     11  -1.02771150501140     
      4     11      4     11  -5.60769000000000     
      3     12      4     11  0.369570000000003     
      6      7      5     11  -2.26131878635013     
      2      8      5     11  -1.98591037058574     
      5      8      5     11   1.30557301002280     
      6     10      5     11 -0.241690369688157     
      2     11      5     11   1.30557301002280     
      5     11      5     11  -8.13542000000000     
      1     12      5     11  -2.26131878635013     
      4     12      5     11 -0.241690369688157     
      6      8      6     11 -0.749850000000000     
      6     11      6     11  -5.16835000000000     
      2     12      6     11  0.749850000000000     
      5     12      6     11  -3.24615000000000     
      7      8      7     11  0.000000000000000E+000
      8     10      7     11  -1.80620000000000     
      7     11      7     11  -1.17650000000000     
     10     11      7     11 -0.749850000000000     
      9     12      7     11 -0.749850000000000     
      8     11      8     11  -2.07960000000000     
      7     12      8     11  -1.56421508431545     
     10     12      8     11  -1.29877829805552     
      8      9      9     11 -0.749850000000000     
      7     10      9     11  -1.29877829805552     
      9     11      9     11  -1.92220000000000     
      7      8     10     11   2.59727391797631     
      8     10     10     11 -0.749850000000000     
      7     11     10     11 -0.749850000000000     
     10     11     10     11  -2.87065000000000     
      9     12     10     11  0.948450000000000     
      6      7      1     12  -5.24598750000000     
      2      8      1     12  0.170913146802696     
      5      8      1     12   1.46074669919831     
      6     10      1     12   2.33328451503420     
      2     11      1     12 -0.103468385117145     
      5     11      1     12  -2.26131878635013     
      1     12      1     12  -5.51938750000000     
      4     12      1     12   1.58343451503420     
      6      8      2     12  -2.71590000000000     
      6     11      2     12  0.749850000000000     
      2     12      2     12  -5.69860000000000     
      5     12      2     12 -0.749850000000000     
      2      7      3     12   2.78806973692746     
      5      7      3     12   2.33328451503420     
      1      8      3     12  0.190795818951153     
      4      8      3     12  -1.58343451503420     
      6      9      3     12  -2.45796000000000     
      2     10      3     12  -2.33328451503420     
      5     10      3     12 -0.578879999999998     
      1     11      3     12   1.58343451503420     
      4     11      3     12  0.369570000000003     
      3     12      3     12  -5.32861000000000     
      6      7      4     12   2.33328451503420     
      2      8      4     12   1.71984883056622     
      5      8      4     12 -0.481270244147301     
      6     10      4     12  -3.03684000000000     
      2     11      4     12  -1.78004854220282     
      5     11      4     12 -0.241690369688157     
      1     12      4     12   1.58343451503420     
      4     12      4     12  -4.95904000000000     
      6      8      5     12  0.749850000000000     
      6     11      5     12  -3.24615000000000     
      2     12      5     12 -0.749850000000000     
      5     12      5     12  -5.16835000000000     
      6     12      6     12  -8.41450000000000     
      8     11      7     12  -1.56421508431545     
      7     12      7     12 -0.273400000000000     
     10     12      7     12 -0.749850000000000     
      8     12      8     12  -2.98270000000000     
     11     12      8     12  -1.49970000000000     
      7      8      9     12  -2.59727391797631     
      8     10      9     12 -0.749850000000000     
      7     11      9     12 -0.749850000000000     
     10     11      9     12  0.948450000000000     
      9     12      9     12  -2.87065000000000     
      8     11     10     12  -1.29877829805552     
      7     12     10     12 -0.749850000000000     
     10     12     10     12  -1.92220000000000     
      8     12     11     12  -1.49970000000000     
     11     12     11     12  -1.92220000000000     
