 ! Total Interaction
  20
   1   1   1   1     1     0  -7.2820
   1   2   1   1     1     0  -0.2791
   2   2   1   1     1     0   3.1400
   1   1   1   2     1     0  -0.2791
   1   2   1   2     1     0 -11.5490
   2   2   1   2     1     0  -5.8387
   1   1   2   2     1     0   3.1400
   1   2   2   2     1     0  -5.8387
   2   2   2   2     1     0  -7.7168
   1   2   1   2     2     0  -8.4145
   2   2   2   2     3     0  -8.4145
   1   1   1   1     0     1  -1.2218
   2   2   1   1     0     1  -3.6731
   1   1   2   2     0     1  -3.6731
   2   2   2   2     0     1  -3.8191
   1   2   1   2     1     1   0.6297
   1   2   1   2     2     1  -2.9827
   2   2   1   2     2     1   1.4997
   1   2   2   2     2     1   1.4997
   2   2   2   2     2     1  -1.9222
