      1      2      1      2  -1.27580000000000     
      2      4      1      2  0.000000000000000E+000
      1      5      1      2  0.000000000000000E+000
      4      5      1      2   2.44736728036476     
      3      6      1      2  -2.44736728036476     
      1      3      1      3  -2.80060000000000     
      3      4      1      3  -1.42250000000000     
      2      3      2      3 -0.311575000000000     
      1      4      2      3  -1.43703925376971     
      3      5      2      3 -0.711250000000000     
      2      3      1      4  -1.43703925376971     
      1      4      1      4  -1.97092500000000     
      3      5      1      4  -1.23192113688336     
      1      2      2      4  0.000000000000000E+000
      2      4      2      4  -1.14125000000000     
      1      5      2      4  -1.65935000000000     
      4      5      2      4 -0.711250000000000     
      3      6      2      4 -0.711250000000000     
      1      3      3      4  -1.42250000000000     
      3      4      3      4  -1.79480000000000     
      1      2      1      5  0.000000000000000E+000
      2      4      1      5  -1.65935000000000     
      1      5      1      5  -1.14125000000000     
      4      5      1      5 -0.711250000000000     
      3      6      1      5 -0.711250000000000     
      2      5      2      5  -1.97092500000000     
      1      6      2      5  -1.43703925376971     
      4      6      2      5  -1.23192113688336     
      2      3      3      5 -0.711250000000000     
      1      4      3      5  -1.23192113688336     
      3      5      3      5  -1.79480000000000     
      1      2      4      5   2.44736728036476     
      2      4      4      5 -0.711250000000000     
      1      5      4      5 -0.711250000000000     
      4      5      4      5  -2.75895000000000     
      3      6      4      5  0.964150000000000     
      2      5      1      6  -1.43703925376971     
      1      6      1      6 -0.311575000000000     
      4      6      1      6 -0.711250000000000     
      2      6      2      6  -2.80060000000000     
      5      6      2      6  -1.42250000000000     
      1      2      3      6  -2.44736728036476     
      2      4      3      6 -0.711250000000000     
      1      5      3      6 -0.711250000000000     
      4      5      3      6  0.964150000000000     
      3      6      3      6  -2.75895000000000     
      2      5      4      6  -1.23192113688336     
      1      6      4      6 -0.711250000000000     
      4      6      4      6  -1.79480000000000     
      2      6      5      6  -1.42250000000000     
      5      6      5      6  -1.79480000000000     
      1      7      1      7  -7.64260000000000     
      4      7      1      7  0.117379725676967     
      3      8      1      7 -0.203307648651004     
      2      9      1      7 -0.203307648651004     
      5      9      1      7   2.04492216844554     
      1     10      1      7  0.117379725676967     
      4     10      1      7  -2.36127272884773     
      3     11      1      7   2.04492216844554     
      2      7      2      7  -4.45920000000000     
      5      7      2      7  0.117379725676967     
      1      8      2      7  -3.18340000000000     
      4      8      2      7 -0.117379725676967     
      6      9      2      7  0.547270906453417     
      2     10      2      7 -0.117379725676967     
      5     10      2      7  0.633365457970448     
      1     11      2      7  0.117379725676967     
      4     11      2      7  -1.81400182239431     
      3     12      2      7   2.99463818681818     
      3      7      3      7  -5.89495000000000     
      1      9      3      7  -3.09435000000000     
      4      9      3      7 -0.711250000000000     
      3     10      3      7  0.711250000000000     
      1      7      4      7  0.117379725676967     
      4      7      4      7  -5.94590000000000     
      3      8      4      7  8.824798864563532E-002
      2      9      4      7   1.52528724241534     
      5      9      4      7  0.728332586110182     
      1     10      4      7  -3.97497500000000     
      4     10      4      7  -1.55225602930058     
      3     11      4      7   1.96025372299355     
      2      7      5      7  0.117379725676967     
      5      7      5      7  -5.99685000000000     
      1      8      5      7  0.117379725676967     
      4      8      5      7  0.101900000000002     
      6      9      5      7   1.97275904395087     
      2     10      5      7   1.76125000000000     
      5     10      5      7  -1.13175301465029     
      1     11      5      7  -4.85560000000000     
      4     11      5      7 -0.420503014650290     
      3     12      5      7   2.68400904395087     
      6      7      6      7  -6.04780000000000     
      2      8      6      7  0.203307648651004     
      5      8      6      7  8.824798864563577E-002
      6     10      6      7   1.97275904395087     
      2     11      6      7   1.52528724241534     
      5     11      6      7  -2.68858630910373     
      1     12      6      7  -5.73622500000000     
      4     12      6      7   2.68400904395087     
      2      7      1      8  -3.18340000000000     
      5      7      1      8  0.117379725676967     
      1      8      1      8  -4.45920000000000     
      4      8      1      8 -0.117379725676967     
      6      9      1      8   2.99463818681818     
      2     10      1      8 -0.117379725676967     
      5     10      1      8  -1.81400182239431     
      1     11      1      8  0.117379725676967     
      4     11      1      8  0.633365457970448     
      3     12      1      8  0.547270906453417     
      6      7      2      8  0.203307648651004     
      2      8      2      8  -7.64260000000000     
      5      8      2      8 -0.117379725676967     
      6     10      2      8   2.04492216844554     
      2     11      2      8 -0.117379725676967     
      5     11      2      8  -2.36127272884773     
      1     12      2      8  0.203307648651004     
      4     12      2      8   2.04492216844554     
      1      7      3      8 -0.203307648651004     
      4      7      3      8  8.824798864563577E-002
      3      8      3      8  -6.04780000000000     
      2      9      3      8  -5.73622500000000     
      5      9      3      8  -2.68400904395087     
      1     10      3      8   1.52528724241534     
      4     10      3      8   2.68858630910373     
      3     11      3      8  -1.97275904395087     
      2      7      4      8 -0.117379725676967     
      5      7      4      8  0.101900000000002     
      1      8      4      8 -0.117379725676967     
      4      8      4      8  -5.99685000000000     
      6      9      4      8  -2.68400904395087     
      2     10      4      8  -4.85560000000000     
      5     10      4      8  0.420503014650290     
      1     11      4      8   1.76125000000000     
      4     11      4      8   1.13175301465029     
      3     12      4      8  -1.97275904395087     
      6      7      5      8  8.824798864563532E-002
      2      8      5      8 -0.117379725676967     
      5      8      5      8  -5.94590000000000     
      6     10      5      8  -1.96025372299355     
      2     11      5      8  -3.97497500000000     
      5     11      5      8   1.55225602930058     
      1     12      5      8   1.52528724241534     
      4     12      5      8 -0.728332586110182     
      6      8      6      8  -5.89495000000000     
      6     11      6      8 -0.711250000000000     
      2     12      6      8  -3.09435000000000     
      5     12      6      8  0.711250000000000     
      7      8      7      8  -1.27580000000000     
      8     10      7      8  0.000000000000000E+000
      7     11      7      8  0.000000000000000E+000
     10     11      7      8   2.44736728036476     
      9     12      7      8  -2.44736728036476     
      3      7      1      9  -3.09435000000000     
      1      9      1      9  -5.89495000000000     
      4      9      1      9  0.711250000000000     
      3     10      1      9 -0.711250000000000     
      1      7      2      9 -0.203307648651004     
      4      7      2      9   1.52528724241534     
      3      8      2      9  -5.73622500000000     
      2      9      2      9  -6.04780000000000     
      5      9      2      9  -1.97275904395087     
      1     10      2      9  8.824798864563577E-002
      4     10      2      9   2.68858630910373     
      3     11      2      9  -2.68400904395087     
      3      9      3      9  -8.98930000000000     
      3      7      4      9 -0.711250000000000     
      1      9      4      9  0.711250000000000     
      4      9      4      9  -5.39205000000000     
      3     10      4      9  -3.59724999999999     
      1      7      5      9   2.04492216844554     
      4      7      5      9  0.728332586110182     
      3      8      5      9  -2.68400904395087     
      2      9      5      9  -1.97275904395087     
      5      9      5      9  -5.14302000000000     
      1     10      5      9   1.96025372299355     
      4     10      5      9 -0.287555075072579     
      3     11      5      9  -3.34822000000000     
      2      7      6      9  0.547270906453417     
      5      7      6      9   1.97275904395087     
      1      8      6      9   2.99463818681818     
      4      8      6      9  -2.68400904395087     
      6      9      6      9  -5.50058000000000     
      2     10      6      9  -1.97275904395087     
      5     10      6      9  0.357560000000002     
      1     11      6      9   2.68400904395087     
      4     11      6      9 -0.606589999999997     
      3     12      6      9  -2.74163000000000     
      7      9      7      9  -2.80060000000000     
      9     10      7      9  -1.42250000000000     
      8      9      8      9 -0.311575000000000     
      7     10      8      9  -1.43703925376971     
      9     11      8      9 -0.711250000000000     
      1      7      1     10  0.117379725676967     
      4      7      1     10  -3.97497500000000     
      3      8      1     10   1.52528724241534     
      2      9      1     10  8.824798864563532E-002
      5      9      1     10   1.96025372299355     
      1     10      1     10  -5.94590000000000     
      4     10      1     10  -1.55225602930058     
      3     11      1     10  0.728332586110182     
      2      7      2     10 -0.117379725676967     
      5      7      2     10   1.76125000000000     
      1      8      2     10 -0.117379725676967     
      4      8      2     10  -4.85560000000000     
      6      9      2     10  -1.97275904395087     
      2     10      2     10  -5.99685000000000     
      5     10      2     10   1.13175301465029     
      1     11      2     10  0.101900000000002     
      4     11      2     10  0.420503014650290     
      3     12      2     10  -2.68400904395087     
      3      7      3     10  0.711250000000000     
      1      9      3     10 -0.711250000000000     
      4      9      3     10  -3.59724999999999     
      3     10      3     10  -5.39204999999999     
      1      7      4     10  -2.36127272884773     
      4      7      4     10  -1.55225602930058     
      3      8      4     10   2.68858630910373     
      2      9      4     10   2.68858630910373     
      5      9      4     10 -0.287555075072580     
      1     10      4     10  -1.55225602930058     
      4     10      4     10  -8.65726000000000     
      3     11      4     10 -0.287555075072580     
      2      7      5     10  0.633365457970448     
      5      7      5     10  -1.13175301465029     
      1      8      5     10  -1.81400182239431     
      4      8      5     10  0.420503014650290     
      6      9      5     10  0.357560000000002     
      2     10      5     10   1.13175301465029     
      5     10      5     10  -5.83262000000000     
      1     11      5     10 -0.420503014650290     
      4     11      5     10  -3.07367000000000     
      3     12      5     10 -0.606589999999997     
      6      7      6     10   1.97275904395087     
      2      8      6     10   2.04492216844554     
      5      8      6     10  -1.96025372299355     
      6     10      6     10  -5.14302000000000     
      2     11      6     10 -0.728332586110182     
      5     11      6     10 -0.287555075072579     
      1     12      6     10   2.68400904395087     
      4     12      6     10  -3.34822000000000     
      8      9      7     10  -1.43703925376971     
      7     10      7     10  -1.97092500000000     
      9     11      7     10  -1.23192113688336     
      7      8      8     10  0.000000000000000E+000
      8     10      8     10  -1.14125000000000     
      7     11      8     10  -1.65935000000000     
     10     11      8     10 -0.711250000000000     
      9     12      8     10 -0.711250000000000     
      7      9      9     10  -1.42250000000000     
      9     10      9     10  -1.79480000000000     
      2      7      1     11  0.117379725676967     
      5      7      1     11  -4.85560000000000     
      1      8      1     11  0.117379725676967     
      4      8      1     11   1.76125000000000     
      6      9      1     11   2.68400904395087     
      2     10      1     11  0.101900000000002     
      5     10      1     11 -0.420503014650290     
      1     11      1     11  -5.99685000000000     
      4     11      1     11  -1.13175301465029     
      3     12      1     11   1.97275904395087     
      6      7      2     11   1.52528724241534     
      2      8      2     11 -0.117379725676967     
      5      8      2     11  -3.97497500000000     
      6     10      2     11 -0.728332586110182     
      2     11      2     11  -5.94590000000000     
      5     11      2     11   1.55225602930058     
      1     12      2     11  8.824798864563532E-002
      4     12      2     11  -1.96025372299355     
      1      7      3     11   2.04492216844554     
      4      7      3     11   1.96025372299355     
      3      8      3     11  -1.97275904395087     
      2      9      3     11  -2.68400904395087     
      5      9      3     11  -3.34822000000000     
      1     10      3     11  0.728332586110182     
      4     10      3     11 -0.287555075072579     
      3     11      3     11  -5.14302000000000     
      2      7      4     11  -1.81400182239431     
      5      7      4     11 -0.420503014650290     
      1      8      4     11  0.633365457970448     
      4      8      4     11   1.13175301465029     
      6      9      4     11 -0.606589999999997     
      2     10      4     11  0.420503014650290     
      5     10      4     11  -3.07367000000000     
      1     11      4     11  -1.13175301465029     
      4     11      4     11  -5.83262000000000     
      3     12      4     11  0.357560000000002     
      6      7      5     11  -2.68858630910373     
      2      8      5     11  -2.36127272884773     
      5      8      5     11   1.55225602930058     
      6     10      5     11 -0.287555075072580     
      2     11      5     11   1.55225602930058     
      5     11      5     11  -8.65726000000000     
      1     12      5     11  -2.68858630910373     
      4     12      5     11 -0.287555075072580     
      6      8      6     11 -0.711250000000000     
      6     11      6     11  -5.39205000000000     
      2     12      6     11  0.711250000000000     
      5     12      6     11  -3.59724999999999     
      7      8      7     11  0.000000000000000E+000
      8     10      7     11  -1.65935000000000     
      7     11      7     11  -1.14125000000000     
     10     11      7     11 -0.711250000000000     
      9     12      7     11 -0.711250000000000     
      8     11      8     11  -1.97092500000000     
      7     12      8     11  -1.43703925376971     
     10     12      8     11  -1.23192113688336     
      8      9      9     11 -0.711250000000000     
      7     10      9     11  -1.23192113688336     
      9     11      9     11  -1.79480000000000     
      7      8     10     11   2.44736728036476     
      8     10     10     11 -0.711250000000000     
      7     11     10     11 -0.711250000000000     
     10     11     10     11  -2.75895000000000     
      9     12     10     11  0.964150000000000     
      6      7      1     12  -5.73622500000000     
      2      8      1     12  0.203307648651004     
      5      8      1     12   1.52528724241534     
      6     10      1     12   2.68400904395087     
      2     11      1     12  8.824798864563577E-002
      5     11      1     12  -2.68858630910373     
      1     12      1     12  -6.04780000000000     
      4     12      1     12   1.97275904395087     
      6      8      2     12  -3.09435000000000     
      6     11      2     12  0.711250000000000     
      2     12      2     12  -5.89495000000000     
      5     12      2     12 -0.711250000000000     
      2      7      3     12   2.99463818681818     
      5      7      3     12   2.68400904395087     
      1      8      3     12  0.547270906453417     
      4      8      3     12  -1.97275904395087     
      6      9      3     12  -2.74163000000000     
      2     10      3     12  -2.68400904395087     
      5     10      3     12 -0.606589999999997     
      1     11      3     12   1.97275904395087     
      4     11      3     12  0.357560000000002     
      3     12      3     12  -5.50058000000000     
      6      7      4     12   2.68400904395087     
      2      8      4     12   2.04492216844554     
      5      8      4     12 -0.728332586110182     
      6     10      4     12  -3.34822000000000     
      2     11      4     12  -1.96025372299355     
      5     11      4     12 -0.287555075072579     
      1     12      4     12   1.97275904395087     
      4     12      4     12  -5.14302000000000     
      6      8      5     12  0.711250000000000     
      6     11      5     12  -3.59724999999999     
      2     12      5     12 -0.711250000000000     
      5     12      5     12  -5.39204999999999     
      6     12      6     12  -8.98930000000000     
      8     11      7     12  -1.43703925376971     
      7     12      7     12 -0.311575000000000     
     10     12      7     12 -0.711250000000000     
      8     12      8     12  -2.80060000000000     
     11     12      8     12  -1.42250000000000     
      7      8      9     12  -2.44736728036476     
      8     10      9     12 -0.711250000000000     
      7     11      9     12 -0.711250000000000     
     10     11      9     12  0.964150000000000     
      9     12      9     12  -2.75895000000000     
      8     11     10     12  -1.23192113688336     
      7     12     10     12 -0.711250000000000     
     10     12     10     12  -1.79480000000000     
      8     12     11     12  -1.42250000000000     
     11     12     11     12  -1.79480000000000     
