      1      1      1      1           2           0   5.51381054081476     
      1      1      1      1           0           0  -12.1018000000000     
      1      1      1      2           2           0 -0.406615297302008     
      1      1      2      1           2           0 -0.406615297302008     
      1      1      2      2           4           0  -6.69621455374216     
      1      1      2      2           2           0   2.99282318392713     
      1      2      1      1           2           0  0.406615297302008     
      1      2      1      2           2           0 -0.279064643048882     
      1      2      1      2           0           0  -16.8895990220313     
      1      2      2      1           4           0   12.8265890342337     
      1      2      2      1           2           0  -3.83428417398541     
      1      2      2      2           4           0   8.48758183937572     
      1      2      2      2           2           0   2.30318986622889     
      2      1      1      1           2           0  0.406615297302008     
      2      1      1      2           4           0   12.8265890342337     
      2      1      1      2           2           0  -3.83428417398541     
      2      1      2      1           2           0 -0.279064643048882     
      2      1      2      1           0           0  -16.8895990220313     
      2      1      2      2           4           0   8.48758183937572     
      2      1      2      2           2           0   2.30318986622889     
      2      2      1      1           4           0  -6.69621455374216     
      2      2      1      1           2           0   2.99282318392713     
      2      2      1      2           4           0  -8.48758183937572     
      2      2      1      2           2           0  -2.30318986622889     
      2      2      2      1           4           0  -8.48758183937572     
      2      2      2      1           2           0  -2.30318986622889     
      2      2      2      2           6           0   7.25367116695402     
      2      2      2      2           4           0  -8.84322399809595     
      2      2      2      2           2           0   6.18641783091798     
      2      2      2      2           0           0  -25.0249500000000     
      1      1      1      1           2           0   5.51381054081476     
      1      1      1      1           0           0  -12.1018000000000     
      1      1      1      2           2           0 -0.406615297302008     
      1      1      2      1           2           0 -0.406615297302008     
      1      1      2      2           4           0  -6.69621455374216     
      1      1      2      2           2           0   2.99282318392713     
      1      2      1      1           2           0  0.406615297302008     
      1      2      1      2           2           0 -0.279064643048882     
      1      2      1      2           0           0  -16.8895990220313     
      1      2      2      1           4           0   12.8265890342337     
      1      2      2      1           2           0  -3.83428417398541     
      1      2      2      2           4           0   8.48758183937572     
      1      2      2      2           2           0   2.30318986622889     
      2      1      1      1           2           0  0.406615297302008     
      2      1      1      2           4           0   12.8265890342337     
      2      1      1      2           2           0  -3.83428417398541     
      2      1      2      1           2           0 -0.279064643048882     
      2      1      2      1           0           0  -16.8895990220313     
      2      1      2      2           4           0   8.48758183937572     
      2      1      2      2           2           0   2.30318986622889     
      2      2      1      1           4           0  -6.69621455374216     
      2      2      1      1           2           0   2.99282318392713     
      2      2      1      2           4           0  -8.48758183937572     
      2      2      1      2           2           0  -2.30318986622889     
      2      2      2      1           4           0  -8.48758183937572     
      2      2      2      1           2           0  -2.30318986622889     
      2      2      2      2           6           0   7.25367116695402     
      2      2      2      2           4           0  -8.84322399809595     
      2      2      2      2           2           0   6.18641783091798     
      2      2      2      2           0           0  -25.0249500000000     
          60           6
   1   1   3   3   0   0   0   0-12.1018   1   1
   1   1   3   3   2   0   0   0  5.5138   1   1
   1   1   3   4   2   0   0   0 -0.4066   1   1
   1   1   4   3   2   0   0   0  0.4066   1   1
   1   1   4   4   0   0   0   0-16.8896   1   1
   1   1   4   4   2   0   0   0 -0.2791   1   1
   1   2   3   3   2   0   0   0 -0.4066   1   1
   1   2   3   4   2   0   0   0  2.9928   1   1
   1   2   3   4   4   0   0   0 -6.6962   1   1
   1   2   4   3   2   0   0   0 -3.8343   1   1
   1   2   4   3   4   0   0   0 12.8266   1   1
   1   2   4   4   2   0   0   0  2.3032   1   1
   1   2   4   4   4   0   0   0  8.4876   1   1
   2   1   3   3   2   0   0   0  0.4066   1   1
   2   1   3   4   2   0   0   0 -3.8343   1   1
   2   1   3   4   4   0   0   0 12.8266   1   1
   2   1   4   3   2   0   0   0  2.9928   1   1
   2   1   4   3   4   0   0   0 -6.6962   1   1
   2   1   4   4   2   0   0   0 -2.3032   1   1
   2   1   4   4   4   0   0   0 -8.4876   1   1
   2   2   3   3   0   0   0   0-16.8896   1   1
   2   2   3   3   2   0   0   0 -0.2791   1   1
   2   2   3   4   2   0   0   0  2.3032   1   1
   2   2   3   4   4   0   0   0  8.4876   1   1
   2   2   4   3   2   0   0   0 -2.3032   1   1
   2   2   4   3   4   0   0   0 -8.4876   1   1
   2   2   4   4   0   0   0   0-25.0250   1   1
   2   2   4   4   2   0   0   0  6.1864   1   1
   2   2   4   4   4   0   0   0 -8.8432   1   1
   2   2   4   4   6   0   0   0  7.2537   1   1
   3   3   1   1   0   0   0   0-12.1018   1   1
   3   3   1   1   2   0   0   0  5.5138   1   1
   3   3   1   2   2   0   0   0 -0.4066   1   1
   3   3   2   1   2   0   0   0  0.4066   1   1
   3   3   2   2   0   0   0   0-16.8896   1   1
   3   3   2   2   2   0   0   0 -0.2791   1   1
   3   4   1   1   2   0   0   0 -0.4066   1   1
   3   4   1   2   2   0   0   0  2.9928   1   1
   3   4   1   2   4   0   0   0 -6.6962   1   1
   3   4   2   1   2   0   0   0 -3.8343   1   1
   3   4   2   1   4   0   0   0 12.8266   1   1
   3   4   2   2   2   0   0   0  2.3032   1   1
   3   4   2   2   4   0   0   0  8.4876   1   1
   4   3   1   1   2   0   0   0  0.4066   1   1
   4   3   1   2   2   0   0   0 -3.8343   1   1
   4   3   1   2   4   0   0   0 12.8266   1   1
   4   3   2   1   2   0   0   0  2.9928   1   1
   4   3   2   1   4   0   0   0 -6.6962   1   1
   4   3   2   2   2   0   0   0 -2.3032   1   1
   4   3   2   2   4   0   0   0 -8.4876   1   1
   4   4   1   1   0   0   0   0-16.8896   1   1
   4   4   1   1   2   0   0   0 -0.2791   1   1
   4   4   1   2   2   0   0   0  2.3032   1   1
   4   4   1   2   4   0   0   0  8.4876   1   1
   4   4   2   1   2   0   0   0 -2.3032   1   1
   4   4   2   1   4   0   0   0 -8.4876   1   1
   4   4   2   2   0   0   0   0-25.0250   1   1
   4   4   2   2   2   0   0   0  6.1864   1   1
   4   4   2   2   4   0   0   0 -8.8432   1   1
   4   4   2   2   6   0   0   0  7.2537   1   1
