 ! Total Interaction
  20
   1   1   1   1     1     0  -7.6426
   1   2   1   1     1     0  -0.3320
   2   2   1   1     1     0   3.7335
   1   1   1   2     1     0  -0.3320
   1   2   1   2     1     0 -12.7156
   2   2   1   2     1     0  -6.9419
   1   1   2   2     1     0   3.7335
   1   2   2   2     1     0  -6.9419
   2   2   2   2     1     0  -8.1592
   1   2   1   2     2     0  -8.9893
   2   2   2   2     3     0  -8.9893
   1   1   1   1     0     1  -1.2758
   2   2   1   1     0     1  -3.4611
   1   1   2   2     0     1  -3.4611
   2   2   2   2     0     1  -3.7231
   1   2   1   2     1     1   0.5181
   1   2   1   2     2     1  -2.8006
   2   2   1   2     2     1   1.4225
   1   2   2   2     2     1   1.4225
   2   2   2   2     2     1  -1.7948
