 ! Total Interaction
  20
   1   1   1   1     1     0  -7.4408
   1   2   1   1     1     0  -0.2488
   2   2   1   1     1     0   3.0516
   1   1   1   2     1     0  -0.2488
   1   2   1   2     1     0 -11.6438
   2   2   1   2     1     0  -5.7098
   1   1   2   2     1     0   3.0516
   1   2   2   2     1     0  -5.7098
   2   2   2   2     1     0  -7.9082
   1   2   1   2     2     0  -8.5301
   2   2   2   2     3     0  -8.5301
   1   1   1   1     0     1  -1.1904
   2   2   1   1     0     1  -3.7735
   1   1   2   2     0     1  -3.7735
   2   2   2   2     0     1  -3.8587
   1   2   1   2     1     1   0.6865
   1   2   1   2     2     1  -3.0676
   2   2   1   2     2     1   1.5354
   1   2   2   2     2     1   1.5354
   2   2   2   2     2     1  -1.9819
