      1      1      1      1           2           0   5.41300518381426     
      1      1      1      1           0           0  -11.7564000000000     
      1      1      1      2           2           0 -0.304716524002227     
      1      1      2      1           2           0 -0.304716524002227     
      1      1      2      2           4           0  -6.21992426786465     
      1      1      2      2           2           0   1.86778800510883     
      1      2      1      1           2           0  0.304716524002227     
      1      2      1      2           2           0  0.438451907282885     
      1      2      1      2           0           0  -16.0620012453305     
      1      2      2      1           4           0   11.8660860344987     
      1      2      2      1           2           0  -3.24374145114480     
      1      2      2      2           4           0   7.26999772868406     
      1      2      2      2           2           0   1.39409109635227     
      2      1      1      1           2           0  0.304716524002227     
      2      1      1      2           4           0   11.8660860344987     
      2      1      1      2           2           0  -3.24374145114480     
      2      1      2      1           2           0  0.438451907282885     
      2      1      2      1           0           0  -16.0620012453305     
      2      1      2      2           4           0   7.26999772868406     
      2      1      2      2           2           0   1.39409109635227     
      2      2      1      1           4           0  -6.21992426786465     
      2      2      1      1           2           0   1.86778800510883     
      2      2      1      2           4           0  -7.26999772868406     
      2      2      1      2           2           0  -1.39409109635227     
      2      2      2      1           4           0  -7.26999772868406     
      2      2      2      1           2           0  -1.39409109635227     
      2      2      2      2           6           0   6.68064111924709     
      2      2      2      2           4           0  -8.16168165889390     
      2      2      2      2           2           0   5.45066862862484     
      2      2      2      2           0           0  -24.3008750000000     
      1      1      1      1           2           0   5.41300518381426     
      1      1      1      1           0           0  -11.7564000000000     
      1      1      1      2           2           0 -0.304716524002227     
      1      1      2      1           2           0 -0.304716524002227     
      1      1      2      2           4           0  -6.21992426786465     
      1      1      2      2           2           0   1.86778800510883     
      1      2      1      1           2           0  0.304716524002227     
      1      2      1      2           2           0  0.438451907282885     
      1      2      1      2           0           0  -16.0620012453305     
      1      2      2      1           4           0   11.8660860344987     
      1      2      2      1           2           0  -3.24374145114480     
      1      2      2      2           4           0   7.26999772868406     
      1      2      2      2           2           0   1.39409109635227     
      2      1      1      1           2           0  0.304716524002227     
      2      1      1      2           4           0   11.8660860344987     
      2      1      1      2           2           0  -3.24374145114480     
      2      1      2      1           2           0  0.438451907282885     
      2      1      2      1           0           0  -16.0620012453305     
      2      1      2      2           4           0   7.26999772868406     
      2      1      2      2           2           0   1.39409109635227     
      2      2      1      1           4           0  -6.21992426786465     
      2      2      1      1           2           0   1.86778800510883     
      2      2      1      2           4           0  -7.26999772868406     
      2      2      1      2           2           0  -1.39409109635227     
      2      2      2      1           4           0  -7.26999772868406     
      2      2      2      1           2           0  -1.39409109635227     
      2      2      2      2           6           0   6.68064111924709     
      2      2      2      2           4           0  -8.16168165889390     
      2      2      2      2           2           0   5.45066862862484     
      2      2      2      2           0           0  -24.3008750000000     
          60           6
   1   1   3   3   0   0   0   0-11.7564   1   1
   1   1   3   3   2   0   0   0  5.4130   1   1
   1   1   3   4   2   0   0   0 -0.3047   1   1
   1   1   4   3   2   0   0   0  0.3047   1   1
   1   1   4   4   0   0   0   0-16.0620   1   1
   1   1   4   4   2   0   0   0  0.4385   1   1
   1   2   3   3   2   0   0   0 -0.3047   1   1
   1   2   3   4   2   0   0   0  1.8678   1   1
   1   2   3   4   4   0   0   0 -6.2199   1   1
   1   2   4   3   2   0   0   0 -3.2437   1   1
   1   2   4   3   4   0   0   0 11.8661   1   1
   1   2   4   4   2   0   0   0  1.3941   1   1
   1   2   4   4   4   0   0   0  7.2700   1   1
   2   1   3   3   2   0   0   0  0.3047   1   1
   2   1   3   4   2   0   0   0 -3.2437   1   1
   2   1   3   4   4   0   0   0 11.8661   1   1
   2   1   4   3   2   0   0   0  1.8678   1   1
   2   1   4   3   4   0   0   0 -6.2199   1   1
   2   1   4   4   2   0   0   0 -1.3941   1   1
   2   1   4   4   4   0   0   0 -7.2700   1   1
   2   2   3   3   0   0   0   0-16.0620   1   1
   2   2   3   3   2   0   0   0  0.4385   1   1
   2   2   3   4   2   0   0   0  1.3941   1   1
   2   2   3   4   4   0   0   0  7.2700   1   1
   2   2   4   3   2   0   0   0 -1.3941   1   1
   2   2   4   3   4   0   0   0 -7.2700   1   1
   2   2   4   4   0   0   0   0-24.3009   1   1
   2   2   4   4   2   0   0   0  5.4507   1   1
   2   2   4   4   4   0   0   0 -8.1617   1   1
   2   2   4   4   6   0   0   0  6.6806   1   1
   3   3   1   1   0   0   0   0-11.7564   1   1
   3   3   1   1   2   0   0   0  5.4130   1   1
   3   3   1   2   2   0   0   0 -0.3047   1   1
   3   3   2   1   2   0   0   0  0.3047   1   1
   3   3   2   2   0   0   0   0-16.0620   1   1
   3   3   2   2   2   0   0   0  0.4385   1   1
   3   4   1   1   2   0   0   0 -0.3047   1   1
   3   4   1   2   2   0   0   0  1.8678   1   1
   3   4   1   2   4   0   0   0 -6.2199   1   1
   3   4   2   1   2   0   0   0 -3.2437   1   1
   3   4   2   1   4   0   0   0 11.8661   1   1
   3   4   2   2   2   0   0   0  1.3941   1   1
   3   4   2   2   4   0   0   0  7.2700   1   1
   4   3   1   1   2   0   0   0  0.3047   1   1
   4   3   1   2   2   0   0   0 -3.2437   1   1
   4   3   1   2   4   0   0   0 11.8661   1   1
   4   3   2   1   2   0   0   0  1.8678   1   1
   4   3   2   1   4   0   0   0 -6.2199   1   1
   4   3   2   2   2   0   0   0 -1.3941   1   1
   4   3   2   2   4   0   0   0 -7.2700   1   1
   4   4   1   1   0   0   0   0-16.0620   1   1
   4   4   1   1   2   0   0   0  0.4385   1   1
   4   4   1   2   2   0   0   0  1.3941   1   1
   4   4   1   2   4   0   0   0  7.2700   1   1
   4   4   2   1   2   0   0   0 -1.3941   1   1
   4   4   2   1   4   0   0   0 -7.2700   1   1
   4   4   2   2   0   0   0   0-24.3009   1   1
   4   4   2   2   2   0   0   0  5.4507   1   1
   4   4   2   2   4   0   0   0 -8.1617   1   1
   4   4   2   2   6   0   0   0  6.6806   1   1
