      1      2      1      2  -1.19040000000000     
      2      4      1      2  0.000000000000000E+000
      1      5      1      2  0.000000000000000E+000
      4      5      1      2   2.66826743880744     
      3      6      1      2  -2.66826743880744     
      1      3      1      3  -3.06760000000000     
      3      4      1      3  -1.53540000000000     
      2      3      2      3 -0.252025000000000     
      1      4      2      3  -1.62557298417358     
      3      5      2      3 -0.767700000000000     
      2      3      1      4  -1.62557298417358     
      1      4      1      4  -2.12907500000000     
      3      5      1      4  -1.32969540497063     
      1      2      2      4  0.000000000000000E+000
      2      4      2      4  -1.19055000000000     
      1      5      2      4  -1.87705000000000     
      4      5      2      4 -0.767700000000000     
      3      6      2      4 -0.767700000000000     
      1      3      3      4  -1.53540000000000     
      3      4      3      4  -1.98190000000000     
      1      2      1      5  0.000000000000000E+000
      2      4      1      5  -1.87705000000000     
      1      5      1      5  -1.19055000000000     
      4      5      1      5 -0.767700000000000     
      3      6      1      5 -0.767700000000000     
      2      5      2      5  -2.12907500000000     
      1      6      2      5  -1.62557298417358     
      4      6      2      5  -1.32969540497063     
      2      3      3      5 -0.767700000000000     
      1      4      3      5  -1.32969540497063     
      3      5      3      5  -1.98190000000000     
      1      2      4      5   2.66826743880744     
      2      4      4      5 -0.767700000000000     
      1      5      4      5 -0.767700000000000     
      4      5      4      5  -2.92030000000000     
      3      6      4      5  0.938400000000000     
      2      5      1      6  -1.62557298417358     
      1      6      1      6 -0.252025000000000     
      4      6      1      6 -0.767700000000000     
      2      6      2      6  -3.06760000000000     
      5      6      2      6  -1.53540000000000     
      1      2      3      6  -2.66826743880744     
      2      4      3      6 -0.767700000000000     
      1      5      3      6 -0.767700000000000     
      4      5      3      6  0.938400000000000     
      3      6      3      6  -2.92030000000000     
      2      5      4      6  -1.32969540497063     
      1      6      4      6 -0.767700000000000     
      4      6      4      6  -1.98190000000000     
      2      6      5      6  -1.53540000000000     
      5      6      5      6  -1.98190000000000     
      1      7      1      7  -7.44080000000000     
      4      7      1      7  8.796408357960654E-002
      3      8      1      7 -0.152358262001114     
      2      9      1      7 -0.152358262001114     
      5      9      1      7   1.67143015648277     
      1     10      1      7  8.796408357960654E-002
      4     10      1      7  -1.93000130155397     
      3     11      1      7   1.67143015648277     
      2      7      2      7  -4.31560000000000     
      5      7      2      7  8.796408357960654E-002
      1      8      2      7  -3.12520000000000     
      4      8      2      7 -8.796408357960654E-002
      6      9      2      7  0.113367256761755     
      2     10      2      7 -8.796408357960654E-002
      5     10      2      7  0.851633394015227     
      1     11      2      7  8.796408357960654E-002
      4     11      2      7  -1.81663404479221     
      3     12      2      7   2.78163469556919     
      3      7      3      7  -5.79885000000000     
      1      9      3      7  -2.73125000000000     
      4      9      3      7 -0.767700000000000     
      3     10      3      7  0.767700000000000     
      1      7      4      7  8.796408357960654E-002
      4      7      4      7  -5.71880000000000     
      3      8      4      7 -0.138650667145888     
      2      9      4      7   1.48692231702769     
      5      9      4      7  0.440850313023442     
      1     10      4      7  -3.58972500000000     
      4     10      4      7  -1.27675009379283     
      3     11      4      7   1.77054571799407     
      2      7      5      7  8.796408357960654E-002
      5      7      5      7  -5.63875000000000     
      1      8      5      7  8.796408357960654E-002
      4      8      5      7 -0.160099999999998     
      6      9      5      7   1.53127514068925     
      2     10      5      7   1.71695000000000     
      5     10      5      7  -1.02222504689642     
      1     11      5      7  -4.44820000000000     
      4     11      5      7 -0.254525046896415     
      3     12      5      7   2.29897514068925     
      6      7      6      7  -5.55870000000000     
      2      8      6      7  0.152358262001114     
      5      8      6      7 -0.138650667145887     
      6     10      6      7   1.53127514068925     
      2     11      6      7   1.48692231702770     
      5     11      6      7  -2.21139603101751     
      1     12      6      7  -5.30667500000000     
      4     12      6      7   2.29897514068925     
      2      7      1      8  -3.12520000000000     
      5      7      1      8  8.796408357960654E-002
      1      8      1      8  -4.31560000000000     
      4      8      1      8 -8.796408357960654E-002
      6      9      1      8   2.78163469556919     
      2     10      1      8 -8.796408357960654E-002
      5     10      1      8  -1.81663404479221     
      1     11      1      8  8.796408357960654E-002
      4     11      1      8  0.851633394015227     
      3     12      1      8  0.113367256761755     
      6      7      2      8  0.152358262001114     
      2      8      2      8  -7.44080000000000     
      5      8      2      8 -8.796408357960654E-002
      6     10      2      8   1.67143015648277     
      2     11      2      8 -8.796408357960654E-002
      5     11      2      8  -1.93000130155397     
      1     12      2      8  0.152358262001114     
      4     12      2      8   1.67143015648277     
      1      7      3      8 -0.152358262001114     
      4      7      3      8 -0.138650667145887     
      3      8      3      8  -5.55870000000000     
      2      9      3      8  -5.30667500000000     
      5      9      3      8  -2.29897514068925     
      1     10      3      8   1.48692231702770     
      4     10      3      8   2.21139603101751     
      3     11      3      8  -1.53127514068925     
      2      7      4      8 -8.796408357960654E-002
      5      7      4      8 -0.160099999999998     
      1      8      4      8 -8.796408357960654E-002
      4      8      4      8  -5.63875000000000     
      6      9      4      8  -2.29897514068925     
      2     10      4      8  -4.44820000000000     
      5     10      4      8  0.254525046896415     
      1     11      4      8   1.71695000000000     
      4     11      4      8   1.02222504689642     
      3     12      4      8  -1.53127514068925     
      6      7      5      8 -0.138650667145888     
      2      8      5      8 -8.796408357960654E-002
      5      8      5      8  -5.71880000000000     
      6     10      5      8  -1.77054571799407     
      2     11      5      8  -3.58972500000000     
      5     11      5      8   1.27675009379283     
      1     12      5      8   1.48692231702769     
      4     12      5      8 -0.440850313023442     
      6      8      6      8  -5.79885000000000     
      6     11      6      8 -0.767700000000000     
      2     12      6      8  -2.73125000000000     
      5     12      6      8  0.767700000000000     
      7      8      7      8  -1.19040000000000     
      8     10      7      8  0.000000000000000E+000
      7     11      7      8  0.000000000000000E+000
     10     11      7      8   2.66826743880744     
      9     12      7      8  -2.66826743880744     
      3      7      1      9  -2.73125000000000     
      1      9      1      9  -5.79885000000000     
      4      9      1      9  0.767700000000000     
      3     10      1      9 -0.767700000000000     
      1      7      2      9 -0.152358262001114     
      4      7      2      9   1.48692231702770     
      3      8      2      9  -5.30667500000000     
      2      9      2      9  -5.55870000000000     
      5      9      2      9  -1.53127514068925     
      1     10      2      9 -0.138650667145887     
      4     10      2      9   2.21139603101751     
      3     11      2      9  -2.29897514068925     
      3      9      3      9  -8.53010000000000     
      3      7      4      9 -0.767700000000000     
      1      9      4      9  0.767700000000000     
      4      9      4      9  -5.25599999999999     
      3     10      4      9  -3.27409999999999     
      1      7      5      9   1.67143015648277     
      4      7      5      9  0.440850313023442     
      3      8      5      9  -2.29897514068925     
      2      9      5      9  -1.53127514068925     
      5      9      5      9  -5.06943000000000     
      1     10      5      9   1.77054571799407     
      4     10      5      9 -0.215432479445412     
      3     11      5      9  -3.08753000000000     
      2      7      6      9  0.113367256761756     
      5      7      6      9   1.53127514068925     
      1      8      6      9   2.78163469556919     
      4      8      6      9  -2.29897514068925     
      6      9      6      9  -5.44534500000000     
      2     10      6      9  -1.53127514068925     
      5     10      6      9  0.375915000000003     
      1     11      6      9   2.29897514068925     
      4     11      6      9 -0.562484999999998     
      3     12      6      9  -2.52504500000000     
      7      9      7      9  -3.06760000000000     
      9     10      7      9  -1.53540000000000     
      8      9      8      9 -0.252025000000000     
      7     10      8      9  -1.62557298417358     
      9     11      8      9 -0.767700000000000     
      1      7      1     10  8.796408357960654E-002
      4      7      1     10  -3.58972500000000     
      3      8      1     10   1.48692231702769     
      2      9      1     10 -0.138650667145888     
      5      9      1     10   1.77054571799407     
      1     10      1     10  -5.71880000000000     
      4     10      1     10  -1.27675009379283     
      3     11      1     10  0.440850313023442     
      2      7      2     10 -8.796408357960654E-002
      5      7      2     10   1.71695000000000     
      1      8      2     10 -8.796408357960654E-002
      4      8      2     10  -4.44820000000000     
      6      9      2     10  -1.53127514068925     
      2     10      2     10  -5.63875000000000     
      5     10      2     10   1.02222504689642     
      1     11      2     10 -0.160099999999998     
      4     11      2     10  0.254525046896415     
      3     12      2     10  -2.29897514068925     
      3      7      3     10  0.767700000000000     
      1      9      3     10 -0.767700000000000     
      4      9      3     10  -3.27409999999999     
      3     10      3     10  -5.25599999999999     
      1      7      4     10  -1.93000130155397     
      4      7      4     10  -1.27675009379283     
      3      8      4     10   2.21139603101751     
      2      9      4     10   2.21139603101751     
      5      9      4     10 -0.215432479445411     
      1     10      4     10  -1.27675009379283     
      4     10      4     10  -8.28134000000000     
      3     11      4     10 -0.215432479445411     
      2      7      5     10  0.851633394015227     
      5      7      5     10  -1.02222504689642     
      1      8      5     10  -1.81663404479221     
      4      8      5     10  0.254525046896415     
      6      9      5     10  0.375915000000003     
      2     10      5     10   1.02222504689642     
      5     10      5     10  -5.69410500000000     
      1     11      5     10 -0.254525046896415     
      4     11      5     10  -2.77380500000000     
      3     12      5     10 -0.562484999999997     
      6      7      6     10   1.53127514068925     
      2      8      6     10   1.67143015648277     
      5      8      6     10  -1.77054571799407     
      6     10      6     10  -5.06943000000000     
      2     11      6     10 -0.440850313023442     
      5     11      6     10 -0.215432479445412     
      1     12      6     10   2.29897514068925     
      4     12      6     10  -3.08753000000000     
      8      9      7     10  -1.62557298417358     
      7     10      7     10  -2.12907500000000     
      9     11      7     10  -1.32969540497063     
      7      8      8     10  0.000000000000000E+000
      8     10      8     10  -1.19055000000000     
      7     11      8     10  -1.87705000000000     
     10     11      8     10 -0.767700000000000     
      9     12      8     10 -0.767700000000000     
      7      9      9     10  -1.53540000000000     
      9     10      9     10  -1.98190000000000     
      2      7      1     11  8.796408357960654E-002
      5      7      1     11  -4.44820000000000     
      1      8      1     11  8.796408357960654E-002
      4      8      1     11   1.71695000000000     
      6      9      1     11   2.29897514068925     
      2     10      1     11 -0.160099999999998     
      5     10      1     11 -0.254525046896415     
      1     11      1     11  -5.63875000000000     
      4     11      1     11  -1.02222504689642     
      3     12      1     11   1.53127514068925     
      6      7      2     11   1.48692231702769     
      2      8      2     11 -8.796408357960654E-002
      5      8      2     11  -3.58972500000000     
      6     10      2     11 -0.440850313023442     
      2     11      2     11  -5.71880000000000     
      5     11      2     11   1.27675009379283     
      1     12      2     11 -0.138650667145888     
      4     12      2     11  -1.77054571799407     
      1      7      3     11   1.67143015648277     
      4      7      3     11   1.77054571799407     
      3      8      3     11  -1.53127514068925     
      2      9      3     11  -2.29897514068925     
      5      9      3     11  -3.08753000000000     
      1     10      3     11  0.440850313023442     
      4     10      3     11 -0.215432479445412     
      3     11      3     11  -5.06943000000000     
      2      7      4     11  -1.81663404479221     
      5      7      4     11 -0.254525046896415     
      1      8      4     11  0.851633394015227     
      4      8      4     11   1.02222504689642     
      6      9      4     11 -0.562484999999997     
      2     10      4     11  0.254525046896415     
      5     10      4     11  -2.77380500000000     
      1     11      4     11  -1.02222504689642     
      4     11      4     11  -5.69410500000000     
      3     12      4     11  0.375915000000003     
      6      7      5     11  -2.21139603101751     
      2      8      5     11  -1.93000130155397     
      5      8      5     11   1.27675009379283     
      6     10      5     11 -0.215432479445411     
      2     11      5     11   1.27675009379283     
      5     11      5     11  -8.28134000000000     
      1     12      5     11  -2.21139603101751     
      4     12      5     11 -0.215432479445411     
      6      8      6     11 -0.767700000000000     
      6     11      6     11  -5.25599999999999     
      2     12      6     11  0.767700000000000     
      5     12      6     11  -3.27409999999999     
      7      8      7     11  0.000000000000000E+000
      8     10      7     11  -1.87705000000000     
      7     11      7     11  -1.19055000000000     
     10     11      7     11 -0.767700000000000     
      9     12      7     11 -0.767700000000000     
      8     11      8     11  -2.12907500000000     
      7     12      8     11  -1.62557298417358     
     10     12      8     11  -1.32969540497063     
      8      9      9     11 -0.767700000000000     
      7     10      9     11  -1.32969540497063     
      9     11      9     11  -1.98190000000000     
      7      8     10     11   2.66826743880744     
      8     10     10     11 -0.767700000000000     
      7     11     10     11 -0.767700000000000     
     10     11     10     11  -2.92030000000000     
      9     12     10     11  0.938400000000000     
      6      7      1     12  -5.30667500000000     
      2      8      1     12  0.152358262001114     
      5      8      1     12   1.48692231702770     
      6     10      1     12   2.29897514068925     
      2     11      1     12 -0.138650667145887     
      5     11      1     12  -2.21139603101751     
      1     12      1     12  -5.55870000000000     
      4     12      1     12   1.53127514068925     
      6      8      2     12  -2.73125000000000     
      6     11      2     12  0.767700000000000     
      2     12      2     12  -5.79885000000000     
      5     12      2     12 -0.767700000000000     
      2      7      3     12   2.78163469556919     
      5      7      3     12   2.29897514068925     
      1      8      3     12  0.113367256761756     
      4      8      3     12  -1.53127514068925     
      6      9      3     12  -2.52504500000000     
      2     10      3     12  -2.29897514068925     
      5     10      3     12 -0.562484999999998     
      1     11      3     12   1.53127514068925     
      4     11      3     12  0.375915000000003     
      3     12      3     12  -5.44534500000000     
      6      7      4     12   2.29897514068925     
      2      8      4     12   1.67143015648277     
      5      8      4     12 -0.440850313023442     
      6     10      4     12  -3.08753000000000     
      2     11      4     12  -1.77054571799407     
      5     11      4     12 -0.215432479445412     
      1     12      4     12   1.53127514068925     
      4     12      4     12  -5.06943000000000     
      6      8      5     12  0.767700000000000     
      6     11      5     12  -3.27409999999999     
      2     12      5     12 -0.767700000000000     
      5     12      5     12  -5.25599999999999     
      6     12      6     12  -8.53010000000000     
      8     11      7     12  -1.62557298417358     
      7     12      7     12 -0.252025000000000     
     10     12      7     12 -0.767700000000000     
      8     12      8     12  -3.06760000000000     
     11     12      8     12  -1.53540000000000     
      7      8      9     12  -2.66826743880744     
      8     10      9     12 -0.767700000000000     
      7     11      9     12 -0.767700000000000     
     10     11      9     12  0.938400000000000     
      9     12      9     12  -2.92030000000000     
      8     11     10     12  -1.32969540497063     
      7     12     10     12 -0.767700000000000     
     10     12     10     12  -1.98190000000000     
      8     12     11     12  -1.53540000000000     
     11     12     11     12  -1.98190000000000     
