      1      2      1      2  -1.21310000000000     
      2      4      1      2  0.000000000000000E+000
      1      5      1      2  0.000000000000000E+000
      4      5      1      2   2.40819356468702     
      3      6      1      2  -2.40819356468702     
      1      3      1      3  -2.70880000000000     
      3      4      1      3 -0.860500000000000     
      2      3      2      3 -0.452650000000000     
      1      4      2      3  -1.30258880983217     
      3      5      2      3 -0.430250000000000     
      2      3      1      4  -1.30258880983217     
      1      4      1      4  -1.95675000000000     
      3      5      1      4 -0.745214859956510     
      1      2      2      4  0.000000000000000E+000
      2      4      2      4  -1.20470000000000     
      1      5      2      4  -1.50410000000000     
      4      5      2      4 -0.430250000000000     
      3      6      2      4 -0.430250000000000     
      1      3      3      4 -0.860500000000000     
      3      4      3      4  -2.10030000000000     
      1      2      1      5  0.000000000000000E+000
      2      4      1      5  -1.50410000000000     
      1      5      1      5  -1.20470000000000     
      4      5      1      5 -0.430250000000000     
      3      6      1      5 -0.430250000000000     
      2      5      2      5  -1.95675000000000     
      1      6      2      5  -1.30258880983217     
      4      6      2      5 -0.745214859956510     
      2      3      3      5 -0.430250000000000     
      1      4      3      5 -0.745214859956510     
      3      5      3      5  -2.10030000000000     
      1      2      4      5   2.40819356468702     
      2      4      4      5 -0.430250000000000     
      1      5      4      5 -0.430250000000000     
      4      5      4      5  -2.86080000000000     
      3      6      4      5  0.760500000000000     
      2      5      1      6  -1.30258880983217     
      1      6      1      6 -0.452650000000000     
      4      6      1      6 -0.430250000000000     
      2      6      2      6  -2.70880000000000     
      5      6      2      6 -0.860500000000000     
      1      2      3      6  -2.40819356468702     
      2      4      3      6 -0.430250000000000     
      1      5      3      6 -0.430250000000000     
      4      5      3      6  0.760500000000000     
      3      6      3      6  -2.86080000000000     
      2      5      4      6 -0.745214859956510     
      1      6      4      6 -0.430250000000000     
      4      6      4      6  -2.10030000000000     
      2      6      5      6 -0.860500000000000     
      5      6      5      6  -2.10030000000000     
      1      7      1      7  -8.28570000000000     
      4      7      1      7  0.592201929243734     
      3      8      1      7  -1.02572382979046     
      2      9      1      7  -1.02572382979046     
      5      9      1      7   3.21967750978262     
      1     10      1      7  0.592201929243734     
      4     10      1      7  -3.71776335395356     
      3     11      1      7   3.21967750978262     
      2      7      2      7  -4.74940000000000     
      5      7      2      7  0.592201929243734     
      1      8      2      7  -3.53630000000000     
      4      8      2      7 -0.592201929243734     
      6      9      2      7   1.58422573312166     
      2     10      2      7 -0.592201929243734     
      5     10      2      7  0.274655943855123     
      1     11      2      7  0.592201929243734     
      4     11      2      7  -2.13353762083190     
      3     12      2      7   3.99241929780868     
      3      7      3      7  -6.84545000000000     
      1      9      3      7  -4.13665000000000     
      4      9      3      7 -0.430250000000000     
      3     10      3      7  0.430250000000000     
      1      7      4      7  0.592201929243734     
      4      7      4      7  -6.77072500000000     
      3      8      4      7 -0.129427496595584     
      2      9      4      7   1.17316131323659     
      5      9      4      7   1.39118791571807     
      1     10      4      7  -4.81397500000000     
      4     10      4      7  -2.03665543526636     
      3     11      4      7   2.13640277567458     
      2      7      5      7  0.592201929243734     
      5      7      5      7  -6.69600000000000     
      1      8      5      7  0.592201929243734     
      4      8      5      7 -0.149449999999998     
      6      9      5      7   2.83985815289954     
      2     10      5      7   1.35465000000000     
      5     10      5      7  -1.23345271763318     
      1     11      5      7  -5.49130000000000     
      4     11      5      7 -0.803202717633180     
      3     12      5      7   3.27010815289954     
      6      7      6      7  -6.62127500000000     
      2      8      6      7   1.02572382979046     
      5      8      6      7 -0.129427496595583     
      6     10      6      7   2.83985815289954     
      2     11      6      7   1.17316131323659     
      5     11      6      7  -3.52759069139264     
      1     12      6      7  -6.16862500000000     
      4     12      6      7   3.27010815289954     
      2      7      1      8  -3.53630000000000     
      5      7      1      8  0.592201929243734     
      1      8      1      8  -4.74940000000000     
      4      8      1      8 -0.592201929243734     
      6      9      1      8   3.99241929780868     
      2     10      1      8 -0.592201929243734     
      5     10      1      8  -2.13353762083190     
      1     11      1      8  0.592201929243734     
      4     11      1      8  0.274655943855123     
      3     12      1      8   1.58422573312166     
      6      7      2      8   1.02572382979046     
      2      8      2      8  -8.28570000000000     
      5      8      2      8 -0.592201929243734     
      6     10      2      8   3.21967750978262     
      2     11      2      8 -0.592201929243734     
      5     11      2      8  -3.71776335395356     
      1     12      2      8   1.02572382979046     
      4     12      2      8   3.21967750978262     
      1      7      3      8  -1.02572382979046     
      4      7      3      8 -0.129427496595583     
      3      8      3      8  -6.62127500000000     
      2      9      3      8  -6.16862500000000     
      5      9      3      8  -3.27010815289954     
      1     10      3      8   1.17316131323659     
      4     10      3      8   3.52759069139264     
      3     11      3      8  -2.83985815289954     
      2      7      4      8 -0.592201929243734     
      5      7      4      8 -0.149449999999998     
      1      8      4      8 -0.592201929243734     
      4      8      4      8  -6.69600000000000     
      6      9      4      8  -3.27010815289954     
      2     10      4      8  -5.49130000000000     
      5     10      4      8  0.803202717633180     
      1     11      4      8   1.35465000000000     
      4     11      4      8   1.23345271763318     
      3     12      4      8  -2.83985815289954     
      6      7      5      8 -0.129427496595584     
      2      8      5      8 -0.592201929243734     
      5      8      5      8  -6.77072500000000     
      6     10      5      8  -2.13640277567458     
      2     11      5      8  -4.81397500000000     
      5     11      5      8   2.03665543526636     
      1     12      5      8   1.17316131323659     
      4     12      5      8  -1.39118791571807     
      6      8      6      8  -6.84545000000000     
      6     11      6      8 -0.430250000000000     
      2     12      6      8  -4.13665000000000     
      5     12      6      8  0.430250000000000     
      7      8      7      8  -1.21310000000000     
      8     10      7      8  0.000000000000000E+000
      7     11      7      8  0.000000000000000E+000
     10     11      7      8   2.40819356468702     
      9     12      7      8  -2.40819356468702     
      3      7      1      9  -4.13665000000000     
      1      9      1      9  -6.84545000000000     
      4      9      1      9  0.430250000000000     
      3     10      1      9 -0.430250000000000     
      1      7      2      9  -1.02572382979046     
      4      7      2      9   1.17316131323659     
      3      8      2      9  -6.16862500000000     
      2      9      2      9  -6.62127500000000     
      5      9      2      9  -2.83985815289954     
      1     10      2      9 -0.129427496595583     
      4     10      2      9   3.52759069139264     
      3     11      2      9  -3.27010815289954     
      3      9      3      9  -10.9821000000000     
      3      7      4      9 -0.430250000000000     
      1      9      4      9  0.430250000000000     
      4      9      4      9  -6.54120000000000     
      3     10      4      9  -4.44089999999999     
      1      7      5      9   3.21967750978262     
      4      7      5      9   1.39118791571807     
      3      8      5      9  -3.27010815289954     
      2      9      5      9  -2.83985815289954     
      5      9      5      9  -5.28492000000000     
      1     10      5      9   2.13640277567458     
      4     10      5      9  -1.45062719235508     
      3     11      5      9  -3.18462000000000     
      2      7      6      9   1.58422573312166     
      5      7      6      9   2.83985815289954     
      1      8      6      9   3.99241929780868     
      4      8      6      9  -3.27010815289954     
      6      9      6      9  -5.03703000000000     
      2     10      6      9  -2.83985815289954     
      5     10      6      9 -0.247889999999998     
      1     11      6      9   3.27010815289954     
      4     11      6      9  -1.00839000000000     
      3     12      6      9  -2.17623000000000     
      7      9      7      9  -2.70880000000000     
      9     10      7      9 -0.860500000000000     
      8      9      8      9 -0.452650000000000     
      7     10      8      9  -1.30258880983217     
      9     11      8      9 -0.430250000000000     
      1      7      1     10  0.592201929243734     
      4      7      1     10  -4.81397500000000     
      3      8      1     10   1.17316131323659     
      2      9      1     10 -0.129427496595584     
      5      9      1     10   2.13640277567458     
      1     10      1     10  -6.77072500000000     
      4     10      1     10  -2.03665543526636     
      3     11      1     10   1.39118791571807     
      2      7      2     10 -0.592201929243734     
      5      7      2     10   1.35465000000000     
      1      8      2     10 -0.592201929243734     
      4      8      2     10  -5.49130000000000     
      6      9      2     10  -2.83985815289954     
      2     10      2     10  -6.69600000000000     
      5     10      2     10   1.23345271763318     
      1     11      2     10 -0.149449999999998     
      4     11      2     10  0.803202717633180     
      3     12      2     10  -3.27010815289954     
      3      7      3     10  0.430250000000000     
      1      9      3     10 -0.430250000000000     
      4      9      3     10  -4.44089999999999     
      3     10      3     10  -6.54119999999999     
      1      7      4     10  -3.71776335395356     
      4      7      4     10  -2.03665543526636     
      3      8      4     10   3.52759069139264     
      2      9      4     10   3.52759069139264     
      5      9      4     10  -1.45062719235508     
      1     10      4     10  -2.03665543526636     
      4     10      4     10  -9.30706000000000     
      3     11      4     10  -1.45062719235508     
      2      7      5     10  0.274655943855123     
      5      7      5     10  -1.23345271763318     
      1      8      5     10  -2.13353762083190     
      4      8      5     10  0.803202717633180     
      6      9      5     10 -0.247889999999998     
      2     10      5     10   1.23345271763318     
      5     10      5     10  -6.71207000000000     
      1     11      5     10 -0.803202717633180     
      4     11      5     10  -3.85127000000000     
      3     12      5     10  -1.00839000000000     
      6      7      6     10   2.83985815289954     
      2      8      6     10   3.21967750978262     
      5      8      6     10  -2.13640277567458     
      6     10      6     10  -5.28492000000000     
      2     11      6     10  -1.39118791571807     
      5     11      6     10  -1.45062719235508     
      1     12      6     10   3.27010815289954     
      4     12      6     10  -3.18462000000000     
      8      9      7     10  -1.30258880983217     
      7     10      7     10  -1.95675000000000     
      9     11      7     10 -0.745214859956510     
      7      8      8     10  0.000000000000000E+000
      8     10      8     10  -1.20470000000000     
      7     11      8     10  -1.50410000000000     
     10     11      8     10 -0.430250000000000     
      9     12      8     10 -0.430250000000000     
      7      9      9     10 -0.860500000000000     
      9     10      9     10  -2.10030000000000     
      2      7      1     11  0.592201929243734     
      5      7      1     11  -5.49130000000000     
      1      8      1     11  0.592201929243734     
      4      8      1     11   1.35465000000000     
      6      9      1     11   3.27010815289954     
      2     10      1     11 -0.149449999999998     
      5     10      1     11 -0.803202717633180     
      1     11      1     11  -6.69600000000000     
      4     11      1     11  -1.23345271763318     
      3     12      1     11   2.83985815289954     
      6      7      2     11   1.17316131323659     
      2      8      2     11 -0.592201929243734     
      5      8      2     11  -4.81397500000000     
      6     10      2     11  -1.39118791571807     
      2     11      2     11  -6.77072500000000     
      5     11      2     11   2.03665543526636     
      1     12      2     11 -0.129427496595584     
      4     12      2     11  -2.13640277567458     
      1      7      3     11   3.21967750978262     
      4      7      3     11   2.13640277567458     
      3      8      3     11  -2.83985815289954     
      2      9      3     11  -3.27010815289954     
      5      9      3     11  -3.18462000000000     
      1     10      3     11   1.39118791571807     
      4     10      3     11  -1.45062719235508     
      3     11      3     11  -5.28492000000000     
      2      7      4     11  -2.13353762083190     
      5      7      4     11 -0.803202717633180     
      1      8      4     11  0.274655943855123     
      4      8      4     11   1.23345271763318     
      6      9      4     11  -1.00839000000000     
      2     10      4     11  0.803202717633180     
      5     10      4     11  -3.85127000000000     
      1     11      4     11  -1.23345271763318     
      4     11      4     11  -6.71207000000000     
      3     12      4     11 -0.247889999999998     
      6      7      5     11  -3.52759069139264     
      2      8      5     11  -3.71776335395356     
      5      8      5     11   2.03665543526636     
      6     10      5     11  -1.45062719235508     
      2     11      5     11   2.03665543526636     
      5     11      5     11  -9.30706000000000     
      1     12      5     11  -3.52759069139264     
      4     12      5     11  -1.45062719235508     
      6      8      6     11 -0.430250000000000     
      6     11      6     11  -6.54120000000000     
      2     12      6     11  0.430250000000000     
      5     12      6     11  -4.44089999999999     
      7      8      7     11  0.000000000000000E+000
      8     10      7     11  -1.50410000000000     
      7     11      7     11  -1.20470000000000     
     10     11      7     11 -0.430250000000000     
      9     12      7     11 -0.430250000000000     
      8     11      8     11  -1.95675000000000     
      7     12      8     11  -1.30258880983217     
     10     12      8     11 -0.745214859956510     
      8      9      9     11 -0.430250000000000     
      7     10      9     11 -0.745214859956510     
      9     11      9     11  -2.10030000000000     
      7      8     10     11   2.40819356468702     
      8     10     10     11 -0.430250000000000     
      7     11     10     11 -0.430250000000000     
     10     11     10     11  -2.86080000000000     
      9     12     10     11  0.760500000000000     
      6      7      1     12  -6.16862500000000     
      2      8      1     12   1.02572382979046     
      5      8      1     12   1.17316131323659     
      6     10      1     12   3.27010815289954     
      2     11      1     12 -0.129427496595583     
      5     11      1     12  -3.52759069139264     
      1     12      1     12  -6.62127500000000     
      4     12      1     12   2.83985815289954     
      6      8      2     12  -4.13665000000000     
      6     11      2     12  0.430250000000000     
      2     12      2     12  -6.84545000000000     
      5     12      2     12 -0.430250000000000     
      2      7      3     12   3.99241929780868     
      5      7      3     12   3.27010815289954     
      1      8      3     12   1.58422573312166     
      4      8      3     12  -2.83985815289954     
      6      9      3     12  -2.17623000000000     
      2     10      3     12  -3.27010815289954     
      5     10      3     12  -1.00839000000000     
      1     11      3     12   2.83985815289954     
      4     11      3     12 -0.247889999999998     
      3     12      3     12  -5.03703000000000     
      6      7      4     12   3.27010815289954     
      2      8      4     12   3.21967750978262     
      5      8      4     12  -1.39118791571807     
      6     10      4     12  -3.18462000000000     
      2     11      4     12  -2.13640277567458     
      5     11      4     12  -1.45062719235508     
      1     12      4     12   2.83985815289954     
      4     12      4     12  -5.28492000000000     
      6      8      5     12  0.430250000000000     
      6     11      5     12  -4.44089999999999     
      2     12      5     12 -0.430250000000000     
      5     12      5     12  -6.54119999999999     
      6     12      6     12  -10.9821000000000     
      8     11      7     12  -1.30258880983217     
      7     12      7     12 -0.452650000000000     
     10     12      7     12 -0.430250000000000     
      8     12      8     12  -2.70880000000000     
     11     12      8     12 -0.860500000000000     
      7      8      9     12  -2.40819356468702     
      8     10      9     12 -0.430250000000000     
      7     11      9     12 -0.430250000000000     
     10     11      9     12  0.760500000000000     
      9     12      9     12  -2.86080000000000     
      8     11     10     12 -0.745214859956510     
      7     12     10     12 -0.430250000000000     
     10     12     10     12  -2.10030000000000     
      8     12     11     12 -0.860500000000000     
     11     12     11     12  -2.10030000000000     
