      1      1      1      1           2           0   6.12505127080582     
      1      1      1      1           0           0  -13.0351000000000     
      1      1      1      2           2           0  -2.05144765958091     
      1      1      2      1           2           0  -2.05144765958091     
      1      1      2      2           4           0  -8.92732094458219     
      1      1      2      2           2           0   5.96363697020738     
      1      2      1      1           2           0   2.05144765958091     
      1      2      1      2           2           0  0.409285681095737     
      1      2      1      2           0           0  -19.0448251357488     
      1      2      2      1           4           0   13.7934648277046     
      1      2      2      1           2           0  -5.99172665989320     
      1      2      2      2           4           0   10.3409899582487     
      1      2      2      2           2           0   4.39932246697145     
      2      1      1      1           2           0   2.05144765958091     
      2      1      1      2           4           0   13.7934648277046     
      2      1      1      2           2           0  -5.99172665989320     
      2      1      2      1           2           0  0.409285681095737     
      2      1      2      1           0           0  -19.0448251357488     
      2      1      2      2           4           0   10.3409899582487     
      2      1      2      2           2           0   4.39932246697145     
      2      2      1      1           4           0  -8.92732094458219     
      2      2      1      1           2           0   5.96363697020738     
      2      2      1      2           4           0  -10.3409899582487     
      2      2      1      2           2           0  -4.39932246697145     
      2      2      2      1           4           0  -10.3409899582487     
      2      2      2      1           2           0  -4.39932246697145     
      2      2      2      2           6           0   5.75776337567810     
      2      2      2      2           4           0  -9.37585539033640     
      2      2      2      2           2           0   11.0224768907310     
      2      2      2      2           0           0  -27.8452500000000     
      1      1      1      1           2           0   6.12505127080582     
      1      1      1      1           0           0  -13.0351000000000     
      1      1      1      2           2           0  -2.05144765958091     
      1      1      2      1           2           0  -2.05144765958091     
      1      1      2      2           4           0  -8.92732094458219     
      1      1      2      2           2           0   5.96363697020738     
      1      2      1      1           2           0   2.05144765958091     
      1      2      1      2           2           0  0.409285681095737     
      1      2      1      2           0           0  -19.0448251357488     
      1      2      2      1           4           0   13.7934648277046     
      1      2      2      1           2           0  -5.99172665989320     
      1      2      2      2           4           0   10.3409899582487     
      1      2      2      2           2           0   4.39932246697145     
      2      1      1      1           2           0   2.05144765958091     
      2      1      1      2           4           0   13.7934648277046     
      2      1      1      2           2           0  -5.99172665989320     
      2      1      2      1           2           0  0.409285681095737     
      2      1      2      1           0           0  -19.0448251357488     
      2      1      2      2           4           0   10.3409899582487     
      2      1      2      2           2           0   4.39932246697145     
      2      2      1      1           4           0  -8.92732094458219     
      2      2      1      1           2           0   5.96363697020738     
      2      2      1      2           4           0  -10.3409899582487     
      2      2      1      2           2           0  -4.39932246697145     
      2      2      2      1           4           0  -10.3409899582487     
      2      2      2      1           2           0  -4.39932246697145     
      2      2      2      2           6           0   5.75776337567810     
      2      2      2      2           4           0  -9.37585539033640     
      2      2      2      2           2           0   11.0224768907310     
      2      2      2      2           0           0  -27.8452500000000     
          60           6
   1   1   3   3   0   0   0   0-13.0351   1   1
   1   1   3   3   2   0   0   0  6.1251   1   1
   1   1   3   4   2   0   0   0 -2.0514   1   1
   1   1   4   3   2   0   0   0  2.0514   1   1
   1   1   4   4   0   0   0   0-19.0448   1   1
   1   1   4   4   2   0   0   0  0.4093   1   1
   1   2   3   3   2   0   0   0 -2.0514   1   1
   1   2   3   4   2   0   0   0  5.9636   1   1
   1   2   3   4   4   0   0   0 -8.9273   1   1
   1   2   4   3   2   0   0   0 -5.9917   1   1
   1   2   4   3   4   0   0   0 13.7935   1   1
   1   2   4   4   2   0   0   0  4.3993   1   1
   1   2   4   4   4   0   0   0 10.3410   1   1
   2   1   3   3   2   0   0   0  2.0514   1   1
   2   1   3   4   2   0   0   0 -5.9917   1   1
   2   1   3   4   4   0   0   0 13.7935   1   1
   2   1   4   3   2   0   0   0  5.9636   1   1
   2   1   4   3   4   0   0   0 -8.9273   1   1
   2   1   4   4   2   0   0   0 -4.3993   1   1
   2   1   4   4   4   0   0   0-10.3410   1   1
   2   2   3   3   0   0   0   0-19.0448   1   1
   2   2   3   3   2   0   0   0  0.4093   1   1
   2   2   3   4   2   0   0   0  4.3993   1   1
   2   2   3   4   4   0   0   0 10.3410   1   1
   2   2   4   3   2   0   0   0 -4.3993   1   1
   2   2   4   3   4   0   0   0-10.3410   1   1
   2   2   4   4   0   0   0   0-27.8453   1   1
   2   2   4   4   2   0   0   0 11.0225   1   1
   2   2   4   4   4   0   0   0 -9.3759   1   1
   2   2   4   4   6   0   0   0  5.7578   1   1
   3   3   1   1   0   0   0   0-13.0351   1   1
   3   3   1   1   2   0   0   0  6.1251   1   1
   3   3   1   2   2   0   0   0 -2.0514   1   1
   3   3   2   1   2   0   0   0  2.0514   1   1
   3   3   2   2   0   0   0   0-19.0448   1   1
   3   3   2   2   2   0   0   0  0.4093   1   1
   3   4   1   1   2   0   0   0 -2.0514   1   1
   3   4   1   2   2   0   0   0  5.9636   1   1
   3   4   1   2   4   0   0   0 -8.9273   1   1
   3   4   2   1   2   0   0   0 -5.9917   1   1
   3   4   2   1   4   0   0   0 13.7935   1   1
   3   4   2   2   2   0   0   0  4.3993   1   1
   3   4   2   2   4   0   0   0 10.3410   1   1
   4   3   1   1   2   0   0   0  2.0514   1   1
   4   3   1   2   2   0   0   0 -5.9917   1   1
   4   3   1   2   4   0   0   0 13.7935   1   1
   4   3   2   1   2   0   0   0  5.9636   1   1
   4   3   2   1   4   0   0   0 -8.9273   1   1
   4   3   2   2   2   0   0   0 -4.3993   1   1
   4   3   2   2   4   0   0   0-10.3410   1   1
   4   4   1   1   0   0   0   0-19.0448   1   1
   4   4   1   1   2   0   0   0  0.4093   1   1
   4   4   1   2   2   0   0   0  4.3993   1   1
   4   4   1   2   4   0   0   0 10.3410   1   1
   4   4   2   1   2   0   0   0 -4.3993   1   1
   4   4   2   1   4   0   0   0-10.3410   1   1
   4   4   2   2   0   0   0   0-27.8453   1   1
   4   4   2   2   2   0   0   0 11.0225   1   1
   4   4   2   2   4   0   0   0 -9.3759   1   1
   4   4   2   2   6   0   0   0  5.7578   1   1
