      1      1      1      1           2           0   4.64605308622276     
      1      1      1      1           0           0  -10.6564000000000     
      1      1      1      2           2           0 -0.442867745495199     
      1      1      2      1           2           0 -0.442867745495199     
      1      1      2      2           4           0  -6.17432058208744     
      1      1      2      2           2           0   2.57527759078733     
      1      2      1      1           2           0  0.442867745495199     
      1      2      1      2           2           0 -3.861444030411132E-002
      1      2      1      2           0           0  -14.9867746738583     
      1      2      2      1           4           0   11.1253326152525     
      1      2      2      1           2           0  -3.18766630624976     
      1      2      2      2           4           0   7.59601438076291     
      1      2      2      2           2           0   1.89543162689742     
      2      1      1      1           2           0  0.442867745495199     
      2      1      1      2           4           0   11.1253326152525     
      2      1      1      2           2           0  -3.18766630624976     
      2      1      2      1           2           0 -3.861444030411132E-002
      2      1      2      1           0           0  -14.9867746738583     
      2      1      2      2           4           0   7.59601438076291     
      2      1      2      2           2           0   1.89543162689742     
      2      2      1      1           4           0  -6.17432058208744     
      2      2      1      1           2           0   2.57527759078733     
      2      2      1      2           4           0  -7.59601438076292     
      2      2      1      2           2           0  -1.89543162689742     
      2      2      2      1           4           0  -7.59601438076292     
      2      2      2      1           2           0  -1.89543162689742     
      2      2      2      2           6           0   5.85815640917645     
      2      2      2      2           4           0  -7.72813043873646     
      2      2      2      2           2           0   5.40083752689108     
      2      2      2      2           0           0  -22.1371250000000     
      1      1      1      1           2           0   4.64605308622276     
      1      1      1      1           0           0  -10.6564000000000     
      1      1      1      2           2           0 -0.442867745495199     
      1      1      2      1           2           0 -0.442867745495199     
      1      1      2      2           4           0  -6.17432058208744     
      1      1      2      2           2           0   2.57527759078733     
      1      2      1      1           2           0  0.442867745495199     
      1      2      1      2           2           0 -3.861444030411132E-002
      1      2      1      2           0           0  -14.9867746738583     
      1      2      2      1           4           0   11.1253326152525     
      1      2      2      1           2           0  -3.18766630624976     
      1      2      2      2           4           0   7.59601438076291     
      1      2      2      2           2           0   1.89543162689742     
      2      1      1      1           2           0  0.442867745495199     
      2      1      1      2           4           0   11.1253326152525     
      2      1      1      2           2           0  -3.18766630624976     
      2      1      2      1           2           0 -3.861444030411132E-002
      2      1      2      1           0           0  -14.9867746738583     
      2      1      2      2           4           0   7.59601438076291     
      2      1      2      2           2           0   1.89543162689742     
      2      2      1      1           4           0  -6.17432058208744     
      2      2      1      1           2           0   2.57527759078733     
      2      2      1      2           4           0  -7.59601438076292     
      2      2      1      2           2           0  -1.89543162689742     
      2      2      2      1           4           0  -7.59601438076292     
      2      2      2      1           2           0  -1.89543162689742     
      2      2      2      2           6           0   5.85815640917645     
      2      2      2      2           4           0  -7.72813043873646     
      2      2      2      2           2           0   5.40083752689108     
      2      2      2      2           0           0  -22.1371250000000     
          60           6
   1   1   3   3   0   0   0   0-10.6564   1   1
   1   1   3   3   2   0   0   0  4.6461   1   1
   1   1   3   4   2   0   0   0 -0.4429   1   1
   1   1   4   3   2   0   0   0  0.4429   1   1
   1   1   4   4   0   0   0   0-14.9868   1   1
   1   1   4   4   2   0   0   0 -0.0386   1   1
   1   2   3   3   2   0   0   0 -0.4429   1   1
   1   2   3   4   2   0   0   0  2.5753   1   1
   1   2   3   4   4   0   0   0 -6.1743   1   1
   1   2   4   3   2   0   0   0 -3.1877   1   1
   1   2   4   3   4   0   0   0 11.1253   1   1
   1   2   4   4   2   0   0   0  1.8954   1   1
   1   2   4   4   4   0   0   0  7.5960   1   1
   2   1   3   3   2   0   0   0  0.4429   1   1
   2   1   3   4   2   0   0   0 -3.1877   1   1
   2   1   3   4   4   0   0   0 11.1253   1   1
   2   1   4   3   2   0   0   0  2.5753   1   1
   2   1   4   3   4   0   0   0 -6.1743   1   1
   2   1   4   4   2   0   0   0 -1.8954   1   1
   2   1   4   4   4   0   0   0 -7.5960   1   1
   2   2   3   3   0   0   0   0-14.9868   1   1
   2   2   3   3   2   0   0   0 -0.0386   1   1
   2   2   3   4   2   0   0   0  1.8954   1   1
   2   2   3   4   4   0   0   0  7.5960   1   1
   2   2   4   3   2   0   0   0 -1.8954   1   1
   2   2   4   3   4   0   0   0 -7.5960   1   1
   2   2   4   4   0   0   0   0-22.1371   1   1
   2   2   4   4   2   0   0   0  5.4008   1   1
   2   2   4   4   4   0   0   0 -7.7281   1   1
   2   2   4   4   6   0   0   0  5.8582   1   1
   3   3   1   1   0   0   0   0-10.6564   1   1
   3   3   1   1   2   0   0   0  4.6461   1   1
   3   3   1   2   2   0   0   0 -0.4429   1   1
   3   3   2   1   2   0   0   0  0.4429   1   1
   3   3   2   2   0   0   0   0-14.9868   1   1
   3   3   2   2   2   0   0   0 -0.0386   1   1
   3   4   1   1   2   0   0   0 -0.4429   1   1
   3   4   1   2   2   0   0   0  2.5753   1   1
   3   4   1   2   4   0   0   0 -6.1743   1   1
   3   4   2   1   2   0   0   0 -3.1877   1   1
   3   4   2   1   4   0   0   0 11.1253   1   1
   3   4   2   2   2   0   0   0  1.8954   1   1
   3   4   2   2   4   0   0   0  7.5960   1   1
   4   3   1   1   2   0   0   0  0.4429   1   1
   4   3   1   2   2   0   0   0 -3.1877   1   1
   4   3   1   2   4   0   0   0 11.1253   1   1
   4   3   2   1   2   0   0   0  2.5753   1   1
   4   3   2   1   4   0   0   0 -6.1743   1   1
   4   3   2   2   2   0   0   0 -1.8954   1   1
   4   3   2   2   4   0   0   0 -7.5960   1   1
   4   4   1   1   0   0   0   0-14.9868   1   1
   4   4   1   1   2   0   0   0 -0.0386   1   1
   4   4   1   2   2   0   0   0  1.8954   1   1
   4   4   1   2   4   0   0   0  7.5960   1   1
   4   4   2   1   2   0   0   0 -1.8954   1   1
   4   4   2   1   4   0   0   0 -7.5960   1   1
   4   4   2   2   0   0   0   0-22.1371   1   1
   4   4   2   2   2   0   0   0  5.4008   1   1
   4   4   2   2   4   0   0   0 -7.7281   1   1
   4   4   2   2   6   0   0   0  5.8582   1   1
