 ! Total Interaction
  20
   1   1   1   1     1     0  -6.6694
   1   2   1   1     1     0  -0.3616
   2   2   1   1     1     0   3.3584
   1   1   1   2     1     0  -0.3616
   1   2   1   2     1     0 -11.0754
   2   2   1   2     1     0  -6.1450
   1   1   2   2     1     0   3.3584
   1   2   2   2     1     0  -6.1450
   2   2   2   2     1     0  -7.0082
   1   2   1   2     2     0  -7.9122
   2   2   2   2     3     0  -7.9122
   1   1   1   1     0     1  -1.3046
   2   2   1   1     0     1  -3.3042
   1   1   2   2     0     1  -3.3042
   2   2   2   2     0     1  -3.6410
   1   2   1   2     1     1   0.4429
   1   2   1   2     2     1  -2.6639
   2   2   1   2     2     1   1.3639
   1   2   2   2     2     1   1.3639
   2   2   2   2     2     1  -1.6995
