      1      2      1      2  -1.30460000000000     
      2      4      1      2  0.000000000000000E+000
      1      5      1      2  0.000000000000000E+000
      4      5      1      2   2.33642222639659     
      3      6      1      2  -2.33642222639659     
      1      3      1      3  -2.66390000000000     
      3      4      1      3  -1.36390000000000     
      2      3      2      3 -0.333800000000000     
      1      4      2      3  -1.34528386223875     
      3      5      2      3 -0.681950000000000     
      2      3      1      4  -1.34528386223875     
      1      4      1      4  -1.88720000000000     
      3      5      1      4  -1.18117204822160     
      1      2      2      4  0.000000000000000E+000
      2      4      2      4  -1.11050000000000     
      1      5      2      4  -1.55340000000000     
      4      5      2      4 -0.681950000000000     
      3      6      2      4 -0.681950000000000     
      1      3      3      4  -1.36390000000000     
      3      4      3      4  -1.69950000000000     
      1      2      1      5  0.000000000000000E+000
      2      4      1      5  -1.55340000000000     
      1      5      1      5  -1.11050000000000     
      4      5      1      5 -0.681950000000000     
      3      6      1      5 -0.681950000000000     
      2      5      2      5  -1.88720000000000     
      1      6      2      5  -1.34528386223875     
      4      6      2      5  -1.18117204822160     
      2      3      3      5 -0.681950000000000     
      1      4      3      5  -1.18117204822160     
      3      5      3      5  -1.69950000000000     
      1      2      4      5   2.33642222639659     
      2      4      4      5 -0.681950000000000     
      1      5      4      5 -0.681950000000000     
      4      5      4      5  -2.67025000000000     
      3      6      4      5  0.970750000000000     
      2      5      1      6  -1.34528386223875     
      1      6      1      6 -0.333800000000000     
      4      6      1      6 -0.681950000000000     
      2      6      2      6  -2.66390000000000     
      5      6      2      6  -1.36390000000000     
      1      2      3      6  -2.33642222639659     
      2      4      3      6 -0.681950000000000     
      1      5      3      6 -0.681950000000000     
      4      5      3      6  0.970750000000000     
      3      6      3      6  -2.67025000000000     
      2      5      4      6  -1.18117204822160     
      1      6      4      6 -0.681950000000000     
      4      6      4      6  -1.69950000000000     
      2      6      5      6  -1.36390000000000     
      5      6      5      6  -1.69950000000000     
      1      7      1      7  -6.66940000000000     
      4      7      1      7  0.127844906038528     
      3      8      1      7 -0.221433872747599     
      2      9      1      7 -0.221433872747599     
      5      9      1      7   1.83947143712535     
      1     10      1      7  0.127844906038528     
      4     10      1      7  -2.12403865878190     
      3     11      1      7   1.83947143712535     
      2      7      2      7  -3.98700000000000     
      5      7      2      7  0.127844906038528     
      1      8      2      7  -2.68240000000000     
      4      8      2      7 -0.127844906038528     
      6      9      2      7  0.424817880888128     
      2     10      2      7 -0.127844906038528     
      5     10      2      7  0.637201448502821     
      1     11      2      7  0.127844906038528     
      4     11      2      7  -1.69922077789377     
      3     12      2      7   2.76124010728472     
      3      7      3      7  -5.28805000000000     
      1      9      3      7  -2.62415000000000     
      4      9      3      7 -0.681950000000000     
      3     10      3      7  0.681950000000000     
      1      7      4      7  0.127844906038528     
      4      7      4      7  -5.29510000000000     
      3      8      4      7  1.221095819336127E-002
      2      9      4      7   1.35749482043211     
      5      9      4      7  0.599388109011431     
      1     10      4      7  -3.40790000000000     
      4     10      4      7  -1.37406377217362     
      3     11      4      7   1.78056015723303     
      2      7      5      7  0.127844906038528     
      5      7      5      7  -5.30215000000000     
      1      8      5      7  0.127844906038528     
      4      8      5      7  1.410000000000156E-002
      6      9      5      7   1.72012065826043     
      2     10      5      7   1.56750000000000     
      5     10      5      7  -1.02800688608681     
      1     11      5      7  -4.19165000000000     
      4     11      5      7 -0.346056886086811     
      3     12      5      7   2.40207065826043     
      6      7      6      7  -5.30920000000000     
      2      8      6      7  0.221433872747599     
      5      8      6      7  1.221095819336149E-002
      6     10      6      7   1.72012065826043     
      2     11      6      7   1.35749482043211     
      5     11      6      7  -2.37994826624446     
      1     12      6      7  -4.97540000000000     
      4     12      6      7   2.40207065826043     
      2      7      1      8  -2.68240000000000     
      5      7      1      8  0.127844906038528     
      1      8      1      8  -3.98700000000000     
      4      8      1      8 -0.127844906038528     
      6      9      1      8   2.76124010728472     
      2     10      1      8 -0.127844906038528     
      5     10      1      8  -1.69922077789377     
      1     11      1      8  0.127844906038528     
      4     11      1      8  0.637201448502821     
      3     12      1      8  0.424817880888128     
      6      7      2      8  0.221433872747599     
      2      8      2      8  -6.66940000000000     
      5      8      2      8 -0.127844906038528     
      6     10      2      8   1.83947143712535     
      2     11      2      8 -0.127844906038528     
      5     11      2      8  -2.12403865878190     
      1     12      2      8  0.221433872747599     
      4     12      2      8   1.83947143712535     
      1      7      3      8 -0.221433872747599     
      4      7      3      8  1.221095819336149E-002
      3      8      3      8  -5.30920000000000     
      2      9      3      8  -4.97540000000000     
      5      9      3      8  -2.40207065826043     
      1     10      3      8   1.35749482043211     
      4     10      3      8   2.37994826624446     
      3     11      3      8  -1.72012065826043     
      2      7      4      8 -0.127844906038528     
      5      7      4      8  1.410000000000156E-002
      1      8      4      8 -0.127844906038528     
      4      8      4      8  -5.30215000000000     
      6      9      4      8  -2.40207065826043     
      2     10      4      8  -4.19165000000000     
      5     10      4      8  0.346056886086811     
      1     11      4      8   1.56750000000000     
      4     11      4      8   1.02800688608681     
      3     12      4      8  -1.72012065826043     
      6      7      5      8  1.221095819336127E-002
      2      8      5      8 -0.127844906038528     
      5      8      5      8  -5.29510000000000     
      6     10      5      8  -1.78056015723303     
      2     11      5      8  -3.40790000000000     
      5     11      5      8   1.37406377217362     
      1     12      5      8   1.35749482043211     
      4     12      5      8 -0.599388109011431     
      6      8      6      8  -5.28805000000000     
      6     11      6      8 -0.681950000000000     
      2     12      6      8  -2.62415000000000     
      5     12      6      8  0.681950000000000     
      7      8      7      8  -1.30460000000000     
      8     10      7      8  0.000000000000000E+000
      7     11      7      8  0.000000000000000E+000
     10     11      7      8   2.33642222639659     
      9     12      7      8  -2.33642222639659     
      3      7      1      9  -2.62415000000000     
      1      9      1      9  -5.28805000000000     
      4      9      1      9  0.681950000000000     
      3     10      1      9 -0.681950000000000     
      1      7      2      9 -0.221433872747599     
      4      7      2      9   1.35749482043211     
      3      8      2      9  -4.97540000000000     
      2      9      2      9  -5.30920000000000     
      5      9      2      9  -1.72012065826043     
      1     10      2      9  1.221095819336149E-002
      4     10      2      9   2.37994826624446     
      3     11      2      9  -2.40207065826043     
      3      9      3      9  -7.91220000000000     
      3      7      4      9 -0.681950000000000     
      1      9      4      9  0.681950000000000     
      4      9      4      9  -4.80585000000000     
      3     10      4      9  -3.10635000000000     
      1      7      5      9   1.83947143712535     
      4      7      5      9  0.599388109011431     
      3      8      5      9  -2.40207065826043     
      2      9      5      9  -1.72012065826043     
      5      9      5      9  -4.53465000000000     
      1     10      5      9   1.78056015723303     
      4     10      5      9 -0.313154786008448     
      3     11      5      9  -2.83515000000000     
      2      7      6      9  0.424817880888128     
      5      7      6      9   1.72012065826043     
      1      8      6      9   2.76124010728472     
      4      8      6      9  -2.40207065826043     
      6      9      6      9  -4.88442500000000     
      2     10      6      9  -1.72012065826043     
      5     10      6      9  0.349775000000002     
      1     11      6      9   2.40207065826043     
      4     11      6      9 -0.620974999999998     
      3     12      6      9  -2.21417500000000     
      7      9      7      9  -2.66390000000000     
      9     10      7      9  -1.36390000000000     
      8      9      8      9 -0.333800000000000     
      7     10      8      9  -1.34528386223875     
      9     11      8      9 -0.681950000000000     
      1      7      1     10  0.127844906038528     
      4      7      1     10  -3.40790000000000     
      3      8      1     10   1.35749482043211     
      2      9      1     10  1.221095819336127E-002
      5      9      1     10   1.78056015723303     
      1     10      1     10  -5.29510000000000     
      4     10      1     10  -1.37406377217362     
      3     11      1     10  0.599388109011431     
      2      7      2     10 -0.127844906038528     
      5      7      2     10   1.56750000000000     
      1      8      2     10 -0.127844906038528     
      4      8      2     10  -4.19165000000000     
      6      9      2     10  -1.72012065826043     
      2     10      2     10  -5.30215000000000     
      5     10      2     10   1.02800688608681     
      1     11      2     10  1.410000000000156E-002
      4     11      2     10  0.346056886086811     
      3     12      2     10  -2.40207065826043     
      3      7      3     10  0.681950000000000     
      1      9      3     10 -0.681950000000000     
      4      9      3     10  -3.10635000000000     
      3     10      3     10  -4.80585000000000     
      1      7      4     10  -2.12403865878190     
      4      7      4     10  -1.37406377217362     
      3      8      4     10   2.37994826624446     
      2      9      4     10   2.37994826624446     
      5      9      4     10 -0.313154786008448     
      1     10      4     10  -1.37406377217362     
      4     10      4     10  -7.55060000000000     
      3     11      4     10 -0.313154786008448     
      2      7      5     10  0.637201448502821     
      5      7      5     10  -1.02800688608681     
      1      8      5     10  -1.69922077789377     
      4      8      5     10  0.346056886086811     
      6      9      5     10  0.349775000000002     
      2     10      5     10   1.02800688608681     
      5     10      5     10  -5.24602500000000     
      1     11      5     10 -0.346056886086811     
      4     11      5     10  -2.57577500000000     
      3     12      5     10 -0.620974999999998     
      6      7      6     10   1.72012065826043     
      2      8      6     10   1.83947143712535     
      5      8      6     10  -1.78056015723303     
      6     10      6     10  -4.53465000000000     
      2     11      6     10 -0.599388109011431     
      5     11      6     10 -0.313154786008448     
      1     12      6     10   2.40207065826043     
      4     12      6     10  -2.83515000000000     
      8      9      7     10  -1.34528386223875     
      7     10      7     10  -1.88720000000000     
      9     11      7     10  -1.18117204822160     
      7      8      8     10  0.000000000000000E+000
      8     10      8     10  -1.11050000000000     
      7     11      8     10  -1.55340000000000     
     10     11      8     10 -0.681950000000000     
      9     12      8     10 -0.681950000000000     
      7      9      9     10  -1.36390000000000     
      9     10      9     10  -1.69950000000000     
      2      7      1     11  0.127844906038528     
      5      7      1     11  -4.19165000000000     
      1      8      1     11  0.127844906038528     
      4      8      1     11   1.56750000000000     
      6      9      1     11   2.40207065826043     
      2     10      1     11  1.410000000000156E-002
      5     10      1     11 -0.346056886086811     
      1     11      1     11  -5.30215000000000     
      4     11      1     11  -1.02800688608681     
      3     12      1     11   1.72012065826043     
      6      7      2     11   1.35749482043211     
      2      8      2     11 -0.127844906038528     
      5      8      2     11  -3.40790000000000     
      6     10      2     11 -0.599388109011431     
      2     11      2     11  -5.29510000000000     
      5     11      2     11   1.37406377217362     
      1     12      2     11  1.221095819336127E-002
      4     12      2     11  -1.78056015723303     
      1      7      3     11   1.83947143712535     
      4      7      3     11   1.78056015723303     
      3      8      3     11  -1.72012065826043     
      2      9      3     11  -2.40207065826043     
      5      9      3     11  -2.83515000000000     
      1     10      3     11  0.599388109011431     
      4     10      3     11 -0.313154786008448     
      3     11      3     11  -4.53465000000000     
      2      7      4     11  -1.69922077789377     
      5      7      4     11 -0.346056886086811     
      1      8      4     11  0.637201448502821     
      4      8      4     11   1.02800688608681     
      6      9      4     11 -0.620974999999998     
      2     10      4     11  0.346056886086811     
      5     10      4     11  -2.57577500000000     
      1     11      4     11  -1.02800688608681     
      4     11      4     11  -5.24602500000000     
      3     12      4     11  0.349775000000002     
      6      7      5     11  -2.37994826624446     
      2      8      5     11  -2.12403865878190     
      5      8      5     11   1.37406377217362     
      6     10      5     11 -0.313154786008448     
      2     11      5     11   1.37406377217362     
      5     11      5     11  -7.55060000000000     
      1     12      5     11  -2.37994826624446     
      4     12      5     11 -0.313154786008448     
      6      8      6     11 -0.681950000000000     
      6     11      6     11  -4.80585000000000     
      2     12      6     11  0.681950000000000     
      5     12      6     11  -3.10635000000000     
      7      8      7     11  0.000000000000000E+000
      8     10      7     11  -1.55340000000000     
      7     11      7     11  -1.11050000000000     
     10     11      7     11 -0.681950000000000     
      9     12      7     11 -0.681950000000000     
      8     11      8     11  -1.88720000000000     
      7     12      8     11  -1.34528386223875     
     10     12      8     11  -1.18117204822160     
      8      9      9     11 -0.681950000000000     
      7     10      9     11  -1.18117204822160     
      9     11      9     11  -1.69950000000000     
      7      8     10     11   2.33642222639659     
      8     10     10     11 -0.681950000000000     
      7     11     10     11 -0.681950000000000     
     10     11     10     11  -2.67025000000000     
      9     12     10     11  0.970750000000000     
      6      7      1     12  -4.97540000000000     
      2      8      1     12  0.221433872747599     
      5      8      1     12   1.35749482043211     
      6     10      1     12   2.40207065826043     
      2     11      1     12  1.221095819336149E-002
      5     11      1     12  -2.37994826624446     
      1     12      1     12  -5.30920000000000     
      4     12      1     12   1.72012065826043     
      6      8      2     12  -2.62415000000000     
      6     11      2     12  0.681950000000000     
      2     12      2     12  -5.28805000000000     
      5     12      2     12 -0.681950000000000     
      2      7      3     12   2.76124010728472     
      5      7      3     12   2.40207065826043     
      1      8      3     12  0.424817880888128     
      4      8      3     12  -1.72012065826043     
      6      9      3     12  -2.21417500000000     
      2     10      3     12  -2.40207065826043     
      5     10      3     12 -0.620974999999998     
      1     11      3     12   1.72012065826043     
      4     11      3     12  0.349775000000002     
      3     12      3     12  -4.88442500000000     
      6      7      4     12   2.40207065826043     
      2      8      4     12   1.83947143712535     
      5      8      4     12 -0.599388109011431     
      6     10      4     12  -2.83515000000000     
      2     11      4     12  -1.78056015723303     
      5     11      4     12 -0.313154786008448     
      1     12      4     12   1.72012065826043     
      4     12      4     12  -4.53465000000000     
      6      8      5     12  0.681950000000000     
      6     11      5     12  -3.10635000000000     
      2     12      5     12 -0.681950000000000     
      5     12      5     12  -4.80585000000000     
      6     12      6     12  -7.91220000000000     
      8     11      7     12  -1.34528386223875     
      7     12      7     12 -0.333800000000000     
     10     12      7     12 -0.681950000000000     
      8     12      8     12  -2.66390000000000     
     11     12      8     12  -1.36390000000000     
      7      8      9     12  -2.33642222639659     
      8     10      9     12 -0.681950000000000     
      7     11      9     12 -0.681950000000000     
     10     11      9     12  0.970750000000000     
      9     12      9     12  -2.67025000000000     
      8     11     10     12  -1.18117204822160     
      7     12     10     12 -0.681950000000000     
     10     12     10     12  -1.69950000000000     
      8     12     11     12  -1.36390000000000     
     11     12     11     12  -1.69950000000000     
