      1      1      1      1           2           0   5.65791716800450     
      1      1      1      1           0           0  -12.3176000000000     
      1      1      1      2           2           0 -0.386162057949768     
      1      1      2      1           2           0 -0.386162057949768     
      1      1      2      2           4           0  -6.72539042184832     
      1      1      2      2           2           0   2.90997417234430     
      1      2      1      1           2           0  0.386162057949768     
      1      2      1      2           2           0 -0.220389864076141     
      1      2      1      2           0           0  -17.1216184346081     
      1      2      2      1           4           0   13.0013097958256     
      1      2      2      1           2           0  -3.86838392425942     
      1      2      2      2           4           0   8.47888352164481     
      1      2      2      2           2           0   2.24869028578415     
      2      1      1      1           2           0  0.386162057949768     
      2      1      1      2           4           0   13.0013097958256     
      2      1      1      2           2           0  -3.86838392425942     
      2      1      2      1           2           0 -0.220389864076141     
      2      1      2      1           0           0  -17.1216184346081     
      2      1      2      2           4           0   8.47888352164481     
      2      1      2      2           2           0   2.24869028578415     
      2      2      1      1           4           0  -6.72539042184832     
      2      2      1      1           2           0   2.90997417234430     
      2      2      1      2           4           0  -8.47888352164482     
      2      2      1      2           2           0  -2.24869028578415     
      2      2      2      1           4           0  -8.47888352164482     
      2      2      2      1           2           0  -2.24869028578415     
      2      2      2      2           6           0   7.42573760346910     
      2      2      2      2           4           0  -8.95043227727717     
      2      2      2      2           2           0   6.22666203143184     
      2      2      2      2           0           0  -25.4517750000000     
      1      1      1      1           2           0   5.65791716800450     
      1      1      1      1           0           0  -12.3176000000000     
      1      1      1      2           2           0 -0.386162057949768     
      1      1      2      1           2           0 -0.386162057949768     
      1      1      2      2           4           0  -6.72539042184832     
      1      1      2      2           2           0   2.90997417234430     
      1      2      1      1           2           0  0.386162057949768     
      1      2      1      2           2           0 -0.220389864076141     
      1      2      1      2           0           0  -17.1216184346081     
      1      2      2      1           4           0   13.0013097958256     
      1      2      2      1           2           0  -3.86838392425942     
      1      2      2      2           4           0   8.47888352164481     
      1      2      2      2           2           0   2.24869028578415     
      2      1      1      1           2           0  0.386162057949768     
      2      1      1      2           4           0   13.0013097958256     
      2      1      1      2           2           0  -3.86838392425942     
      2      1      2      1           2           0 -0.220389864076141     
      2      1      2      1           0           0  -17.1216184346081     
      2      1      2      2           4           0   8.47888352164481     
      2      1      2      2           2           0   2.24869028578415     
      2      2      1      1           4           0  -6.72539042184832     
      2      2      1      1           2           0   2.90997417234430     
      2      2      1      2           4           0  -8.47888352164482     
      2      2      1      2           2           0  -2.24869028578415     
      2      2      2      1           4           0  -8.47888352164482     
      2      2      2      1           2           0  -2.24869028578415     
      2      2      2      2           6           0   7.42573760346910     
      2      2      2      2           4           0  -8.95043227727717     
      2      2      2      2           2           0   6.22666203143184     
      2      2      2      2           0           0  -25.4517750000000     
          60           6
   1   1   3   3   0   0   0   0-12.3176   1   1
   1   1   3   3   2   0   0   0  5.6579   1   1
   1   1   3   4   2   0   0   0 -0.3862   1   1
   1   1   4   3   2   0   0   0  0.3862   1   1
   1   1   4   4   0   0   0   0-17.1216   1   1
   1   1   4   4   2   0   0   0 -0.2204   1   1
   1   2   3   3   2   0   0   0 -0.3862   1   1
   1   2   3   4   2   0   0   0  2.9100   1   1
   1   2   3   4   4   0   0   0 -6.7254   1   1
   1   2   4   3   2   0   0   0 -3.8684   1   1
   1   2   4   3   4   0   0   0 13.0013   1   1
   1   2   4   4   2   0   0   0  2.2487   1   1
   1   2   4   4   4   0   0   0  8.4789   1   1
   2   1   3   3   2   0   0   0  0.3862   1   1
   2   1   3   4   2   0   0   0 -3.8684   1   1
   2   1   3   4   4   0   0   0 13.0013   1   1
   2   1   4   3   2   0   0   0  2.9100   1   1
   2   1   4   3   4   0   0   0 -6.7254   1   1
   2   1   4   4   2   0   0   0 -2.2487   1   1
   2   1   4   4   4   0   0   0 -8.4789   1   1
   2   2   3   3   0   0   0   0-17.1216   1   1
   2   2   3   3   2   0   0   0 -0.2204   1   1
   2   2   3   4   2   0   0   0  2.2487   1   1
   2   2   3   4   4   0   0   0  8.4789   1   1
   2   2   4   3   2   0   0   0 -2.2487   1   1
   2   2   4   3   4   0   0   0 -8.4789   1   1
   2   2   4   4   0   0   0   0-25.4518   1   1
   2   2   4   4   2   0   0   0  6.2267   1   1
   2   2   4   4   4   0   0   0 -8.9504   1   1
   2   2   4   4   6   0   0   0  7.4257   1   1
   3   3   1   1   0   0   0   0-12.3176   1   1
   3   3   1   1   2   0   0   0  5.6579   1   1
   3   3   1   2   2   0   0   0 -0.3862   1   1
   3   3   2   1   2   0   0   0  0.3862   1   1
   3   3   2   2   0   0   0   0-17.1216   1   1
   3   3   2   2   2   0   0   0 -0.2204   1   1
   3   4   1   1   2   0   0   0 -0.3862   1   1
   3   4   1   2   2   0   0   0  2.9100   1   1
   3   4   1   2   4   0   0   0 -6.7254   1   1
   3   4   2   1   2   0   0   0 -3.8684   1   1
   3   4   2   1   4   0   0   0 13.0013   1   1
   3   4   2   2   2   0   0   0  2.2487   1   1
   3   4   2   2   4   0   0   0  8.4789   1   1
   4   3   1   1   2   0   0   0  0.3862   1   1
   4   3   1   2   2   0   0   0 -3.8684   1   1
   4   3   1   2   4   0   0   0 13.0013   1   1
   4   3   2   1   2   0   0   0  2.9100   1   1
   4   3   2   1   4   0   0   0 -6.7254   1   1
   4   3   2   2   2   0   0   0 -2.2487   1   1
   4   3   2   2   4   0   0   0 -8.4789   1   1
   4   4   1   1   0   0   0   0-17.1216   1   1
   4   4   1   1   2   0   0   0 -0.2204   1   1
   4   4   1   2   2   0   0   0  2.2487   1   1
   4   4   1   2   4   0   0   0  8.4789   1   1
   4   4   2   1   2   0   0   0 -2.2487   1   1
   4   4   2   1   4   0   0   0 -8.4789   1   1
   4   4   2   2   0   0   0   0-25.4518   1   1
   4   4   2   2   2   0   0   0  6.2267   1   1
   4   4   2   2   4   0   0   0 -8.9504   1   1
   4   4   2   2   6   0   0   0  7.4257   1   1
