 ! Total Interaction
  20
   1   1   1   1     1     0  -7.7921
   1   2   1   1     1     0  -0.3153
   2   2   1   1     1     0   3.7060
   1   1   1   2     1     0  -0.3153
   1   2   1   2     1     0 -12.8636
   2   2   1   2     1     0  -6.9135
   1   1   2   2     1     0   3.7060
   1   2   2   2     1     0  -6.9135
   2   2   2   2     1     0  -8.3334
   1   2   1   2     2     0  -9.1217
   2   2   2   2     3     0  -9.1217
   1   1   1   1     0     1  -1.2589
   2   2   1   1     0     1  -3.5349
   1   1   2   2     0     1  -3.5349
   2   2   2   2     0     1  -3.7585
   1   2   1   2     1     1   0.5556
   1   2   1   2     2     1  -2.8644
   2   2   1   2     2     1   1.4496
   1   2   2   2     2     1   1.4496
   2   2   2   2     2     1  -1.8393
