      1      2      1      2  -1.25890000000000     
      2      4      1      2  0.000000000000000E+000
      1      5      1      2  0.000000000000000E+000
      4      5      1      2   2.49955176081633     
      3      6      1      2  -2.49955176081633     
      1      3      1      3  -2.86440000000000     
      3      4      1      3  -1.44960000000000     
      2      3      2      3 -0.299400000000000     
      1      4      2      3  -1.48090344047139     
      3      5      2      3 -0.724800000000000     
      2      3      1      4  -1.48090344047139     
      1      4      1      4  -2.00940000000000     
      3      5      1      4  -1.25539042532592     
      1      2      2      4  0.000000000000000E+000
      2      4      2      4  -1.15440000000000     
      1      5      2      4  -1.71000000000000     
      4      5      2      4 -0.724800000000000     
      3      6      2      4 -0.724800000000000     
      1      3      3      4  -1.44960000000000     
      3      4      3      4  -1.83930000000000     
      1      2      1      5  0.000000000000000E+000
      2      4      1      5  -1.71000000000000     
      1      5      1      5  -1.15440000000000     
      4      5      1      5 -0.724800000000000     
      3      6      1      5 -0.724800000000000     
      2      5      2      5  -2.00940000000000     
      1      6      2      5  -1.48090344047139     
      4      6      2      5  -1.25539042532592     
      2      3      3      5 -0.724800000000000     
      1      4      3      5  -1.25539042532592     
      3      5      3      5  -1.83930000000000     
      1      2      4      5   2.49955176081633     
      2      4      4      5 -0.724800000000000     
      1      5      4      5 -0.724800000000000     
      4      5      4      5  -2.79890000000000     
      3      6      4      5  0.959600000000000     
      2      5      1      6  -1.48090344047139     
      1      6      1      6 -0.299400000000000     
      4      6      1      6 -0.724800000000000     
      2      6      2      6  -2.86440000000000     
      5      6      2      6  -1.44960000000000     
      1      2      3      6  -2.49955176081633     
      2      4      3      6 -0.724800000000000     
      1      5      3      6 -0.724800000000000     
      4      5      3      6  0.959600000000000     
      3      6      3      6  -2.79890000000000     
      2      5      4      6  -1.25539042532592     
      1      6      4      6 -0.724800000000000     
      4      6      4      6  -1.83930000000000     
      2      6      5      6  -1.44960000000000     
      5      6      5      6  -1.83930000000000     
      1      7      1      7  -7.79210000000000     
      4      7      1      7  0.111475384054059     
      3      8      1      7 -0.193081028974884     
      2      9      1      7 -0.193081028974884     
      5      9      1      7   2.02985979811415     
      1     10      1      7  0.111475384054059     
      4     10      1      7  -2.34388020171680     
      3     11      1      7   2.02985979811415     
      2      7      2      7  -4.52550000000000     
      5      7      2      7  0.111475384054059     
      1      8      2      7  -3.26660000000000     
      4      8      2      7 -0.111475384054059     
      6      9      2      7  0.508134270879439     
      2     10      2      7 -0.111475384054059     
      5     10      2      7  0.663805829978963     
      1     11      2      7  0.111475384054059     
      4     11      2      7  -1.83574593083736     
      3     12      2      7   3.00768603169577     
      3      7      3      7  -5.99305000000000     
      1      9      3      7  -3.12865000000000     
      4      9      3      7 -0.724800000000000     
      3     10      3      7  0.724800000000000     
      1      7      4      7  0.111475384054059     
      4      7      4      7  -6.03328750000000     
      3      8      4      7  6.969339436955335E-002
      2      9      4      7   1.55059683484094     
      5      9      4      7  0.711098305537288     
      1     10      4      7  -4.02388750000000     
      4     10      4      7  -1.54590559624448     
      3     11      4      7   1.96648873086321     
      2      7      5      7  0.111475384054059     
      5      7      5      7  -6.07352500000000     
      1      8      5      7  0.111475384054059     
      4      8      5      7  8.047500000000241E-002
      6      9      5      7   1.95645839436672     
      2     10      5      7   1.79047500000000     
      5     10      5      7  -1.13535279812224     
      1     11      5      7  -4.91912500000000     
      4     11      5      7 -0.410552798122240     
      3     12      5      7   2.68125839436672     
      6      7      6      7  -6.11376250000000     
      2      8      6      7  0.193081028974884     
      5      8      6      7  6.969339436955402E-002
      6     10      6      7   1.95645839436672     
      2     11      6      7   1.55059683484095     
      5     11      6      7  -2.67758703640050     
      1     12      6      7  -5.81436250000000     
      4     12      6      7   2.68125839436672     
      2      7      1      8  -3.26660000000000     
      5      7      1      8  0.111475384054059     
      1      8      1      8  -4.52550000000000     
      4      8      1      8 -0.111475384054059     
      6      9      1      8   3.00768603169577     
      2     10      1      8 -0.111475384054059     
      5     10      1      8  -1.83574593083736     
      1     11      1      8  0.111475384054059     
      4     11      1      8  0.663805829978963     
      3     12      1      8  0.508134270879439     
      6      7      2      8  0.193081028974884     
      2      8      2      8  -7.79210000000000     
      5      8      2      8 -0.111475384054059     
      6     10      2      8   2.02985979811415     
      2     11      2      8 -0.111475384054059     
      5     11      2      8  -2.34388020171680     
      1     12      2      8  0.193081028974884     
      4     12      2      8   2.02985979811415     
      1      7      3      8 -0.193081028974884     
      4      7      3      8  6.969339436955402E-002
      3      8      3      8  -6.11376250000000     
      2      9      3      8  -5.81436250000000     
      5      9      3      8  -2.68125839436672     
      1     10      3      8   1.55059683484095     
      4     10      3      8   2.67758703640050     
      3     11      3      8  -1.95645839436672     
      2      7      4      8 -0.111475384054059     
      5      7      4      8  8.047500000000241E-002
      1      8      4      8 -0.111475384054059     
      4      8      4      8  -6.07352500000000     
      6      9      4      8  -2.68125839436672     
      2     10      4      8  -4.91912500000000     
      5     10      4      8  0.410552798122240     
      1     11      4      8   1.79047500000000     
      4     11      4      8   1.13535279812224     
      3     12      4      8  -1.95645839436672     
      6      7      5      8  6.969339436955335E-002
      2      8      5      8 -0.111475384054059     
      5      8      5      8  -6.03328750000000     
      6     10      5      8  -1.96648873086321     
      2     11      5      8  -4.02388750000000     
      5     11      5      8   1.54590559624448     
      1     12      5      8   1.55059683484094     
      4     12      5      8 -0.711098305537288     
      6      8      6      8  -5.99305000000000     
      6     11      6      8 -0.724800000000000     
      2     12      6      8  -3.12865000000000     
      5     12      6      8  0.724800000000000     
      7      8      7      8  -1.25890000000000     
      8     10      7      8  0.000000000000000E+000
      7     11      7      8  0.000000000000000E+000
     10     11      7      8   2.49955176081633     
      9     12      7      8  -2.49955176081633     
      3      7      1      9  -3.12865000000000     
      1      9      1      9  -5.99305000000000     
      4      9      1      9  0.724800000000000     
      3     10      1      9 -0.724800000000000     
      1      7      2      9 -0.193081028974884     
      4      7      2      9   1.55059683484095     
      3      8      2      9  -5.81436250000000     
      2      9      2      9  -6.11376250000000     
      5      9      2      9  -1.95645839436672     
      1     10      2      9  6.969339436955402E-002
      4     10      2      9   2.67758703640050     
      3     11      2      9  -2.68125839436672     
      3      9      3      9  -9.12170000000000     
      3      7      4      9 -0.724800000000000     
      1      9      4      9  0.724800000000000     
      4      9      4      9  -5.48050000000000     
      3     10      4      9  -3.64120000000000     
      1      7      5      9   2.02985979811415     
      4      7      5      9  0.711098305537288     
      3      8      5      9  -2.68125839436672     
      2      9      5      9  -1.95645839436672     
      5      9      5      9  -5.24401000000000     
      1     10      5      9   1.96648873086321     
      4     10      5      9 -0.273075130321304     
      3     11      5      9  -3.40471000000000     
      2      7      6      9  0.508134270879439     
      5      7      6      9   1.95645839436672     
      1      8      6      9   3.00768603169577     
      4      8      6      9  -2.68125839436672     
      6      9      6      9  -5.60556500000000     
      2     10      6      9  -1.95645839436672     
      5     10      6      9  0.361555000000002     
      1     11      6      9   2.68125839436672     
      4     11      6      9 -0.598044999999998     
      3     12      6      9  -2.80666500000000     
      7      9      7      9  -2.86440000000000     
      9     10      7      9  -1.44960000000000     
      8      9      8      9 -0.299400000000000     
      7     10      8      9  -1.48090344047139     
      9     11      8      9 -0.724800000000000     
      1      7      1     10  0.111475384054059     
      4      7      1     10  -4.02388750000000     
      3      8      1     10   1.55059683484094     
      2      9      1     10  6.969339436955335E-002
      5      9      1     10   1.96648873086321     
      1     10      1     10  -6.03328750000000     
      4     10      1     10  -1.54590559624448     
      3     11      1     10  0.711098305537288     
      2      7      2     10 -0.111475384054059     
      5      7      2     10   1.79047500000000     
      1      8      2     10 -0.111475384054059     
      4      8      2     10  -4.91912500000000     
      6      9      2     10  -1.95645839436672     
      2     10      2     10  -6.07352500000000     
      5     10      2     10   1.13535279812224     
      1     11      2     10  8.047500000000241E-002
      4     11      2     10  0.410552798122240     
      3     12      2     10  -2.68125839436672     
      3      7      3     10  0.724800000000000     
      1      9      3     10 -0.724800000000000     
      4      9      3     10  -3.64120000000000     
      3     10      3     10  -5.48049999999999     
      1      7      4     10  -2.34388020171680     
      4      7      4     10  -1.54590559624448     
      3      8      4     10   2.67758703640050     
      2      9      4     10   2.67758703640050     
      5      9      4     10 -0.273075130321304     
      1     10      4     10  -1.54590559624448     
      4     10      4     10  -8.80638000000000     
      3     11      4     10 -0.273075130321304     
      2      7      5     10  0.663805829978963     
      5      7      5     10  -1.13535279812224     
      1      8      5     10  -1.83574593083736     
      4      8      5     10  0.410552798122240     
      6      9      5     10  0.361555000000002     
      2     10      5     10   1.13535279812224     
      5     10      5     10  -5.92088500000000     
      1     11      5     10 -0.410552798122240     
      4     11      5     10  -3.12198500000000     
      3     12      5     10 -0.598044999999998     
      6      7      6     10   1.95645839436672     
      2      8      6     10   2.02985979811415     
      5      8      6     10  -1.96648873086321     
      6     10      6     10  -5.24401000000000     
      2     11      6     10 -0.711098305537288     
      5     11      6     10 -0.273075130321304     
      1     12      6     10   2.68125839436672     
      4     12      6     10  -3.40471000000000     
      8      9      7     10  -1.48090344047139     
      7     10      7     10  -2.00940000000000     
      9     11      7     10  -1.25539042532592     
      7      8      8     10  0.000000000000000E+000
      8     10      8     10  -1.15440000000000     
      7     11      8     10  -1.71000000000000     
     10     11      8     10 -0.724800000000000     
      9     12      8     10 -0.724800000000000     
      7      9      9     10  -1.44960000000000     
      9     10      9     10  -1.83930000000000     
      2      7      1     11  0.111475384054059     
      5      7      1     11  -4.91912500000000     
      1      8      1     11  0.111475384054059     
      4      8      1     11   1.79047500000000     
      6      9      1     11   2.68125839436672     
      2     10      1     11  8.047500000000241E-002
      5     10      1     11 -0.410552798122240     
      1     11      1     11  -6.07352500000000     
      4     11      1     11  -1.13535279812224     
      3     12      1     11   1.95645839436672     
      6      7      2     11   1.55059683484094     
      2      8      2     11 -0.111475384054059     
      5      8      2     11  -4.02388750000000     
      6     10      2     11 -0.711098305537288     
      2     11      2     11  -6.03328750000000     
      5     11      2     11   1.54590559624448     
      1     12      2     11  6.969339436955335E-002
      4     12      2     11  -1.96648873086321     
      1      7      3     11   2.02985979811415     
      4      7      3     11   1.96648873086321     
      3      8      3     11  -1.95645839436672     
      2      9      3     11  -2.68125839436672     
      5      9      3     11  -3.40471000000000     
      1     10      3     11  0.711098305537288     
      4     10      3     11 -0.273075130321304     
      3     11      3     11  -5.24401000000000     
      2      7      4     11  -1.83574593083736     
      5      7      4     11 -0.410552798122240     
      1      8      4     11  0.663805829978963     
      4      8      4     11   1.13535279812224     
      6      9      4     11 -0.598044999999998     
      2     10      4     11  0.410552798122240     
      5     10      4     11  -3.12198500000000     
      1     11      4     11  -1.13535279812224     
      4     11      4     11  -5.92088500000000     
      3     12      4     11  0.361555000000002     
      6      7      5     11  -2.67758703640050     
      2      8      5     11  -2.34388020171680     
      5      8      5     11   1.54590559624448     
      6     10      5     11 -0.273075130321304     
      2     11      5     11   1.54590559624448     
      5     11      5     11  -8.80638000000000     
      1     12      5     11  -2.67758703640050     
      4     12      5     11 -0.273075130321304     
      6      8      6     11 -0.724800000000000     
      6     11      6     11  -5.48050000000000     
      2     12      6     11  0.724800000000000     
      5     12      6     11  -3.64120000000000     
      7      8      7     11  0.000000000000000E+000
      8     10      7     11  -1.71000000000000     
      7     11      7     11  -1.15440000000000     
     10     11      7     11 -0.724800000000000     
      9     12      7     11 -0.724800000000000     
      8     11      8     11  -2.00940000000000     
      7     12      8     11  -1.48090344047139     
     10     12      8     11  -1.25539042532592     
      8      9      9     11 -0.724800000000000     
      7     10      9     11  -1.25539042532592     
      9     11      9     11  -1.83930000000000     
      7      8     10     11   2.49955176081633     
      8     10     10     11 -0.724800000000000     
      7     11     10     11 -0.724800000000000     
     10     11     10     11  -2.79890000000000     
      9     12     10     11  0.959600000000000     
      6      7      1     12  -5.81436250000000     
      2      8      1     12  0.193081028974884     
      5      8      1     12   1.55059683484095     
      6     10      1     12   2.68125839436672     
      2     11      1     12  6.969339436955402E-002
      5     11      1     12  -2.67758703640050     
      1     12      1     12  -6.11376250000000     
      4     12      1     12   1.95645839436672     
      6      8      2     12  -3.12865000000000     
      6     11      2     12  0.724800000000000     
      2     12      2     12  -5.99305000000000     
      5     12      2     12 -0.724800000000000     
      2      7      3     12   3.00768603169577     
      5      7      3     12   2.68125839436672     
      1      8      3     12  0.508134270879439     
      4      8      3     12  -1.95645839436672     
      6      9      3     12  -2.80666500000000     
      2     10      3     12  -2.68125839436672     
      5     10      3     12 -0.598044999999998     
      1     11      3     12   1.95645839436672     
      4     11      3     12  0.361555000000002     
      3     12      3     12  -5.60556500000000     
      6      7      4     12   2.68125839436672     
      2      8      4     12   2.02985979811415     
      5      8      4     12 -0.711098305537288     
      6     10      4     12  -3.40471000000000     
      2     11      4     12  -1.96648873086321     
      5     11      4     12 -0.273075130321304     
      1     12      4     12   1.95645839436672     
      4     12      4     12  -5.24401000000000     
      6      8      5     12  0.724800000000000     
      6     11      5     12  -3.64120000000000     
      2     12      5     12 -0.724800000000000     
      5     12      5     12  -5.48049999999999     
      6     12      6     12  -9.12170000000000     
      8     11      7     12  -1.48090344047139     
      7     12      7     12 -0.299400000000000     
     10     12      7     12 -0.724800000000000     
      8     12      8     12  -2.86440000000000     
     11     12      8     12  -1.44960000000000     
      7      8      9     12  -2.49955176081633     
      8     10      9     12 -0.724800000000000     
      7     11      9     12 -0.724800000000000     
     10     11      9     12  0.959600000000000     
      9     12      9     12  -2.79890000000000     
      8     11     10     12  -1.25539042532592     
      7     12     10     12 -0.724800000000000     
     10     12     10     12  -1.83930000000000     
      8     12     11     12  -1.44960000000000     
     11     12     11     12  -1.83930000000000     
