 ! Total Interaction
  20
   1   1   1   1     1     0  -7.6886
   1   2   1   1     1     0  -1.5477
   2   2   1   1     1     0   5.7441
   1   1   1   2     1     0  -1.5477
   1   2   1   2     1     0 -12.9015
   2   2   1   2     1     0  -9.0411
   1   1   2   2     1     0   5.7441
   1   2   2   2     1     0  -9.0411
   2   2   2   2     1     0  -6.4096
   1   2   1   2     2     0 -10.2789
   2   2   2   2     3     0 -10.2789
   1   1   1   1     0     1  -1.2624
   2   2   1   1     0     1  -3.0356
   1   1   2   2     0     1  -3.0356
   2   2   2   2     0     1  -3.4089
   1   2   1   2     1     1   0.1645
   1   2   1   2     2     1  -2.4112
   2   2   1   2     2     1   0.8037
   1   2   2   2     2     1   0.8037
   2   2   2   2     2     1  -1.8429
