 ! Total Interaction
  20
   1   1   1   1     1     0  -7.8907
   1   2   1   1     1     0  -1.5943
   2   2   1   1     1     0   5.8052
   1   1   1   2     1     0  -1.5943
   1   2   1   2     1     0 -13.0838
   2   2   1   2     1     0  -9.0896
   1   1   2   2     1     0   5.8052
   1   2   2   2     1     0  -9.0896
   2   2   2   2     1     0  -6.5378
   1   2   1   2     2     0 -10.5237
   2   2   2   2     3     0 -10.5237
   1   1   1   1     0     1  -1.2513
   2   2   1   1     0     1  -3.1570
   1   1   2   2     0     1  -3.1570
   2   2   2   2     0     1  -3.4836
   1   2   1   2     1     1   0.2053
   1   2   1   2     2     1  -2.5099
   2   2   1   2     2     1   0.8229
   1   2   2   2     2     1   0.8229
   2   2   2   2     2     1  -1.9280
