      1      2      1      2  -1.25130000000000     
      2      4      1      2  0.000000000000000E+000
      1      5      1      2  0.000000000000000E+000
      4      5      1      2   2.23233610820593     
      3      6      1      2  -2.23233610820593     
      1      3      1      3  -2.50990000000000     
      3      4      1      3 -0.822900000000000     
      2      3      2      3 -0.473500000000000     
      1      4      2      3  -1.17571608817775     
      3      5      2      3 -0.411450000000000     
      2      3      1      4  -1.17571608817775     
      1      4      1      4  -1.83110000000000     
      3      5      1      4 -0.712652304774215     
      1      2      2      4  0.000000000000000E+000
      2      4      2      4  -1.15230000000000     
      1      5      2      4  -1.35760000000000     
      4      5      2      4 -0.411450000000000     
      3      6      2      4 -0.411450000000000     
      1      3      3      4 -0.822900000000000     
      3      4      3      4  -1.92800000000000     
      1      2      1      5  0.000000000000000E+000
      2      4      1      5  -1.35760000000000     
      1      5      1      5  -1.15230000000000     
      4      5      1      5 -0.411450000000000     
      3      6      1      5 -0.411450000000000     
      2      5      2      5  -1.83110000000000     
      1      6      2      5  -1.17571608817775     
      4      6      2      5 -0.712652304774215     
      2      3      3      5 -0.411450000000000     
      1      4      3      5 -0.712652304774215     
      3      5      3      5  -1.92800000000000     
      1      2      4      5   2.23233610820593     
      2      4      4      5 -0.411450000000000     
      1      5      4      5 -0.411450000000000     
      4      5      4      5  -2.70580000000000     
      3      6      4      5  0.777800000000000     
      2      5      1      6  -1.17571608817775     
      1      6      1      6 -0.473500000000000     
      4      6      1      6 -0.411450000000000     
      2      6      2      6  -2.50990000000000     
      5      6      2      6 -0.822900000000000     
      1      2      3      6  -2.23233610820593     
      2      4      3      6 -0.411450000000000     
      1      5      3      6 -0.411450000000000     
      4      5      3      6  0.777800000000000     
      3      6      3      6  -2.70580000000000     
      2      5      4      6 -0.712652304774215     
      1      6      4      6 -0.411450000000000     
      4      6      4      6  -1.92800000000000     
      2      6      5      6 -0.822900000000000     
      5      6      5      6  -1.92800000000000     
      1      7      1      7  -7.89070000000000     
      4      7      1      7  0.563670170622857     
      3      8      1      7 -0.976305374229806     
      2      9      1      7 -0.976305374229806     
      5      9      1      7   3.17963899082899     
      1     10      1      7  0.563670170622857     
      4     10      1      7  -3.67153085456190     
      3     11      1      7   3.17963899082899     
      2      7      2      7  -4.57100000000000     
      5      7      2      7  0.563670170622857     
      1      8      2      7  -3.31970000000000     
      4      8      2      7 -0.563670170622857     
      6      9      2      7   1.63748008681846     
      2     10      2      7 -0.563670170622857     
      5     10      2      7  0.198285340462491     
      1     11      2      7  0.563670170622857     
      4     11      2      7  -2.03405076774344     
      3     12      2      7   3.86981619502439     
      3      7      3      7  -6.51680000000000     
      1      9      3      7  -4.00690000000000     
      4      9      3      7 -0.411450000000000     
      3     10      3      7  0.411450000000000     
      1      7      4      7  0.563670170622857     
      4      7      4      7  -6.49741250000000     
      3      8      4      7 -3.358013503174073E-002
      2      9      4      7   1.14213595314601     
      5      9      4      7   1.40386731879724     
      1     10      4      7  -4.66631250000000     
      4     10      4      7  -2.03249634882821     
      3     11      4      7   2.11651962357146     
      2      7      5      7  0.563670170622857     
      5      7      5      7  -6.47802500000000     
      1      8      5      7  0.563670170622857     
      4      8      5      7 -3.877499999999778E-002
      6      9      5      7   2.84301952324232     
      2     10      5      7   1.31882500000000     
      5     10      5      7  -1.22197317441410     
      1     11      5      7  -5.32572500000000     
      4     11      5      7 -0.810523174414105     
      3     12      5      7   3.25446952324232     
      6      7      6      7  -6.45863750000000     
      2      8      6      7  0.976305374229806     
      5      8      6      7 -3.358013503174073E-002
      6     10      6      7   2.84301952324232     
      2     11      6      7   1.14213595314601     
      5     11      6      7  -3.52038694236870     
      1     12      6      7  -5.98513750000000     
      4     12      6      7   3.25446952324232     
      2      7      1      8  -3.31970000000000     
      5      7      1      8  0.563670170622857     
      1      8      1      8  -4.57100000000000     
      4      8      1      8 -0.563670170622857     
      6      9      1      8   3.86981619502439     
      2     10      1      8 -0.563670170622857     
      5     10      1      8  -2.03405076774344     
      1     11      1      8  0.563670170622857     
      4     11      1      8  0.198285340462491     
      3     12      1      8   1.63748008681846     
      6      7      2      8  0.976305374229806     
      2      8      2      8  -7.89070000000000     
      5      8      2      8 -0.563670170622857     
      6     10      2      8   3.17963899082899     
      2     11      2      8 -0.563670170622857     
      5     11      2      8  -3.67153085456190     
      1     12      2      8  0.976305374229806     
      4     12      2      8   3.17963899082899     
      1      7      3      8 -0.976305374229806     
      4      7      3      8 -3.358013503174073E-002
      3      8      3      8  -6.45863750000000     
      2      9      3      8  -5.98513750000000     
      5      9      3      8  -3.25446952324232     
      1     10      3      8   1.14213595314601     
      4     10      3      8   3.52038694236870     
      3     11      3      8  -2.84301952324232     
      2      7      4      8 -0.563670170622857     
      5      7      4      8 -3.877499999999778E-002
      1      8      4      8 -0.563670170622857     
      4      8      4      8  -6.47802500000000     
      6      9      4      8  -3.25446952324232     
      2     10      4      8  -5.32572500000000     
      5     10      4      8  0.810523174414105     
      1     11      4      8   1.31882500000000     
      4     11      4      8   1.22197317441410     
      3     12      4      8  -2.84301952324232     
      6      7      5      8 -3.358013503174073E-002
      2      8      5      8 -0.563670170622857     
      5      8      5      8  -6.49741250000000     
      6     10      5      8  -2.11651962357146     
      2     11      5      8  -4.66631250000000     
      5     11      5      8   2.03249634882821     
      1     12      5      8   1.14213595314601     
      4     12      5      8  -1.40386731879724     
      6      8      6      8  -6.51680000000000     
      6     11      6      8 -0.411450000000000     
      2     12      6      8  -4.00690000000000     
      5     12      6      8  0.411450000000000     
      7      8      7      8  -1.25130000000000     
      8     10      7      8  0.000000000000000E+000
      7     11      7      8  0.000000000000000E+000
     10     11      7      8   2.23233610820593     
      9     12      7      8  -2.23233610820593     
      3      7      1      9  -4.00690000000000     
      1      9      1      9  -6.51680000000000     
      4      9      1      9  0.411450000000000     
      3     10      1      9 -0.411450000000000     
      1      7      2      9 -0.976305374229806     
      4      7      2      9   1.14213595314601     
      3      8      2      9  -5.98513750000000     
      2      9      2      9  -6.45863750000000     
      5      9      2      9  -2.84301952324232     
      1     10      2      9 -3.358013503174073E-002
      4     10      2      9   3.52038694236870     
      3     11      2      9  -3.25446952324232     
      3      9      3      9  -10.5237000000000     
      3      7      4      9 -0.411450000000000     
      1      9      4      9  0.411450000000000     
      4      9      4      9  -6.22585000000000     
      3     10      4      9  -4.29784999999999     
      1      7      5      9   3.17963899082899     
      4      7      5      9   1.40386731879724     
      3      8      5      9  -3.25446952324232     
      2      9      5      9  -2.84301952324232     
      5      9      5      9  -5.03008000000000     
      1     10      5      9   2.11651962357146     
      4     10      5      9  -1.38075626277775     
      3     11      5      9  -3.10208000000000     
      2      7      6      9   1.63748008681846     
      5      7      6      9   2.84301952324232     
      1      8      6      9   3.86981619502439     
      4      8      6      9  -3.25446952324232     
      6      9      6      9  -4.82109500000000     
      2     10      6      9  -2.84301952324232     
      5     10      6      9 -0.208984999999998     
      1     11      6      9   3.25446952324232     
      4     11      6      9 -0.986784999999998     
      3     12      6      9  -2.11529500000000     
      7      9      7      9  -2.50990000000000     
      9     10      7      9 -0.822900000000000     
      8      9      8      9 -0.473500000000000     
      7     10      8      9  -1.17571608817775     
      9     11      8      9 -0.411450000000000     
      1      7      1     10  0.563670170622857     
      4      7      1     10  -4.66631250000000     
      3      8      1     10   1.14213595314601     
      2      9      1     10 -3.358013503174073E-002
      5      9      1     10   2.11651962357146     
      1     10      1     10  -6.49741250000000     
      4     10      1     10  -2.03249634882821     
      3     11      1     10   1.40386731879724     
      2      7      2     10 -0.563670170622857     
      5      7      2     10   1.31882500000000     
      1      8      2     10 -0.563670170622857     
      4      8      2     10  -5.32572500000000     
      6      9      2     10  -2.84301952324232     
      2     10      2     10  -6.47802500000000     
      5     10      2     10   1.22197317441410     
      1     11      2     10 -3.877499999999778E-002
      4     11      2     10  0.810523174414105     
      3     12      2     10  -3.25446952324232     
      3      7      3     10  0.411450000000000     
      1      9      3     10 -0.411450000000000     
      4      9      3     10  -4.29785000000000     
      3     10      3     10  -6.22584999999999     
      1      7      4     10  -3.67153085456190     
      4      7      4     10  -2.03249634882821     
      3      8      4     10   3.52038694236870     
      2      9      4     10   3.52038694236870     
      5      9      4     10  -1.38075626277775     
      1     10      4     10  -2.03249634882821     
      4     10      4     10  -8.92934000000000     
      3     11      4     10  -1.38075626277775     
      2      7      5     10  0.198285340462491     
      5      7      5     10  -1.22197317441411     
      1      8      5     10  -2.03405076774344     
      4      8      5     10  0.810523174414105     
      6      9      5     10 -0.208984999999998     
      2     10      5     10   1.22197317441411     
      5     10      5     10  -6.41545500000000     
      1     11      5     10 -0.810523174414105     
      4     11      5     10  -3.70965500000000     
      3     12      5     10 -0.986784999999998     
      6      7      6     10   2.84301952324232     
      2      8      6     10   3.17963899082899     
      5      8      6     10  -2.11651962357146     
      6     10      6     10  -5.03008000000000     
      2     11      6     10  -1.40386731879724     
      5     11      6     10  -1.38075626277775     
      1     12      6     10   3.25446952324232     
      4     12      6     10  -3.10208000000000     
      8      9      7     10  -1.17571608817775     
      7     10      7     10  -1.83110000000000     
      9     11      7     10 -0.712652304774215     
      7      8      8     10  0.000000000000000E+000
      8     10      8     10  -1.15230000000000     
      7     11      8     10  -1.35760000000000     
     10     11      8     10 -0.411450000000000     
      9     12      8     10 -0.411450000000000     
      7      9      9     10 -0.822900000000000     
      9     10      9     10  -1.92800000000000     
      2      7      1     11  0.563670170622857     
      5      7      1     11  -5.32572500000000     
      1      8      1     11  0.563670170622857     
      4      8      1     11   1.31882500000000     
      6      9      1     11   3.25446952324232     
      2     10      1     11 -3.877499999999778E-002
      5     10      1     11 -0.810523174414105     
      1     11      1     11  -6.47802500000000     
      4     11      1     11  -1.22197317441410     
      3     12      1     11   2.84301952324232     
      6      7      2     11   1.14213595314601     
      2      8      2     11 -0.563670170622857     
      5      8      2     11  -4.66631250000000     
      6     10      2     11  -1.40386731879724     
      2     11      2     11  -6.49741250000000     
      5     11      2     11   2.03249634882821     
      1     12      2     11 -3.358013503174073E-002
      4     12      2     11  -2.11651962357146     
      1      7      3     11   3.17963899082899     
      4      7      3     11   2.11651962357146     
      3      8      3     11  -2.84301952324232     
      2      9      3     11  -3.25446952324232     
      5      9      3     11  -3.10208000000000     
      1     10      3     11   1.40386731879724     
      4     10      3     11  -1.38075626277775     
      3     11      3     11  -5.03008000000000     
      2      7      4     11  -2.03405076774344     
      5      7      4     11 -0.810523174414105     
      1      8      4     11  0.198285340462491     
      4      8      4     11   1.22197317441411     
      6      9      4     11 -0.986784999999998     
      2     10      4     11  0.810523174414105     
      5     10      4     11  -3.70965500000000     
      1     11      4     11  -1.22197317441411     
      4     11      4     11  -6.41545500000000     
      3     12      4     11 -0.208984999999998     
      6      7      5     11  -3.52038694236870     
      2      8      5     11  -3.67153085456190     
      5      8      5     11   2.03249634882821     
      6     10      5     11  -1.38075626277775     
      2     11      5     11   2.03249634882821     
      5     11      5     11  -8.92934000000000     
      1     12      5     11  -3.52038694236870     
      4     12      5     11  -1.38075626277775     
      6      8      6     11 -0.411450000000000     
      6     11      6     11  -6.22585000000000     
      2     12      6     11  0.411450000000000     
      5     12      6     11  -4.29784999999999     
      7      8      7     11  0.000000000000000E+000
      8     10      7     11  -1.35760000000000     
      7     11      7     11  -1.15230000000000     
     10     11      7     11 -0.411450000000000     
      9     12      7     11 -0.411450000000000     
      8     11      8     11  -1.83110000000000     
      7     12      8     11  -1.17571608817775     
     10     12      8     11 -0.712652304774215     
      8      9      9     11 -0.411450000000000     
      7     10      9     11 -0.712652304774215     
      9     11      9     11  -1.92800000000000     
      7      8     10     11   2.23233610820593     
      8     10     10     11 -0.411450000000000     
      7     11     10     11 -0.411450000000000     
     10     11     10     11  -2.70580000000000     
      9     12     10     11  0.777800000000000     
      6      7      1     12  -5.98513750000000     
      2      8      1     12  0.976305374229806     
      5      8      1     12   1.14213595314601     
      6     10      1     12   3.25446952324232     
      2     11      1     12 -3.358013503174073E-002
      5     11      1     12  -3.52038694236870     
      1     12      1     12  -6.45863750000000     
      4     12      1     12   2.84301952324232     
      6      8      2     12  -4.00690000000000     
      6     11      2     12  0.411450000000000     
      2     12      2     12  -6.51680000000000     
      5     12      2     12 -0.411450000000000     
      2      7      3     12   3.86981619502439     
      5      7      3     12   3.25446952324232     
      1      8      3     12   1.63748008681846     
      4      8      3     12  -2.84301952324232     
      6      9      3     12  -2.11529500000000     
      2     10      3     12  -3.25446952324232     
      5     10      3     12 -0.986784999999998     
      1     11      3     12   2.84301952324232     
      4     11      3     12 -0.208984999999998     
      3     12      3     12  -4.82109500000000     
      6      7      4     12   3.25446952324232     
      2      8      4     12   3.17963899082899     
      5      8      4     12  -1.40386731879724     
      6     10      4     12  -3.10208000000000     
      2     11      4     12  -2.11651962357146     
      5     11      4     12  -1.38075626277775     
      1     12      4     12   2.84301952324232     
      4     12      4     12  -5.03008000000000     
      6      8      5     12  0.411450000000000     
      6     11      5     12  -4.29785000000000     
      2     12      5     12 -0.411450000000000     
      5     12      5     12  -6.22584999999999     
      6     12      6     12  -10.5237000000000     
      8     11      7     12  -1.17571608817775     
      7     12      7     12 -0.473500000000000     
     10     12      7     12 -0.411450000000000     
      8     12      8     12  -2.50990000000000     
     11     12      8     12 -0.822900000000000     
      7      8      9     12  -2.23233610820593     
      8     10      9     12 -0.411450000000000     
      7     11      9     12 -0.411450000000000     
     10     11      9     12  0.777800000000000     
      9     12      9     12  -2.70580000000000     
      8     11     10     12 -0.712652304774215     
      7     12     10     12 -0.411450000000000     
     10     12     10     12  -1.92800000000000     
      8     12     11     12 -0.822900000000000     
     11     12     11     12  -1.92800000000000     
