      1      1      1      1           2           0   5.74988906588640     
      1      1      1      1           0           0  -12.4617000000000     
      1      1      1      2           2           0  -1.95261074845961     
      1      1      2      1           2           0  -1.95261074845961     
      1      1      2      2           4           0  -8.65317207250411     
      1      1      2      2           2           0   6.01583769758085     
      1      2      1      1           2           0   1.95261074845961     
      1      2      1      2           2           0  0.106189710836315     
      1      2      1      2           0           0  -18.3500396902244     
      1      2      2      1           4           0   13.3831743046831     
      1      2      2      1           2           0  -5.79801842770172     
      1      2      2      2           4           0   10.2915362690480     
      1      2      2      2           2           0   4.43941826007299     
      2      1      1      1           2           0   1.95261074845961     
      2      1      1      2           4           0   13.3831743046831     
      2      1      1      2           2           0  -5.79801842770172     
      2      1      2      1           2           0  0.106189710836315     
      2      1      2      1           0           0  -18.3500396902244     
      2      1      2      2           4           0   10.2915362690480     
      2      1      2      2           2           0   4.43941826007299     
      2      2      1      1           4           0  -8.65317207250411     
      2      2      1      1           2           0   6.01583769758085     
      2      2      1      2           4           0  -10.2915362690480     
      2      2      1      2           2           0  -4.43941826007299     
      2      2      2      1           4           0  -10.2915362690480     
      2      2      2      1           2           0  -4.43941826007299     
      2      2      2      2           6           0   5.59654451953838     
      2      2      2      2           4           0  -9.14298009081968     
      2      2      2      2           2           0   10.5675797268852     
      2      2      2      2           0           0  -26.6007250000000     
      1      1      1      1           2           0   5.74988906588640     
      1      1      1      1           0           0  -12.4617000000000     
      1      1      1      2           2           0  -1.95261074845961     
      1      1      2      1           2           0  -1.95261074845961     
      1      1      2      2           4           0  -8.65317207250411     
      1      1      2      2           2           0   6.01583769758085     
      1      2      1      1           2           0   1.95261074845961     
      1      2      1      2           2           0  0.106189710836315     
      1      2      1      2           0           0  -18.3500396902244     
      1      2      2      1           4           0   13.3831743046831     
      1      2      2      1           2           0  -5.79801842770172     
      1      2      2      2           4           0   10.2915362690480     
      1      2      2      2           2           0   4.43941826007299     
      2      1      1      1           2           0   1.95261074845961     
      2      1      1      2           4           0   13.3831743046831     
      2      1      1      2           2           0  -5.79801842770172     
      2      1      2      1           2           0  0.106189710836315     
      2      1      2      1           0           0  -18.3500396902244     
      2      1      2      2           4           0   10.2915362690480     
      2      1      2      2           2           0   4.43941826007299     
      2      2      1      1           4           0  -8.65317207250411     
      2      2      1      1           2           0   6.01583769758085     
      2      2      1      2           4           0  -10.2915362690480     
      2      2      1      2           2           0  -4.43941826007299     
      2      2      2      1           4           0  -10.2915362690480     
      2      2      2      1           2           0  -4.43941826007299     
      2      2      2      2           6           0   5.59654451953838     
      2      2      2      2           4           0  -9.14298009081968     
      2      2      2      2           2           0   10.5675797268852     
      2      2      2      2           0           0  -26.6007250000000     
          60           6
   1   1   3   3   0   0   0   0-12.4617   1   1
   1   1   3   3   2   0   0   0  5.7499   1   1
   1   1   3   4   2   0   0   0 -1.9526   1   1
   1   1   4   3   2   0   0   0  1.9526   1   1
   1   1   4   4   0   0   0   0-18.3500   1   1
   1   1   4   4   2   0   0   0  0.1062   1   1
   1   2   3   3   2   0   0   0 -1.9526   1   1
   1   2   3   4   2   0   0   0  6.0158   1   1
   1   2   3   4   4   0   0   0 -8.6532   1   1
   1   2   4   3   2   0   0   0 -5.7980   1   1
   1   2   4   3   4   0   0   0 13.3832   1   1
   1   2   4   4   2   0   0   0  4.4394   1   1
   1   2   4   4   4   0   0   0 10.2915   1   1
   2   1   3   3   2   0   0   0  1.9526   1   1
   2   1   3   4   2   0   0   0 -5.7980   1   1
   2   1   3   4   4   0   0   0 13.3832   1   1
   2   1   4   3   2   0   0   0  6.0158   1   1
   2   1   4   3   4   0   0   0 -8.6532   1   1
   2   1   4   4   2   0   0   0 -4.4394   1   1
   2   1   4   4   4   0   0   0-10.2915   1   1
   2   2   3   3   0   0   0   0-18.3500   1   1
   2   2   3   3   2   0   0   0  0.1062   1   1
   2   2   3   4   2   0   0   0  4.4394   1   1
   2   2   3   4   4   0   0   0 10.2915   1   1
   2   2   4   3   2   0   0   0 -4.4394   1   1
   2   2   4   3   4   0   0   0-10.2915   1   1
   2   2   4   4   0   0   0   0-26.6007   1   1
   2   2   4   4   2   0   0   0 10.5676   1   1
   2   2   4   4   4   0   0   0 -9.1430   1   1
   2   2   4   4   6   0   0   0  5.5965   1   1
   3   3   1   1   0   0   0   0-12.4617   1   1
   3   3   1   1   2   0   0   0  5.7499   1   1
   3   3   1   2   2   0   0   0 -1.9526   1   1
   3   3   2   1   2   0   0   0  1.9526   1   1
   3   3   2   2   0   0   0   0-18.3500   1   1
   3   3   2   2   2   0   0   0  0.1062   1   1
   3   4   1   1   2   0   0   0 -1.9526   1   1
   3   4   1   2   2   0   0   0  6.0158   1   1
   3   4   1   2   4   0   0   0 -8.6532   1   1
   3   4   2   1   2   0   0   0 -5.7980   1   1
   3   4   2   1   4   0   0   0 13.3832   1   1
   3   4   2   2   2   0   0   0  4.4394   1   1
   3   4   2   2   4   0   0   0 10.2915   1   1
   4   3   1   1   2   0   0   0  1.9526   1   1
   4   3   1   2   2   0   0   0 -5.7980   1   1
   4   3   1   2   4   0   0   0 13.3832   1   1
   4   3   2   1   2   0   0   0  6.0158   1   1
   4   3   2   1   4   0   0   0 -8.6532   1   1
   4   3   2   2   2   0   0   0 -4.4394   1   1
   4   3   2   2   4   0   0   0-10.2915   1   1
   4   4   1   1   0   0   0   0-18.3500   1   1
   4   4   1   1   2   0   0   0  0.1062   1   1
   4   4   1   2   2   0   0   0  4.4394   1   1
   4   4   1   2   4   0   0   0 10.2915   1   1
   4   4   2   1   2   0   0   0 -4.4394   1   1
   4   4   2   1   4   0   0   0-10.2915   1   1
   4   4   2   2   0   0   0   0-26.6007   1   1
   4   4   2   2   2   0   0   0 10.5676   1   1
   4   4   2   2   4   0   0   0 -9.1430   1   1
   4   4   2   2   6   0   0   0  5.5965   1   1
