      1      1      1      1           2           0   6.80912473725515     
      1      1      1      1           0           0  -13.9047500000000     
      1      1      1      2           2           0 -0.146601961105573     
      1      1      2      1           2           0 -0.146601961105573     
      1      1      2      2           4           0  -6.71708333989814     
      1      1      2      2           2           0   1.94737806161588     
      1      2      1      1           2           0  0.146601961105573     
      1      2      1      2           2           0  0.330413632814992     
      1      2      1      2           0           0  -18.6412085850475     
      1      2      2      1           4           0   14.1695155598207     
      1      2      2      1           2           0  -4.02909658856672     
      1      2      2      2           4           0   8.03022606538866     
      1      2      2      2           2           0   1.61684129516554     
      2      1      1      1           2           0  0.146601961105573     
      2      1      1      2           4           0   14.1695155598207     
      2      1      1      2           2           0  -4.02909658856672     
      2      1      2      1           2           0  0.330413632814992     
      2      1      2      1           0           0  -18.6412085850475     
      2      1      2      2           4           0   8.03022606538866     
      2      1      2      2           2           0   1.61684129516554     
      2      2      1      1           4           0  -6.71708333989814     
      2      2      1      1           2           0   1.94737806161588     
      2      2      1      2           4           0  -8.03022606538866     
      2      2      1      2           2           0  -1.61684129516555     
      2      2      2      1           4           0  -8.03022606538866     
      2      2      2      1           2           0  -1.61684129516555     
      2      2      2      2           6           0   8.81785257081196     
      2      2      2      2           4           0  -9.64806312557733     
      2      2      2      2           2           0   6.29086915486842     
      2      2      2      2           0           0  -28.5210250000000     
      1      1      1      1           2           0   6.80912473725515     
      1      1      1      1           0           0  -13.9047500000000     
      1      1      1      2           2           0 -0.146601961105573     
      1      1      2      1           2           0 -0.146601961105573     
      1      1      2      2           4           0  -6.71708333989814     
      1      1      2      2           2           0   1.94737806161588     
      1      2      1      1           2           0  0.146601961105573     
      1      2      1      2           2           0  0.330413632814992     
      1      2      1      2           0           0  -18.6412085850475     
      1      2      2      1           4           0   14.1695155598207     
      1      2      2      1           2           0  -4.02909658856672     
      1      2      2      2           4           0   8.03022606538866     
      1      2      2      2           2           0   1.61684129516554     
      2      1      1      1           2           0  0.146601961105573     
      2      1      1      2           4           0   14.1695155598207     
      2      1      1      2           2           0  -4.02909658856672     
      2      1      2      1           2           0  0.330413632814992     
      2      1      2      1           0           0  -18.6412085850475     
      2      1      2      2           4           0   8.03022606538866     
      2      1      2      2           2           0   1.61684129516554     
      2      2      1      1           4           0  -6.71708333989814     
      2      2      1      1           2           0   1.94737806161588     
      2      2      1      2           4           0  -8.03022606538866     
      2      2      1      2           2           0  -1.61684129516555     
      2      2      2      1           4           0  -8.03022606538866     
      2      2      2      1           2           0  -1.61684129516555     
      2      2      2      2           6           0   8.81785257081196     
      2      2      2      2           4           0  -9.64806312557733     
      2      2      2      2           2           0   6.29086915486842     
      2      2      2      2           0           0  -28.5210250000000     
          60           6
   1   1   3   3   0   0   0   0-13.9048   1   1
   1   1   3   3   2   0   0   0  6.8091   1   1
   1   1   3   4   2   0   0   0 -0.1466   1   1
   1   1   4   3   2   0   0   0  0.1466   1   1
   1   1   4   4   0   0   0   0-18.6412   1   1
   1   1   4   4   2   0   0   0  0.3304   1   1
   1   2   3   3   2   0   0   0 -0.1466   1   1
   1   2   3   4   2   0   0   0  1.9474   1   1
   1   2   3   4   4   0   0   0 -6.7171   1   1
   1   2   4   3   2   0   0   0 -4.0291   1   1
   1   2   4   3   4   0   0   0 14.1695   1   1
   1   2   4   4   2   0   0   0  1.6168   1   1
   1   2   4   4   4   0   0   0  8.0302   1   1
   2   1   3   3   2   0   0   0  0.1466   1   1
   2   1   3   4   2   0   0   0 -4.0291   1   1
   2   1   3   4   4   0   0   0 14.1695   1   1
   2   1   4   3   2   0   0   0  1.9474   1   1
   2   1   4   3   4   0   0   0 -6.7171   1   1
   2   1   4   4   2   0   0   0 -1.6168   1   1
   2   1   4   4   4   0   0   0 -8.0302   1   1
   2   2   3   3   0   0   0   0-18.6412   1   1
   2   2   3   3   2   0   0   0  0.3304   1   1
   2   2   3   4   2   0   0   0  1.6168   1   1
   2   2   3   4   4   0   0   0  8.0302   1   1
   2   2   4   3   2   0   0   0 -1.6168   1   1
   2   2   4   3   4   0   0   0 -8.0302   1   1
   2   2   4   4   0   0   0   0-28.5210   1   1
   2   2   4   4   2   0   0   0  6.2909   1   1
   2   2   4   4   4   0   0   0 -9.6481   1   1
   2   2   4   4   6   0   0   0  8.8179   1   1
   3   3   1   1   0   0   0   0-13.9048   1   1
   3   3   1   1   2   0   0   0  6.8091   1   1
   3   3   1   2   2   0   0   0 -0.1466   1   1
   3   3   2   1   2   0   0   0  0.1466   1   1
   3   3   2   2   0   0   0   0-18.6412   1   1
   3   3   2   2   2   0   0   0  0.3304   1   1
   3   4   1   1   2   0   0   0 -0.1466   1   1
   3   4   1   2   2   0   0   0  1.9474   1   1
   3   4   1   2   4   0   0   0 -6.7171   1   1
   3   4   2   1   2   0   0   0 -4.0291   1   1
   3   4   2   1   4   0   0   0 14.1695   1   1
   3   4   2   2   2   0   0   0  1.6168   1   1
   3   4   2   2   4   0   0   0  8.0302   1   1
   4   3   1   1   2   0   0   0  0.1466   1   1
   4   3   1   2   2   0   0   0 -4.0291   1   1
   4   3   1   2   4   0   0   0 14.1695   1   1
   4   3   2   1   2   0   0   0  1.9474   1   1
   4   3   2   1   4   0   0   0 -6.7171   1   1
   4   3   2   2   2   0   0   0 -1.6168   1   1
   4   3   2   2   4   0   0   0 -8.0302   1   1
   4   4   1   1   0   0   0   0-18.6412   1   1
   4   4   1   1   2   0   0   0  0.3304   1   1
   4   4   1   2   2   0   0   0  1.6168   1   1
   4   4   1   2   4   0   0   0  8.0302   1   1
   4   4   2   1   2   0   0   0 -1.6168   1   1
   4   4   2   1   4   0   0   0 -8.0302   1   1
   4   4   2   2   0   0   0   0-28.5210   1   1
   4   4   2   2   2   0   0   0  6.2909   1   1
   4   4   2   2   4   0   0   0 -9.6481   1   1
   4   4   2   2   6   0   0   0  8.8179   1   1
