      1      2      1      2  -1.05550000000000     
      2      4      1      2  0.000000000000000E+000
      1      5      1      2  0.000000000000000E+000
      4      5      1      2   2.91172430356997     
      3      6      1      2  -2.91172430356997     
      1      3      1      3  -3.35230000000000     
      3      4      1      3  -1.65380000000000     
      2      3      2      3 -0.163375000000000     
      1      4      2      3  -1.84112670717553     
      3      5      2      3 -0.826900000000000     
      2      3      1      4  -1.84112670717553     
      1      4      1      4  -2.28932500000000     
      3      5      1      4  -1.43223281277870     
      1      2      2      4  0.000000000000000E+000
      2      4      2      4  -1.22635000000000     
      1      5      2      4  -2.12595000000000     
      4      5      2      4 -0.826900000000000     
      3      6      2      4 -0.826900000000000     
      1      3      3      4  -1.65380000000000     
      3      4      3      4  -2.18290000000000     
      1      2      1      5  0.000000000000000E+000
      2      4      1      5  -2.12595000000000     
      1      5      1      5  -1.22635000000000     
      4      5      1      5 -0.826900000000000     
      3      6      1      5 -0.826900000000000     
      2      5      2      5  -2.28932500000000     
      1      6      2      5  -1.84112670717553     
      4      6      2      5  -1.43223281277870     
      2      3      3      5 -0.826900000000000     
      1      4      3      5  -1.43223281277870     
      3      5      3      5  -2.18290000000000     
      1      2      4      5   2.91172430356997     
      2      4      4      5 -0.826900000000000     
      1      5      4      5 -0.826900000000000     
      4      5      4      5  -3.07505000000000     
      3      6      4      5  0.892150000000000     
      2      5      1      6  -1.84112670717553     
      1      6      1      6 -0.163375000000000     
      4      6      1      6 -0.826900000000000     
      2      6      2      6  -3.35230000000000     
      5      6      2      6  -1.65380000000000     
      1      2      3      6  -2.91172430356997     
      2      4      3      6 -0.826900000000000     
      1      5      3      6 -0.826900000000000     
      4      5      3      6  0.892150000000000     
      3      6      3      6  -3.07505000000000     
      2      5      4      6  -1.43223281277870     
      1      6      4      6 -0.826900000000000     
      4      6      4      6  -2.18290000000000     
      2      6      5      6  -1.65380000000000     
      5      6      5      6  -2.18290000000000     
      1      7      1      7  -8.91800000000000     
      4      7      1      7  4.232034085401488E-002
      3      8      1      7 -7.330098055278662E-002
      2      9      1      7 -7.330098055278662E-002
      5      9      1      7   1.78760211092961     
      1     10      1      7  4.232034085401488E-002
      4     10      1      7  -2.06414511989831     
      3     11      1      7   1.78760211092961     
      2      7      2      7  -4.98675000000000     
      5      7      2      7  4.232034085401488E-002
      1      8      2      7  -3.93125000000000     
      4      8      2      7 -4.232034085401488E-002
      6      9      2      7  9.224668813874803E-002
      2     10      2      7 -4.232034085401488E-002
      5     10      2      7  0.939825871810406     
      1     11      2      7  4.232034085401488E-002
      4     11      2      7  -1.97189843175956     
      3     12      2      7   3.00397099170871     
      3      7      3      7  -6.68115000000000     
      1      9      3      7  -3.32885000000000     
      4      9      3      7 -0.826900000000000     
      3     10      3      7  0.826900000000000     
      1      7      4      7  4.232034085401488E-002
      4      7      4      7  -6.62082500000000     
      3      8      4      7 -0.104485964966592     
      2      9      4      7   1.73664074220894     
      5      9      4      7  0.511290110773972     
      1     10      4      7  -4.33150000000000     
      4     10      4      7  -1.41728696617869     
      3     11      4      7   1.94352292355268     
      2      7      5      7  4.232034085401488E-002
      5      7      5      7  -6.56050000000000     
      1      8      5      7  4.232034085401488E-002
      4      8      5      7 -0.120649999999999     
      6      9      5      7   1.71248044926804     
      2     10      5      7   2.00530000000000     
      5     10      5      7  -1.12209348308935     
      1     11      5      7  -5.33415000000000     
      4     11      5      7 -0.295193483089346     
      3     12      5      7   2.53938044926804     
      6      7      6      7  -6.50017500000000     
      2      8      6      7  7.330098055278662E-002
      5      8      6      7 -0.104485964966591     
      6     10      6      7   1.71248044926804     
      2     11      6      7   1.73664074220894     
      5     11      6      7  -2.45481303432665     
      1     12      6      7  -6.33680000000000     
      4     12      6      7   2.53938044926804     
      2      7      1      8  -3.93125000000000     
      5      7      1      8  4.232034085401488E-002
      1      8      1      8  -4.98675000000000     
      4      8      1      8 -4.232034085401488E-002
      6      9      1      8   3.00397099170871     
      2     10      1      8 -4.232034085401488E-002
      5     10      1      8  -1.97189843175956     
      1     11      1      8  4.232034085401488E-002
      4     11      1      8  0.939825871810406     
      3     12      1      8  9.224668813874803E-002
      6      7      2      8  7.330098055278662E-002
      2      8      2      8  -8.91800000000000     
      5      8      2      8 -4.232034085401488E-002
      6     10      2      8   1.78760211092961     
      2     11      2      8 -4.232034085401488E-002
      5     11      2      8  -2.06414511989831     
      1     12      2      8  7.330098055278662E-002
      4     12      2      8   1.78760211092961     
      1      7      3      8 -7.330098055278662E-002
      4      7      3      8 -0.104485964966591     
      3      8      3      8  -6.50017500000000     
      2      9      3      8  -6.33680000000000     
      5      9      3      8  -2.53938044926804     
      1     10      3      8   1.73664074220894     
      4     10      3      8   2.45481303432665     
      3     11      3      8  -1.71248044926804     
      2      7      4      8 -4.232034085401488E-002
      5      7      4      8 -0.120649999999999     
      1      8      4      8 -4.232034085401488E-002
      4      8      4      8  -6.56050000000000     
      6      9      4      8  -2.53938044926804     
      2     10      4      8  -5.33415000000000     
      5     10      4      8  0.295193483089346     
      1     11      4      8   2.00530000000000     
      4     11      4      8   1.12209348308935     
      3     12      4      8  -1.71248044926804     
      6      7      5      8 -0.104485964966592     
      2      8      5      8 -4.232034085401488E-002
      5      8      5      8  -6.62082500000000     
      6     10      5      8  -1.94352292355268     
      2     11      5      8  -4.33150000000000     
      5     11      5      8   1.41728696617869     
      1     12      5      8   1.73664074220894     
      4     12      5      8 -0.511290110773972     
      6      8      6      8  -6.68115000000000     
      6     11      6      8 -0.826900000000000     
      2     12      6      8  -3.32885000000000     
      5     12      6      8  0.826900000000000     
      7      8      7      8  -1.05550000000000     
      8     10      7      8  0.000000000000000E+000
      7     11      7      8  0.000000000000000E+000
     10     11      7      8   2.91172430356997     
      9     12      7      8  -2.91172430356997     
      3      7      1      9  -3.32885000000000     
      1      9      1      9  -6.68115000000000     
      4      9      1      9  0.826900000000000     
      3     10      1      9 -0.826900000000000     
      1      7      2      9 -7.330098055278662E-002
      4      7      2      9   1.73664074220894     
      3      8      2      9  -6.33680000000000     
      2      9      2      9  -6.50017500000000     
      5      9      2      9  -1.71248044926804     
      1     10      2      9 -0.104485964966591     
      4     10      2      9   2.45481303432665     
      3     11      2      9  -2.53938044926804     
      3      9      3      9  -10.0100000000000     
      3      7      4      9 -0.826900000000000     
      1      9      4      9  0.826900000000000     
      4      9      4      9  -6.09645000000000     
      3     10      4      9  -3.91355000000000     
      1      7      5      9   1.78760211092961     
      4      7      5      9  0.511290110773972     
      3      8      5      9  -2.53938044926804     
      2      9      5      9  -1.71248044926804     
      5      9      5      9  -6.00669000000000     
      1     10      5      9   1.94352292355268     
      4     10      5      9 -0.103645920324915     
      3     11      5      9  -3.82379000000000     
      2      7      6      9  9.224668813874848E-002
      5      7      6      9   1.71248044926804     
      1      8      6      9   3.00397099170871     
      4      8      6      9  -2.53938044926804     
      6      9      6      9  -6.40788500000000     
      2     10      6      9  -1.71248044926804     
      5     10      6      9  0.401195000000003     
      1     11      6      9   2.53938044926804     
      4     11      6      9 -0.490954999999997     
      3     12      6      9  -3.33283500000000     
      7      9      7      9  -3.35230000000000     
      9     10      7      9  -1.65380000000000     
      8      9      8      9 -0.163375000000000     
      7     10      8      9  -1.84112670717553     
      9     11      8      9 -0.826900000000000     
      1      7      1     10  4.232034085401488E-002
      4      7      1     10  -4.33150000000000     
      3      8      1     10   1.73664074220894     
      2      9      1     10 -0.104485964966592     
      5      9      1     10   1.94352292355268     
      1     10      1     10  -6.62082500000000     
      4     10      1     10  -1.41728696617869     
      3     11      1     10  0.511290110773972     
      2      7      2     10 -4.232034085401488E-002
      5      7      2     10   2.00530000000000     
      1      8      2     10 -4.232034085401488E-002
      4      8      2     10  -5.33415000000000     
      6      9      2     10  -1.71248044926804     
      2     10      2     10  -6.56050000000000     
      5     10      2     10   1.12209348308935     
      1     11      2     10 -0.120649999999999     
      4     11      2     10  0.295193483089346     
      3     12      2     10  -2.53938044926804     
      3      7      3     10  0.826900000000000     
      1      9      3     10 -0.826900000000000     
      4      9      3     10  -3.91355000000000     
      3     10      3     10  -6.09644999999999     
      1      7      4     10  -2.06414511989831     
      4      7      4     10  -1.41728696617869     
      3      8      4     10   2.45481303432665     
      2      9      4     10   2.45481303432665     
      5      9      4     10 -0.103645920324917     
      1     10      4     10  -1.41728696617869     
      4     10      4     10  -9.89032000000000     
      3     11      4     10 -0.103645920324917     
      2      7      5     10  0.939825871810406     
      5      7      5     10  -1.12209348308935     
      1      8      5     10  -1.97189843175956     
      4      8      5     10  0.295193483089346     
      6      9      5     10  0.401195000000003     
      2     10      5     10   1.12209348308935     
      5     10      5     10  -6.52756500000000     
      1     11      5     10 -0.295193483089346     
      4     11      5     10  -3.45251500000000     
      3     12      5     10 -0.490954999999997     
      6      7      6     10   1.71248044926804     
      2      8      6     10   1.78760211092961     
      5      8      6     10  -1.94352292355268     
      6     10      6     10  -6.00669000000000     
      2     11      6     10 -0.511290110773972     
      5     11      6     10 -0.103645920324915     
      1     12      6     10   2.53938044926804     
      4     12      6     10  -3.82379000000000     
      8      9      7     10  -1.84112670717553     
      7     10      7     10  -2.28932500000000     
      9     11      7     10  -1.43223281277870     
      7      8      8     10  0.000000000000000E+000
      8     10      8     10  -1.22635000000000     
      7     11      8     10  -2.12595000000000     
     10     11      8     10 -0.826900000000000     
      9     12      8     10 -0.826900000000000     
      7      9      9     10  -1.65380000000000     
      9     10      9     10  -2.18290000000000     
      2      7      1     11  4.232034085401488E-002
      5      7      1     11  -5.33415000000000     
      1      8      1     11  4.232034085401488E-002
      4      8      1     11   2.00530000000000     
      6      9      1     11   2.53938044926804     
      2     10      1     11 -0.120649999999999     
      5     10      1     11 -0.295193483089346     
      1     11      1     11  -6.56050000000000     
      4     11      1     11  -1.12209348308935     
      3     12      1     11   1.71248044926804     
      6      7      2     11   1.73664074220894     
      2      8      2     11 -4.232034085401488E-002
      5      8      2     11  -4.33150000000000     
      6     10      2     11 -0.511290110773972     
      2     11      2     11  -6.62082500000000     
      5     11      2     11   1.41728696617869     
      1     12      2     11 -0.104485964966592     
      4     12      2     11  -1.94352292355268     
      1      7      3     11   1.78760211092961     
      4      7      3     11   1.94352292355268     
      3      8      3     11  -1.71248044926804     
      2      9      3     11  -2.53938044926804     
      5      9      3     11  -3.82379000000000     
      1     10      3     11  0.511290110773972     
      4     10      3     11 -0.103645920324915     
      3     11      3     11  -6.00669000000000     
      2      7      4     11  -1.97189843175956     
      5      7      4     11 -0.295193483089346     
      1      8      4     11  0.939825871810406     
      4      8      4     11   1.12209348308935     
      6      9      4     11 -0.490954999999997     
      2     10      4     11  0.295193483089346     
      5     10      4     11  -3.45251500000000     
      1     11      4     11  -1.12209348308935     
      4     11      4     11  -6.52756500000000     
      3     12      4     11  0.401195000000003     
      6      7      5     11  -2.45481303432665     
      2      8      5     11  -2.06414511989831     
      5      8      5     11   1.41728696617869     
      6     10      5     11 -0.103645920324917     
      2     11      5     11   1.41728696617869     
      5     11      5     11  -9.89032000000000     
      1     12      5     11  -2.45481303432665     
      4     12      5     11 -0.103645920324917     
      6      8      6     11 -0.826900000000000     
      6     11      6     11  -6.09645000000000     
      2     12      6     11  0.826900000000000     
      5     12      6     11  -3.91355000000000     
      7      8      7     11  0.000000000000000E+000
      8     10      7     11  -2.12595000000000     
      7     11      7     11  -1.22635000000000     
     10     11      7     11 -0.826900000000000     
      9     12      7     11 -0.826900000000000     
      8     11      8     11  -2.28932500000000     
      7     12      8     11  -1.84112670717553     
     10     12      8     11  -1.43223281277870     
      8      9      9     11 -0.826900000000000     
      7     10      9     11  -1.43223281277870     
      9     11      9     11  -2.18290000000000     
      7      8     10     11   2.91172430356997     
      8     10     10     11 -0.826900000000000     
      7     11     10     11 -0.826900000000000     
     10     11     10     11  -3.07505000000000     
      9     12     10     11  0.892150000000000     
      6      7      1     12  -6.33680000000000     
      2      8      1     12  7.330098055278662E-002
      5      8      1     12   1.73664074220894     
      6     10      1     12   2.53938044926804     
      2     11      1     12 -0.104485964966591     
      5     11      1     12  -2.45481303432665     
      1     12      1     12  -6.50017500000000     
      4     12      1     12   1.71248044926804     
      6      8      2     12  -3.32885000000000     
      6     11      2     12  0.826900000000000     
      2     12      2     12  -6.68115000000000     
      5     12      2     12 -0.826900000000000     
      2      7      3     12   3.00397099170871     
      5      7      3     12   2.53938044926804     
      1      8      3     12  9.224668813874848E-002
      4      8      3     12  -1.71248044926804     
      6      9      3     12  -3.33283500000000     
      2     10      3     12  -2.53938044926804     
      5     10      3     12 -0.490954999999997     
      1     11      3     12   1.71248044926804     
      4     11      3     12  0.401195000000003     
      3     12      3     12  -6.40788500000000     
      6      7      4     12   2.53938044926804     
      2      8      4     12   1.78760211092961     
      5      8      4     12 -0.511290110773972     
      6     10      4     12  -3.82379000000000     
      2     11      4     12  -1.94352292355268     
      5     11      4     12 -0.103645920324915     
      1     12      4     12   1.71248044926804     
      4     12      4     12  -6.00669000000000     
      6      8      5     12  0.826900000000000     
      6     11      5     12  -3.91355000000000     
      2     12      5     12 -0.826900000000000     
      5     12      5     12  -6.09644999999999     
      6     12      6     12  -10.0100000000000     
      8     11      7     12  -1.84112670717553     
      7     12      7     12 -0.163375000000000     
     10     12      7     12 -0.826900000000000     
      8     12      8     12  -3.35230000000000     
     11     12      8     12  -1.65380000000000     
      7      8      9     12  -2.91172430356997     
      8     10      9     12 -0.826900000000000     
      7     11      9     12 -0.826900000000000     
     10     11      9     12  0.892150000000000     
      9     12      9     12  -3.07505000000000     
      8     11     10     12  -1.43223281277870     
      7     12     10     12 -0.826900000000000     
     10     12     10     12  -2.18290000000000     
      8     12     11     12  -1.65380000000000     
     11     12     11     12  -2.18290000000000     
