 ! Total Interaction
  20
   1   1   1   1     1     0  -8.9180
   1   2   1   1     1     0  -0.1197
   2   2   1   1     1     0   3.2637
   1   1   1   2     1     0  -0.1197
   1   2   1   2     1     0 -13.7793
   2   2   1   2     1     0  -6.3383
   1   1   2   2     1     0   3.2637
   1   2   2   2     1     0  -6.3383
   2   2   2   2     1     0  -9.7108
   1   2   1   2     2     0 -10.0100
   2   2   2   2     3     0 -10.0100
   1   1   1   1     0     1  -1.0555
   2   2   1   1     0     1  -4.1178
   1   1   2   2     0     1  -4.1178
   2   2   2   2     0     1  -3.9672
   1   2   1   2     1     1   0.8996
   1   2   1   2     2     1  -3.3523
   2   2   1   2     2     1   1.6538
   1   2   2   2     2     1   1.6538
   2   2   2   2     2     1  -2.1829
