      1      2      1      2 -0.967000000000000     
      2      4      1      2  0.000000000000000E+000
      1      5      1      2  0.000000000000000E+000
      4      5      1      2   3.04211479402077     
      3      6      1      2  -3.04211479402077     
      1      3      1      3  -3.50010000000000     
      3      4      1      3  -1.71450000000000     
      2      3      2      3 -0.106350000000000     
      1      4      2      3  -1.95938247606229     
      3      5      2      3 -0.857250000000000     
      2      3      1      4  -1.95938247606229     
      1      4      1      4  -2.36885000000000     
      3      5      1      4  -1.48480055478842     
      1      2      2      4  0.000000000000000E+000
      2      4      2      4  -1.23760000000000     
      1      5      2      4  -2.26250000000000     
      4      5      2      4 -0.857250000000000     
      3      6      2      4 -0.857250000000000     
      1      3      3      4  -1.71450000000000     
      3      4      3      4  -2.28780000000000     
      1      2      1      5  0.000000000000000E+000
      2      4      1      5  -2.26250000000000     
      1      5      1      5  -1.23760000000000     
      4      5      1      5 -0.857250000000000     
      3      6      1      5 -0.857250000000000     
      2      5      2      5  -2.36885000000000     
      1      6      2      5  -1.95938247606229     
      4      6      2      5  -1.48480055478842     
      2      3      3      5 -0.857250000000000     
      1      4      3      5  -1.48480055478842     
      3      5      3      5  -2.28780000000000     
      1      2      4      5   3.04211479402077     
      2      4      4      5 -0.857250000000000     
      1      5      4      5 -0.857250000000000     
      4      5      4      5  -3.14845000000000     
      3      6      4      5  0.860650000000000     
      2      5      1      6  -1.95938247606229     
      1      6      1      6 -0.106350000000000     
      4      6      1      6 -0.857250000000000     
      2      6      2      6  -3.50010000000000     
      5      6      2      6  -1.71450000000000     
      1      2      3      6  -3.04211479402077     
      2      4      3      6 -0.857250000000000     
      1      5      3      6 -0.857250000000000     
      4      5      3      6  0.860650000000000     
      3      6      3      6  -3.14845000000000     
      2      5      4      6  -1.48480055478842     
      1      6      4      6 -0.857250000000000     
      4      6      4      6  -2.28780000000000     
      2      6      5      6  -1.71450000000000     
      5      6      5      6  -2.28780000000000     
      1      7      1      7  -9.25310000000000     
      4      7      1      7  1.230365799264593E-002
      3      8      1      7 -2.131056076221366E-002
      2      9      1      7 -2.131056076221366E-002
      5      9      1      7   1.66710314827847     
      1     10      1      7  1.230365799264593E-002
      4     10      1      7  -1.92500490285090     
      3     11      1      7   1.66710314827847     
      2      7      2      7  -5.11005000000000     
      5      7      2      7  1.230365799264593E-002
      1      8      2      7  -4.14305000000000     
      4      8      2      7 -1.230365799264593E-002
      6      9      2      7 -7.730371987220774E-002
      2     10      2      7 -1.230365799264593E-002
      5     10      2      7   1.03980617129766     
      1     11      2      7  1.230365799264593E-002
      4     11      2      7  -2.00230862272311     
      3     12      2      7   2.96481107414856     
      3      7      3      7  -6.86660000000000     
      1      9      3      7  -3.36650000000000     
      4      9      3      7 -0.857250000000000     
      3     10      3      7  0.857250000000000     
      1      7      4      7  1.230365799264593E-002
      4      7      4      7  -6.76916250000000     
      3      8      4      7 -0.168766700562492     
      2      9      4      7   1.79061577549980     
      5      9      4      7  0.425749594572141     
      1     10      4      7  -4.40031250000000     
      4     10      4      7  -1.34886328606720     
      3     11      4      7   1.91055014936056     
      2      7      5      7  1.230365799264593E-002
      5      7      5      7  -6.67172500000000     
      1      8      5      7  1.230365799264593E-002
      4      8      5      7 -0.194874999999998     
      6      9      5      7   1.59466992910080     
      2     10      5      7   2.06762500000000     
      5     10      5      7  -1.10305664303360     
      1     11      5      7  -5.43412500000000     
      4     11      5      7 -0.245806643033599     
      3     12      5      7   2.45191992910080     
      6      7      6      7  -6.57428750000000     
      2      8      6      7  2.131056076221366E-002
      5      8      6      7 -0.168766700562491     
      6     10      6      7   1.59466992910080     
      2     11      6      7   1.79061577549980     
      5     11      6      7  -2.33629974393270     
      1     12      6      7  -6.46793750000000     
      4     12      6      7   2.45191992910080     
      2      7      1      8  -4.14305000000000     
      5      7      1      8  1.230365799264593E-002
      1      8      1      8  -5.11005000000000     
      4      8      1      8 -1.230365799264593E-002
      6      9      1      8   2.96481107414856     
      2     10      1      8 -1.230365799264593E-002
      5     10      1      8  -2.00230862272311     
      1     11      1      8  1.230365799264593E-002
      4     11      1      8   1.03980617129766     
      3     12      1      8 -7.730371987220774E-002
      6      7      2      8  2.131056076221366E-002
      2      8      2      8  -9.25310000000000     
      5      8      2      8 -1.230365799264593E-002
      6     10      2      8   1.66710314827847     
      2     11      2      8 -1.230365799264593E-002
      5     11      2      8  -1.92500490285090     
      1     12      2      8  2.131056076221366E-002
      4     12      2      8   1.66710314827847     
      1      7      3      8 -2.131056076221366E-002
      4      7      3      8 -0.168766700562491     
      3      8      3      8  -6.57428750000000     
      2      9      3      8  -6.46793750000000     
      5      9      3      8  -2.45191992910080     
      1     10      3      8   1.79061577549980     
      4     10      3      8   2.33629974393270     
      3     11      3      8  -1.59466992910080     
      2      7      4      8 -1.230365799264593E-002
      5      7      4      8 -0.194874999999998     
      1      8      4      8 -1.230365799264593E-002
      4      8      4      8  -6.67172500000000     
      6      9      4      8  -2.45191992910080     
      2     10      4      8  -5.43412500000000     
      5     10      4      8  0.245806643033599     
      1     11      4      8   2.06762500000000     
      4     11      4      8   1.10305664303360     
      3     12      4      8  -1.59466992910080     
      6      7      5      8 -0.168766700562492     
      2      8      5      8 -1.230365799264593E-002
      5      8      5      8  -6.76916250000000     
      6     10      5      8  -1.91055014936056     
      2     11      5      8  -4.40031250000000     
      5     11      5      8   1.34886328606720     
      1     12      5      8   1.79061577549980     
      4     12      5      8 -0.425749594572141     
      6      8      6      8  -6.86660000000000     
      6     11      6      8 -0.857250000000000     
      2     12      6      8  -3.36650000000000     
      5     12      6      8  0.857250000000000     
      7      8      7      8 -0.967000000000000     
      8     10      7      8  0.000000000000000E+000
      7     11      7      8  0.000000000000000E+000
     10     11      7      8   3.04211479402077     
      9     12      7      8  -3.04211479402077     
      3      7      1      9  -3.36650000000000     
      1      9      1      9  -6.86660000000000     
      4      9      1      9  0.857250000000000     
      3     10      1      9 -0.857250000000000     
      1      7      2      9 -2.131056076221366E-002
      4      7      2      9   1.79061577549980     
      3      8      2      9  -6.46793750000000     
      2      9      2      9  -6.57428750000000     
      5      9      2      9  -1.59466992910080     
      1     10      2      9 -0.168766700562491     
      4     10      2      9   2.33629974393270     
      3     11      2      9  -2.45191992910080     
      3      9      3      9  -10.2331000000000     
      3      7      4      9 -0.857250000000000     
      1      9      4      9  0.857250000000000     
      4      9      4      9  -6.26045000000000     
      3     10      4      9  -3.97265000000000     
      1      7      5      9   1.66710314827847     
      4      7      5      9  0.425749594572140     
      3      8      5      9  -2.45191992910080     
      2      9      5      9  -1.59466992910080     
      5      9      5      9  -6.23432000000000     
      1     10      5      9   1.91055014936056     
      4     10      5      9 -3.017232506784451E-002
      3     11      5      9  -3.94652000000000     
      2      7      6      9 -7.730371987220774E-002
      5      7      6      9   1.59466992910080     
      1      8      6      9   2.96481107414856     
      4      8      6      9  -2.45191992910080     
      6      9      6      9  -6.65158000000000     
      2     10      6      9  -1.59466992910080     
      5     10      6      9  0.417260000000003     
      1     11      6      9   2.45191992910080     
      4     11      6      9 -0.443389999999997     
      3     12      6      9  -3.50313000000000     
      7      9      7      9  -3.50010000000000     
      9     10      7      9  -1.71450000000000     
      8      9      8      9 -0.106350000000000     
      7     10      8      9  -1.95938247606229     
      9     11      8      9 -0.857250000000000     
      1      7      1     10  1.230365799264593E-002
      4      7      1     10  -4.40031250000000     
      3      8      1     10   1.79061577549980     
      2      9      1     10 -0.168766700562492     
      5      9      1     10   1.91055014936056     
      1     10      1     10  -6.76916250000000     
      4     10      1     10  -1.34886328606720     
      3     11      1     10  0.425749594572141     
      2      7      2     10 -1.230365799264593E-002
      5      7      2     10   2.06762500000000     
      1      8      2     10 -1.230365799264593E-002
      4      8      2     10  -5.43412500000000     
      6      9      2     10  -1.59466992910080     
      2     10      2     10  -6.67172500000000     
      5     10      2     10   1.10305664303360     
      1     11      2     10 -0.194874999999998     
      4     11      2     10  0.245806643033599     
      3     12      2     10  -2.45191992910080     
      3      7      3     10  0.857250000000000     
      1      9      3     10 -0.857250000000000     
      4      9      3     10  -3.97265000000000     
      3     10      3     10  -6.26045000000000     
      1      7      4     10  -1.92500490285090     
      4      7      4     10  -1.34886328606720     
      3      8      4     10   2.33629974393270     
      2      9      4     10   2.33629974393270     
      5      9      4     10 -3.017232506784451E-002
      1     10      4     10  -1.34886328606720     
      4     10      4     10  -10.1982600000000     
      3     11      4     10 -3.017232506784451E-002
      2      7      5     10   1.03980617129766     
      5      7      5     10  -1.10305664303360     
      1      8      5     10  -2.00230862272311     
      4      8      5     10  0.245806643033599     
      6      9      5     10  0.417260000000003     
      2     10      5     10   1.10305664303360     
      5     10      5     10  -6.68642000000000     
      1     11      5     10 -0.245806643033599     
      4     11      5     10  -3.53797000000000     
      3     12      5     10 -0.443389999999997     
      6      7      6     10   1.59466992910080     
      2      8      6     10   1.66710314827847     
      5      8      6     10  -1.91055014936056     
      6     10      6     10  -6.23432000000000     
      2     11      6     10 -0.425749594572140     
      5     11      6     10 -3.017232506784451E-002
      1     12      6     10   2.45191992910080     
      4     12      6     10  -3.94652000000000     
      8      9      7     10  -1.95938247606229     
      7     10      7     10  -2.36885000000000     
      9     11      7     10  -1.48480055478842     
      7      8      8     10  0.000000000000000E+000
      8     10      8     10  -1.23760000000000     
      7     11      8     10  -2.26250000000000     
     10     11      8     10 -0.857250000000000     
      9     12      8     10 -0.857250000000000     
      7      9      9     10  -1.71450000000000     
      9     10      9     10  -2.28780000000000     
      2      7      1     11  1.230365799264593E-002
      5      7      1     11  -5.43412500000000     
      1      8      1     11  1.230365799264593E-002
      4      8      1     11   2.06762500000000     
      6      9      1     11   2.45191992910080     
      2     10      1     11 -0.194874999999998     
      5     10      1     11 -0.245806643033599     
      1     11      1     11  -6.67172500000000     
      4     11      1     11  -1.10305664303360     
      3     12      1     11   1.59466992910080     
      6      7      2     11   1.79061577549980     
      2      8      2     11 -1.230365799264593E-002
      5      8      2     11  -4.40031250000000     
      6     10      2     11 -0.425749594572141     
      2     11      2     11  -6.76916250000000     
      5     11      2     11   1.34886328606720     
      1     12      2     11 -0.168766700562492     
      4     12      2     11  -1.91055014936056     
      1      7      3     11   1.66710314827847     
      4      7      3     11   1.91055014936056     
      3      8      3     11  -1.59466992910080     
      2      9      3     11  -2.45191992910080     
      5      9      3     11  -3.94652000000000     
      1     10      3     11  0.425749594572140     
      4     10      3     11 -3.017232506784451E-002
      3     11      3     11  -6.23432000000000     
      2      7      4     11  -2.00230862272311     
      5      7      4     11 -0.245806643033599     
      1      8      4     11   1.03980617129766     
      4      8      4     11   1.10305664303360     
      6      9      4     11 -0.443389999999997     
      2     10      4     11  0.245806643033599     
      5     10      4     11  -3.53797000000000     
      1     11      4     11  -1.10305664303360     
      4     11      4     11  -6.68642000000000     
      3     12      4     11  0.417260000000003     
      6      7      5     11  -2.33629974393270     
      2      8      5     11  -1.92500490285090     
      5      8      5     11   1.34886328606720     
      6     10      5     11 -3.017232506784451E-002
      2     11      5     11   1.34886328606720     
      5     11      5     11  -10.1982600000000     
      1     12      5     11  -2.33629974393270     
      4     12      5     11 -3.017232506784451E-002
      6      8      6     11 -0.857250000000000     
      6     11      6     11  -6.26045000000000     
      2     12      6     11  0.857250000000000     
      5     12      6     11  -3.97265000000000     
      7      8      7     11  0.000000000000000E+000
      8     10      7     11  -2.26250000000000     
      7     11      7     11  -1.23760000000000     
     10     11      7     11 -0.857250000000000     
      9     12      7     11 -0.857250000000000     
      8     11      8     11  -2.36885000000000     
      7     12      8     11  -1.95938247606229     
     10     12      8     11  -1.48480055478842     
      8      9      9     11 -0.857250000000000     
      7     10      9     11  -1.48480055478842     
      9     11      9     11  -2.28780000000000     
      7      8     10     11   3.04211479402077     
      8     10     10     11 -0.857250000000000     
      7     11     10     11 -0.857250000000000     
     10     11     10     11  -3.14845000000000     
      9     12     10     11  0.860650000000000     
      6      7      1     12  -6.46793750000000     
      2      8      1     12  2.131056076221366E-002
      5      8      1     12   1.79061577549980     
      6     10      1     12   2.45191992910080     
      2     11      1     12 -0.168766700562491     
      5     11      1     12  -2.33629974393270     
      1     12      1     12  -6.57428750000000     
      4     12      1     12   1.59466992910080     
      6      8      2     12  -3.36650000000000     
      6     11      2     12  0.857250000000000     
      2     12      2     12  -6.86660000000000     
      5     12      2     12 -0.857250000000000     
      2      7      3     12   2.96481107414856     
      5      7      3     12   2.45191992910080     
      1      8      3     12 -7.730371987220774E-002
      4      8      3     12  -1.59466992910080     
      6      9      3     12  -3.50313000000000     
      2     10      3     12  -2.45191992910080     
      5     10      3     12 -0.443389999999997     
      1     11      3     12   1.59466992910080     
      4     11      3     12  0.417260000000003     
      3     12      3     12  -6.65158000000000     
      6      7      4     12   2.45191992910080     
      2      8      4     12   1.66710314827847     
      5      8      4     12 -0.425749594572140     
      6     10      4     12  -3.94652000000000     
      2     11      4     12  -1.91055014936056     
      5     11      4     12 -3.017232506784451E-002
      1     12      4     12   1.59466992910080     
      4     12      4     12  -6.23432000000000     
      6      8      5     12  0.857250000000000     
      6     11      5     12  -3.97265000000000     
      2     12      5     12 -0.857250000000000     
      5     12      5     12  -6.26045000000000     
      6     12      6     12  -10.2331000000000     
      8     11      7     12  -1.95938247606229     
      7     12      7     12 -0.106350000000000     
     10     12      7     12 -0.857250000000000     
      8     12      8     12  -3.50010000000000     
     11     12      8     12  -1.71450000000000     
      7      8      9     12  -3.04211479402077     
      8     10      9     12 -0.857250000000000     
      7     11      9     12 -0.857250000000000     
     10     11      9     12  0.860650000000000     
      9     12      9     12  -3.14845000000000     
      8     11     10     12  -1.48480055478842     
      7     12     10     12 -0.857250000000000     
     10     12     10     12  -2.28780000000000     
      8     12     11     12  -1.71450000000000     
     11     12     11     12  -2.28780000000000     
