 ! Total Interaction
  20
   1   1   1   1     1     0  -6.2616
   1   2   1   1     1     0  -1.3223
   2   2   1   1     1     0   4.9819
   1   1   1   2     1     0  -1.3223
   1   2   1   2     1     0 -10.8329
   2   2   1   2     1     0  -7.8731
   1   1   2   2     1     0   4.9819
   1   2   2   2     1     0  -7.8731
   2   2   2   2     1     0  -5.1924
   1   2   1   2     2     0  -8.4982
   2   2   2   2     3     0  -8.4982
   1   1   1   1     0     1  -1.2555
   2   2   1   1     0     1  -2.5587
   1   1   2   2     0     1  -2.5587
   2   2   2   2     0     1  -3.0647
   1   2   1   2     1     1   0.0379
   1   2   1   2     2     1  -2.0137
   2   2   1   2     2     1   0.7211
   1   2   2   2     2     1   0.7211
   2   2   2   2     2     1  -1.5038
