      1      1      1      1           2           0   4.33540977388528     
      1      1      1      1           0           0  -10.0201500000000     
      1      1      1      2           2           0  -1.61948014344110     
      1      1      2      1           2           0  -1.61948014344110     
      1      1      2      2           4           0  -7.30693287205810     
      1      1      2      2           2           0   5.25487017187264     
      1      2      1      1           2           0   1.61948014344110     
      1      2      1      2           2           0 -0.193825320037138     
      1      2      1      2           0           0  -15.0162079936252     
      1      2      2      1           4           0   10.9279157636889     
      1      2      2      1           2           0  -4.66607992368527     
      1      2      2      2           4           0   8.92076320362657     
      1      2      2      2           2           0   3.83386258293412     
      2      1      1      1           2           0   1.61948014344110     
      2      1      1      2           4           0   10.9279157636889     
      2      1      1      2           2           0  -4.66607992368527     
      2      1      2      1           2           0 -0.193825320037138     
      2      1      2      1           0           0  -15.0162079936252     
      2      1      2      2           4           0   8.92076320362657     
      2      1      2      2           2           0   3.83386258293412     
      2      2      1      1           4           0  -7.30693287205810     
      2      2      1      1           2           0   5.25487017187264     
      2      2      1      2           4           0  -8.92076320362657     
      2      2      1      2           2           0  -3.83386258293412     
      2      2      2      1           4           0  -8.92076320362657     
      2      2      2      1           2           0  -3.83386258293412     
      2      2      2      2           6           0   4.28443707184211     
      2      2      2      2           4           0  -7.58374752942930     
      2      2      2      2           2           0   8.53063601565997     
      2      2      2      2           0           0  -21.4120750000000     
      1      1      1      1           2           0   4.33540977388528     
      1      1      1      1           0           0  -10.0201500000000     
      1      1      1      2           2           0  -1.61948014344110     
      1      1      2      1           2           0  -1.61948014344110     
      1      1      2      2           4           0  -7.30693287205810     
      1      1      2      2           2           0   5.25487017187264     
      1      2      1      1           2           0   1.61948014344110     
      1      2      1      2           2           0 -0.193825320037138     
      1      2      1      2           0           0  -15.0162079936252     
      1      2      2      1           4           0   10.9279157636889     
      1      2      2      1           2           0  -4.66607992368527     
      1      2      2      2           4           0   8.92076320362657     
      1      2      2      2           2           0   3.83386258293412     
      2      1      1      1           2           0   1.61948014344110     
      2      1      1      2           4           0   10.9279157636889     
      2      1      1      2           2           0  -4.66607992368527     
      2      1      2      1           2           0 -0.193825320037138     
      2      1      2      1           0           0  -15.0162079936252     
      2      1      2      2           4           0   8.92076320362657     
      2      1      2      2           2           0   3.83386258293412     
      2      2      1      1           4           0  -7.30693287205810     
      2      2      1      1           2           0   5.25487017187264     
      2      2      1      2           4           0  -8.92076320362657     
      2      2      1      2           2           0  -3.83386258293412     
      2      2      2      1           4           0  -8.92076320362657     
      2      2      2      1           2           0  -3.83386258293412     
      2      2      2      2           6           0   4.28443707184211     
      2      2      2      2           4           0  -7.58374752942930     
      2      2      2      2           2           0   8.53063601565997     
      2      2      2      2           0           0  -21.4120750000000     
          60           6
   1   1   3   3   0   0   0   0-10.0202   1   1
   1   1   3   3   2   0   0   0  4.3354   1   1
   1   1   3   4   2   0   0   0 -1.6195   1   1
   1   1   4   3   2   0   0   0  1.6195   1   1
   1   1   4   4   0   0   0   0-15.0162   1   1
   1   1   4   4   2   0   0   0 -0.1938   1   1
   1   2   3   3   2   0   0   0 -1.6195   1   1
   1   2   3   4   2   0   0   0  5.2549   1   1
   1   2   3   4   4   0   0   0 -7.3069   1   1
   1   2   4   3   2   0   0   0 -4.6661   1   1
   1   2   4   3   4   0   0   0 10.9279   1   1
   1   2   4   4   2   0   0   0  3.8339   1   1
   1   2   4   4   4   0   0   0  8.9208   1   1
   2   1   3   3   2   0   0   0  1.6195   1   1
   2   1   3   4   2   0   0   0 -4.6661   1   1
   2   1   3   4   4   0   0   0 10.9279   1   1
   2   1   4   3   2   0   0   0  5.2549   1   1
   2   1   4   3   4   0   0   0 -7.3069   1   1
   2   1   4   4   2   0   0   0 -3.8339   1   1
   2   1   4   4   4   0   0   0 -8.9208   1   1
   2   2   3   3   0   0   0   0-15.0162   1   1
   2   2   3   3   2   0   0   0 -0.1938   1   1
   2   2   3   4   2   0   0   0  3.8339   1   1
   2   2   3   4   4   0   0   0  8.9208   1   1
   2   2   4   3   2   0   0   0 -3.8339   1   1
   2   2   4   3   4   0   0   0 -8.9208   1   1
   2   2   4   4   0   0   0   0-21.4121   1   1
   2   2   4   4   2   0   0   0  8.5306   1   1
   2   2   4   4   4   0   0   0 -7.5837   1   1
   2   2   4   4   6   0   0   0  4.2844   1   1
   3   3   1   1   0   0   0   0-10.0202   1   1
   3   3   1   1   2   0   0   0  4.3354   1   1
   3   3   1   2   2   0   0   0 -1.6195   1   1
   3   3   2   1   2   0   0   0  1.6195   1   1
   3   3   2   2   0   0   0   0-15.0162   1   1
   3   3   2   2   2   0   0   0 -0.1938   1   1
   3   4   1   1   2   0   0   0 -1.6195   1   1
   3   4   1   2   2   0   0   0  5.2549   1   1
   3   4   1   2   4   0   0   0 -7.3069   1   1
   3   4   2   1   2   0   0   0 -4.6661   1   1
   3   4   2   1   4   0   0   0 10.9279   1   1
   3   4   2   2   2   0   0   0  3.8339   1   1
   3   4   2   2   4   0   0   0  8.9208   1   1
   4   3   1   1   2   0   0   0  1.6195   1   1
   4   3   1   2   2   0   0   0 -4.6661   1   1
   4   3   1   2   4   0   0   0 10.9279   1   1
   4   3   2   1   2   0   0   0  5.2549   1   1
   4   3   2   1   4   0   0   0 -7.3069   1   1
   4   3   2   2   2   0   0   0 -3.8339   1   1
   4   3   2   2   4   0   0   0 -8.9208   1   1
   4   4   1   1   0   0   0   0-15.0162   1   1
   4   4   1   1   2   0   0   0 -0.1938   1   1
   4   4   1   2   2   0   0   0  3.8339   1   1
   4   4   1   2   4   0   0   0  8.9208   1   1
   4   4   2   1   2   0   0   0 -3.8339   1   1
   4   4   2   1   4   0   0   0 -8.9208   1   1
   4   4   2   2   0   0   0   0-21.4121   1   1
   4   4   2   2   2   0   0   0  8.5306   1   1
   4   4   2   2   4   0   0   0 -7.5837   1   1
   4   4   2   2   6   0   0   0  4.2844   1   1
