      1      2      1      2  -1.25550000000000     
      2      4      1      2  0.000000000000000E+000
      1      5      1      2  0.000000000000000E+000
      4      5      1      2   1.80927412102202     
      3      6      1      2  -1.80927412102202     
      1      3      1      3  -2.01370000000000     
      3      4      1      3 -0.721100000000000     
      2      3      2      3 -0.475000000000000     
      1      4      2      3 -0.888368859202078     
      3      5      2      3 -0.360550000000000     
      2      3      1      4 -0.888368859202078     
      1      4      1      4  -1.50080000000000     
      3      5      1      4 -0.624490918668959     
      1      2      2      4  0.000000000000000E+000
      2      4      2      4 -0.987900000000000     
      1      5      2      4  -1.02580000000000     
      4      5      2      4 -0.360550000000000     
      3      6      2      4 -0.360550000000000     
      1      3      3      4 -0.721100000000000     
      3      4      3      4  -1.50380000000000     
      1      2      1      5  0.000000000000000E+000
      2      4      1      5  -1.02580000000000     
      1      5      1      5 -0.987900000000000     
      4      5      1      5 -0.360550000000000     
      3      6      1      5 -0.360550000000000     
      2      5      2      5  -1.50080000000000     
      1      6      2      5 -0.888368859202078     
      4      6      2      5 -0.624490918668959     
      2      3      3      5 -0.360550000000000     
      1      4      3      5 -0.624490918668959     
      3      5      3      5  -1.50380000000000     
      1      2      4      5   1.80927412102202     
      2      4      4      5 -0.360550000000000     
      1      5      4      5 -0.360550000000000     
      4      5      4      5  -2.28425000000000     
      3      6      4      5  0.780450000000000     
      2      5      1      6 -0.888368859202078     
      1      6      1      6 -0.475000000000000     
      4      6      1      6 -0.360550000000000     
      2      6      2      6  -2.01370000000000     
      5      6      2      6 -0.721100000000000     
      1      2      3      6  -1.80927412102202     
      2      4      3      6 -0.360550000000000     
      1      5      3      6 -0.360550000000000     
      4      5      3      6  0.780450000000000     
      3      6      3      6  -2.28425000000000     
      2      5      4      6 -0.624490918668959     
      1      6      4      6 -0.360550000000000     
      4      6      4      6  -1.50380000000000     
      2      6      5      6 -0.721100000000000     
      5      6      5      6  -1.50380000000000     
      1      7      1      7  -6.26160000000000     
      4      7      1      7  0.467503648381486     
      3      8      1      7 -0.809740071720549     
      2      9      1      7 -0.809740071720549     
      5      9      1      7   2.72869900923499     
      1     10      1      7  0.467503648381486     
      4     10      1      7  -3.15083021503857     
      3     11      1      7   2.72869900923499     
      2      7      2      7  -3.75855000000000     
      5      7      2      7  0.467503648381486     
      1      8      2      7  -2.50305000000000     
      4      8      2      7 -0.467503648381486     
      6      9      2      7   1.45848560076792     
      2     10      2      7 -0.467503648381486     
      5     10      2      7  0.116929506751367     
      1     11      2      7  0.467503648381486     
      4     11      2      7  -1.69234461427065     
      3     12      2      7   3.26775972178994     
      3      7      3      7  -5.25595000000000     
      1      9      3      7  -3.24225000000000     
      4      9      3      7 -0.360550000000000     
      3     10      3      7  0.360550000000000     
      1      7      4      7  0.467503648381486     
      4      7      4      7  -5.29133750000000     
      3      8      4      7  6.129294795284479E-002
      2      9      4      7  0.949661807154922     
      5      9      4      7   1.21237379981680     
      1     10      4      7  -3.79053750000000     
      4     10      4      7  -1.76047867936536     
      3     11      4      7   1.83686471848576     
      2      7      5      7  0.467503648381486     
      5      7      5      7  -5.32672500000000     
      1      8      5      7  0.467503648381486     
      4      8      5      7  7.077500000000136E-002
      6      9      5      7   2.46044301904804     
      2     10      5      7   1.09657500000000     
      5     10      5      7  -1.06051433968268     
      1     11      5      7  -4.33882500000000     
      4     11      5      7 -0.699964339682680     
      3     12      5      7   2.82099301904804     
      6      7      6      7  -5.36211250000000     
      2      8      6      7  0.809740071720549     
      5      8      6      7  6.129294795284479E-002
      6     10      6      7   2.46044301904804     
      2     11      6      7  0.949661807154922     
      5     11      6      7  -3.04923851830256     
      1     12      6      7  -4.88711250000000     
      4     12      6      7   2.82099301904804     
      2      7      1      8  -2.50305000000000     
      5      7      1      8  0.467503648381486     
      1      8      1      8  -3.75855000000000     
      4      8      1      8 -0.467503648381486     
      6      9      1      8   3.26775972178994     
      2     10      1      8 -0.467503648381486     
      5     10      1      8  -1.69234461427065     
      1     11      1      8  0.467503648381486     
      4     11      1      8  0.116929506751367     
      3     12      1      8   1.45848560076792     
      6      7      2      8  0.809740071720549     
      2      8      2      8  -6.26160000000000     
      5      8      2      8 -0.467503648381486     
      6     10      2      8   2.72869900923499     
      2     11      2      8 -0.467503648381486     
      5     11      2      8  -3.15083021503857     
      1     12      2      8  0.809740071720549     
      4     12      2      8   2.72869900923499     
      1      7      3      8 -0.809740071720549     
      4      7      3      8  6.129294795284479E-002
      3      8      3      8  -5.36211250000000     
      2      9      3      8  -4.88711250000000     
      5      9      3      8  -2.82099301904804     
      1     10      3      8  0.949661807154922     
      4     10      3      8   3.04923851830256     
      3     11      3      8  -2.46044301904804     
      2      7      4      8 -0.467503648381486     
      5      7      4      8  7.077500000000136E-002
      1      8      4      8 -0.467503648381486     
      4      8      4      8  -5.32672500000000     
      6      9      4      8  -2.82099301904804     
      2     10      4      8  -4.33882500000000     
      5     10      4      8  0.699964339682680     
      1     11      4      8   1.09657500000000     
      4     11      4      8   1.06051433968268     
      3     12      4      8  -2.46044301904804     
      6      7      5      8  6.129294795284479E-002
      2      8      5      8 -0.467503648381486     
      5      8      5      8  -5.29133750000000     
      6     10      5      8  -1.83686471848576     
      2     11      5      8  -3.79053750000000     
      5     11      5      8   1.76047867936536     
      1     12      5      8  0.949661807154922     
      4     12      5      8  -1.21237379981680     
      6      8      6      8  -5.25595000000000     
      6     11      6      8 -0.360550000000000     
      2     12      6      8  -3.24225000000000     
      5     12      6      8  0.360550000000000     
      7      8      7      8  -1.25550000000000     
      8     10      7      8  0.000000000000000E+000
      7     11      7      8  0.000000000000000E+000
     10     11      7      8   1.80927412102202     
      9     12      7      8  -1.80927412102202     
      3      7      1      9  -3.24225000000000     
      1      9      1      9  -5.25595000000000     
      4      9      1      9  0.360550000000000     
      3     10      1      9 -0.360550000000000     
      1      7      2      9 -0.809740071720549     
      4      7      2      9  0.949661807154922     
      3      8      2      9  -4.88711250000000     
      2      9      2      9  -5.36211250000000     
      5      9      2      9  -2.46044301904804     
      1     10      2      9  6.129294795284479E-002
      4     10      2      9   3.04923851830256     
      3     11      2      9  -2.82099301904804     
      3      9      3      9  -8.49820000000000     
      3      7      4      9 -0.360550000000000     
      1      9      4      9  0.360550000000000     
      4      9      4      9  -5.00100000000000     
      3     10      4      9  -3.49720000000000     
      1      7      5      9   2.72869900923499     
      4      7      5      9   1.21237379981680     
      3      8      5      9  -2.82099301904804     
      2      9      5      9  -2.46044301904804     
      5      9      5      9  -4.00926000000000     
      1     10      5      9   1.83686471848576     
      4     10      5      9  -1.14516271193224     
      3     11      5      9  -2.50546000000000     
      2      7      6      9   1.45848560076792     
      5      7      6      9   2.46044301904804     
      1      8      6      9   3.26775972178994     
      4      8      6      9  -2.82099301904804     
      6      9      6      9  -3.90361500000000     
      2     10      6      9  -2.46044301904804     
      5     10      6      9 -0.105644999999999     
      1     11      6      9   2.82099301904804     
      4     11      6      9 -0.886094999999998     
      3     12      6      9  -1.61936500000000     
      7      9      7      9  -2.01370000000000     
      9     10      7      9 -0.721100000000000     
      8      9      8      9 -0.475000000000000     
      7     10      8      9 -0.888368859202078     
      9     11      8      9 -0.360550000000000     
      1      7      1     10  0.467503648381486     
      4      7      1     10  -3.79053750000000     
      3      8      1     10  0.949661807154922     
      2      9      1     10  6.129294795284479E-002
      5      9      1     10   1.83686471848576     
      1     10      1     10  -5.29133750000000     
      4     10      1     10  -1.76047867936536     
      3     11      1     10   1.21237379981680     
      2      7      2     10 -0.467503648381486     
      5      7      2     10   1.09657500000000     
      1      8      2     10 -0.467503648381486     
      4      8      2     10  -4.33882500000000     
      6      9      2     10  -2.46044301904804     
      2     10      2     10  -5.32672500000000     
      5     10      2     10   1.06051433968268     
      1     11      2     10  7.077500000000136E-002
      4     11      2     10  0.699964339682680     
      3     12      2     10  -2.82099301904804     
      3      7      3     10  0.360550000000000     
      1      9      3     10 -0.360550000000000     
      4      9      3     10  -3.49720000000000     
      3     10      3     10  -5.00100000000000     
      1      7      4     10  -3.15083021503857     
      4      7      4     10  -1.76047867936536     
      3      8      4     10   3.04923851830256     
      2      9      4     10   3.04923851830256     
      5      9      4     10  -1.14516271193224     
      1     10      4     10  -1.76047867936536     
      4     10      4     10  -7.17588000000000     
      3     11      4     10  -1.14516271193224     
      2      7      5     10  0.116929506751367     
      5      7      5     10  -1.06051433968268     
      1      8      5     10  -1.69234461427065     
      4      8      5     10  0.699964339682680     
      6      9      5     10 -0.105644999999998     
      2     10      5     10   1.06051433968268     
      5     10      5     10  -5.22593500000000     
      1     11      5     10 -0.699964339682680     
      4     11      5     10  -2.94168500000000     
      3     12      5     10 -0.886094999999998     
      6      7      6     10   2.46044301904804     
      2      8      6     10   2.72869900923499     
      5      8      6     10  -1.83686471848576     
      6     10      6     10  -4.00926000000000     
      2     11      6     10  -1.21237379981680     
      5     11      6     10  -1.14516271193224     
      1     12      6     10   2.82099301904804     
      4     12      6     10  -2.50546000000000     
      8      9      7     10 -0.888368859202078     
      7     10      7     10  -1.50080000000000     
      9     11      7     10 -0.624490918668959     
      7      8      8     10  0.000000000000000E+000
      8     10      8     10 -0.987900000000000     
      7     11      8     10  -1.02580000000000     
     10     11      8     10 -0.360550000000000     
      9     12      8     10 -0.360550000000000     
      7      9      9     10 -0.721100000000000     
      9     10      9     10  -1.50380000000000     
      2      7      1     11  0.467503648381486     
      5      7      1     11  -4.33882500000000     
      1      8      1     11  0.467503648381486     
      4      8      1     11   1.09657500000000     
      6      9      1     11   2.82099301904804     
      2     10      1     11  7.077500000000136E-002
      5     10      1     11 -0.699964339682680     
      1     11      1     11  -5.32672500000000     
      4     11      1     11  -1.06051433968268     
      3     12      1     11   2.46044301904804     
      6      7      2     11  0.949661807154922     
      2      8      2     11 -0.467503648381486     
      5      8      2     11  -3.79053750000000     
      6     10      2     11  -1.21237379981680     
      2     11      2     11  -5.29133750000000     
      5     11      2     11   1.76047867936536     
      1     12      2     11  6.129294795284479E-002
      4     12      2     11  -1.83686471848576     
      1      7      3     11   2.72869900923499     
      4      7      3     11   1.83686471848576     
      3      8      3     11  -2.46044301904804     
      2      9      3     11  -2.82099301904804     
      5      9      3     11  -2.50546000000000     
      1     10      3     11   1.21237379981680     
      4     10      3     11  -1.14516271193224     
      3     11      3     11  -4.00926000000000     
      2      7      4     11  -1.69234461427065     
      5      7      4     11 -0.699964339682680     
      1      8      4     11  0.116929506751367     
      4      8      4     11   1.06051433968268     
      6      9      4     11 -0.886094999999998     
      2     10      4     11  0.699964339682680     
      5     10      4     11  -2.94168500000000     
      1     11      4     11  -1.06051433968268     
      4     11      4     11  -5.22593500000000     
      3     12      4     11 -0.105644999999998     
      6      7      5     11  -3.04923851830256     
      2      8      5     11  -3.15083021503857     
      5      8      5     11   1.76047867936536     
      6     10      5     11  -1.14516271193224     
      2     11      5     11   1.76047867936536     
      5     11      5     11  -7.17588000000000     
      1     12      5     11  -3.04923851830256     
      4     12      5     11  -1.14516271193224     
      6      8      6     11 -0.360550000000000     
      6     11      6     11  -5.00100000000000     
      2     12      6     11  0.360550000000000     
      5     12      6     11  -3.49720000000000     
      7      8      7     11  0.000000000000000E+000
      8     10      7     11  -1.02580000000000     
      7     11      7     11 -0.987900000000000     
     10     11      7     11 -0.360550000000000     
      9     12      7     11 -0.360550000000000     
      8     11      8     11  -1.50080000000000     
      7     12      8     11 -0.888368859202078     
     10     12      8     11 -0.624490918668959     
      8      9      9     11 -0.360550000000000     
      7     10      9     11 -0.624490918668959     
      9     11      9     11  -1.50380000000000     
      7      8     10     11   1.80927412102202     
      8     10     10     11 -0.360550000000000     
      7     11     10     11 -0.360550000000000     
     10     11     10     11  -2.28425000000000     
      9     12     10     11  0.780450000000000     
      6      7      1     12  -4.88711250000000     
      2      8      1     12  0.809740071720549     
      5      8      1     12  0.949661807154922     
      6     10      1     12   2.82099301904804     
      2     11      1     12  6.129294795284479E-002
      5     11      1     12  -3.04923851830256     
      1     12      1     12  -5.36211250000000     
      4     12      1     12   2.46044301904804     
      6      8      2     12  -3.24225000000000     
      6     11      2     12  0.360550000000000     
      2     12      2     12  -5.25595000000000     
      5     12      2     12 -0.360550000000000     
      2      7      3     12   3.26775972178994     
      5      7      3     12   2.82099301904804     
      1      8      3     12   1.45848560076792     
      4      8      3     12  -2.46044301904804     
      6      9      3     12  -1.61936500000000     
      2     10      3     12  -2.82099301904804     
      5     10      3     12 -0.886094999999998     
      1     11      3     12   2.46044301904804     
      4     11      3     12 -0.105644999999999     
      3     12      3     12  -3.90361500000000     
      6      7      4     12   2.82099301904804     
      2      8      4     12   2.72869900923499     
      5      8      4     12  -1.21237379981680     
      6     10      4     12  -2.50546000000000     
      2     11      4     12  -1.83686471848576     
      5     11      4     12  -1.14516271193224     
      1     12      4     12   2.46044301904804     
      4     12      4     12  -4.00926000000000     
      6      8      5     12  0.360550000000000     
      6     11      5     12  -3.49720000000000     
      2     12      5     12 -0.360550000000000     
      5     12      5     12  -5.00100000000000     
      6     12      6     12  -8.49820000000000     
      8     11      7     12 -0.888368859202078     
      7     12      7     12 -0.475000000000000     
     10     12      7     12 -0.360550000000000     
      8     12      8     12  -2.01370000000000     
     11     12      8     12 -0.721100000000000     
      7      8      9     12  -1.80927412102202     
      8     10      9     12 -0.360550000000000     
      7     11      9     12 -0.360550000000000     
     10     11      9     12  0.780450000000000     
      9     12      9     12  -2.28425000000000     
      8     11     10     12 -0.624490918668959     
      7     12     10     12 -0.360550000000000     
     10     12     10     12  -1.50380000000000     
      8     12     11     12 -0.721100000000000     
     11     12     11     12  -1.50380000000000     
