 ! Total Interaction
  20
   1   1   1   1     1     0  -9.1578
   1   2   1   1     1     0  -0.0603
   2   2   1   1     1     0   3.1108
   1   1   1   2     1     0  -0.0603
   1   2   1   2     1     0 -13.9255
   2   2   1   2     1     0  -6.1262
   1   1   2   2     1     0   3.1108
   1   2   2   2     1     0  -6.1262
   2   2   2   2     1     0 -10.0208
   1   2   1   2     2     0 -10.1717
   2   2   2   2     3     0 -10.1717
   1   1   1   1     0     1  -0.9936
   2   2   1   1     0     1  -4.2491
   1   1   2   2     0     1  -4.2491
   2   2   2   2     0     1  -3.9981
   1   2   1   2     1     1   0.9881
   1   2   1   2     2     1  -3.4579
   2   2   1   2     2     1   1.6973
   1   2   2   2     2     1   1.6973
   2   2   2   2     2     1  -2.2578
