      1      2      1      2 -0.993600000000000     
      2      4      1      2  0.000000000000000E+000
      1      5      1      2  0.000000000000000E+000
      4      5      1      2   3.00456742393976     
      3      6      1      2  -3.00456742393976     
      1      3      1      3  -3.45790000000000     
      3      4      1      3  -1.69730000000000     
      2      3      2      3 -0.123400000000000     
      1      4      2      3  -1.92517447261281     
      3      5      2      3 -0.848650000000000     
      2      3      1      4  -1.92517447261281     
      1      4      1      4  -2.34640000000000     
      3      5      1      4  -1.46990491784333     
      1      2      2      4  0.000000000000000E+000
      2      4      2      4  -1.23490000000000     
      1      5      2      4  -2.22300000000000     
      4      5      2      4 -0.848650000000000     
      3      6      2      4 -0.848650000000000     
      1      3      3      4  -1.69730000000000     
      3      4      3      4  -2.25780000000000     
      1      2      1      5  0.000000000000000E+000
      2      4      1      5  -2.22300000000000     
      1      5      1      5  -1.23490000000000     
      4      5      1      5 -0.848650000000000     
      3      6      1      5 -0.848650000000000     
      2      5      2      5  -2.34640000000000     
      1      6      2      5  -1.92517447261281     
      4      6      2      5  -1.46990491784333     
      2      3      3      5 -0.848650000000000     
      1      4      3      5  -1.46990491784333     
      3      5      3      5  -2.25780000000000     
      1      2      4      5   3.00456742393976     
      2      4      4      5 -0.848650000000000     
      1      5      4      5 -0.848650000000000     
      4      5      4      5  -3.12795000000000     
      3      6      4      5  0.870150000000000     
      2      5      1      6  -1.92517447261281     
      1      6      1      6 -0.123400000000000     
      4      6      1      6 -0.848650000000000     
      2      6      2      6  -3.45790000000000     
      5      6      2      6  -1.69730000000000     
      1      2      3      6  -3.00456742393976     
      2      4      3      6 -0.848650000000000     
      1      5      3      6 -0.848650000000000     
      4      5      3      6  0.870150000000000     
      3      6      3      6  -3.12795000000000     
      2      5      4      6  -1.46990491784333     
      1      6      4      6 -0.848650000000000     
      4      6      4      6  -2.25780000000000     
      2      6      5      6  -1.69730000000000     
      5      6      5      6  -2.25780000000000     
      1      7      1      7  -9.15780000000000     
      4      7      1      7  2.131926945277442E-002
      3      8      1      7 -3.692605787245642E-002
      2      9      1      7 -3.692605787245642E-002
      5      9      1      7   1.70385533188707     
      1     10      1      7  2.131926945277442E-002
      4     10      1      7  -1.96744266905036     
      3     11      1      7   1.70385533188707     
      2      7      2      7  -5.07570000000000     
      5      7      2      7  2.131926945277442E-002
      1      8      2      7  -4.08210000000000     
      4      8      2      7 -2.131926945277442E-002
      6      9      2      7 -2.670171018211032E-002
      2     10      2      7 -2.131926945277442E-002
      5     10      2      7   1.01042304470729     
      1     11      2      7  2.131926945277442E-002
      4     11      2      7  -1.99414437923247     
      3     12      2      7   2.97786571375765     
      3      7      3      7  -6.81480000000000     
      1      9      3      7  -3.35690000000000     
      4      9      3      7 -0.848650000000000     
      3     10      3      7  0.848650000000000     
      1      7      4      7  2.131926945277442E-002
      4      7      4      7  -6.72827500000000     
      3      8      4      7 -0.149865696124897     
      2      9      4      7   1.77530877648791     
      5      9      4      7  0.451381069855130     
      1     10      4      7  -4.38187500000000     
      4     10      4      7  -1.36985996437592     
      3     11      4      7   1.92128598769846     
      2      7      5      7  2.131926945277442E-002
      5      7      5      7  -6.64175000000000     
      1      8      5      7  2.131926945277442E-002
      4      8      5      7 -0.173049999999999     
      6      9      5      7   1.63046494656388     
      2     10      5      7   2.04995000000000     
      5     10      5      7  -1.10925498218796     
      1     11      5      7  -5.40685000000000     
      4     11      5      7 -0.260604982187961     
      3     12      5      7   2.47911494656388     
      6      7      6      7  -6.55522500000000     
      2      8      6      7  3.692605787245642E-002
      5      8      6      7 -0.149865696124896     
      6     10      6      7   1.63046494656388     
      2     11      6      7   1.77530877648791     
      5     11      6      7  -2.37266705755359     
      1     12      6      7  -6.43182500000000     
      4     12      6      7   2.47911494656388     
      2      7      1      8  -4.08210000000000     
      5      7      1      8  2.131926945277442E-002
      1      8      1      8  -5.07570000000000     
      4      8      1      8 -2.131926945277442E-002
      6      9      1      8   2.97786571375765     
      2     10      1      8 -2.131926945277442E-002
      5     10      1      8  -1.99414437923247     
      1     11      1      8  2.131926945277442E-002
      4     11      1      8   1.01042304470729     
      3     12      1      8 -2.670171018211032E-002
      6      7      2      8  3.692605787245642E-002
      2      8      2      8  -9.15780000000000     
      5      8      2      8 -2.131926945277442E-002
      6     10      2      8   1.70385533188707     
      2     11      2      8 -2.131926945277442E-002
      5     11      2      8  -1.96744266905036     
      1     12      2      8  3.692605787245642E-002
      4     12      2      8   1.70385533188707     
      1      7      3      8 -3.692605787245642E-002
      4      7      3      8 -0.149865696124896     
      3      8      3      8  -6.55522500000000     
      2      9      3      8  -6.43182500000000     
      5      9      3      8  -2.47911494656388     
      1     10      3      8   1.77530877648791     
      4     10      3      8   2.37266705755359     
      3     11      3      8  -1.63046494656388     
      2      7      4      8 -2.131926945277442E-002
      5      7      4      8 -0.173049999999999     
      1      8      4      8 -2.131926945277442E-002
      4      8      4      8  -6.64175000000000     
      6      9      4      8  -2.47911494656388     
      2     10      4      8  -5.40685000000000     
      5     10      4      8  0.260604982187961     
      1     11      4      8   2.04995000000000     
      4     11      4      8   1.10925498218796     
      3     12      4      8  -1.63046494656388     
      6      7      5      8 -0.149865696124897     
      2      8      5      8 -2.131926945277442E-002
      5      8      5      8  -6.72827500000000     
      6     10      5      8  -1.92128598769846     
      2     11      5      8  -4.38187500000000     
      5     11      5      8   1.36985996437592     
      1     12      5      8   1.77530877648791     
      4     12      5      8 -0.451381069855130     
      6      8      6      8  -6.81480000000000     
      6     11      6      8 -0.848650000000000     
      2     12      6      8  -3.35690000000000     
      5     12      6      8  0.848650000000000     
      7      8      7      8 -0.993600000000000     
      8     10      7      8  0.000000000000000E+000
      7     11      7      8  0.000000000000000E+000
     10     11      7      8   3.00456742393976     
      9     12      7      8  -3.00456742393976     
      3      7      1      9  -3.35690000000000     
      1      9      1      9  -6.81480000000000     
      4      9      1      9  0.848650000000000     
      3     10      1      9 -0.848650000000000     
      1      7      2      9 -3.692605787245642E-002
      4      7      2      9   1.77530877648791     
      3      8      2      9  -6.43182500000000     
      2      9      2      9  -6.55522500000000     
      5      9      2      9  -1.63046494656388     
      1     10      2      9 -0.149865696124896     
      4     10      2      9   2.37266705755359     
      3     11      2      9  -2.47911494656388     
      3      9      3      9  -10.1717000000000     
      3      7      4      9 -0.848650000000000     
      1      9      4      9  0.848650000000000     
      4      9      4      9  -6.21475000000000     
      3     10      4      9  -3.95695000000000     
      1      7      5      9   1.70385533188707     
      4      7      5      9  0.451381069855130     
      3      8      5      9  -2.47911494656388     
      2      9      5      9  -1.63046494656388     
      5      9      5      9  -6.16948000000000     
      1     10      5      9   1.92128598769846     
      4     10      5      9 -5.227329337242370E-002
      3     11      5      9  -3.91168000000000     
      2      7      6      9 -2.670171018211032E-002
      5      7      6      9   1.63046494656388     
      1      8      6      9   2.97786571375765     
      4      8      6      9  -2.47911494656388     
      6      9      6      9  -6.58192000000000     
      2     10      6      9  -1.63046494656388     
      5     10      6      9  0.412440000000002     
      1     11      6      9   2.47911494656388     
      4     11      6      9 -0.457709999999998     
      3     12      6      9  -3.45397000000000     
      7      9      7      9  -3.45790000000000     
      9     10      7      9  -1.69730000000000     
      8      9      8      9 -0.123400000000000     
      7     10      8      9  -1.92517447261281     
      9     11      8      9 -0.848650000000000     
      1      7      1     10  2.131926945277442E-002
      4      7      1     10  -4.38187500000000     
      3      8      1     10   1.77530877648791     
      2      9      1     10 -0.149865696124897     
      5      9      1     10   1.92128598769846     
      1     10      1     10  -6.72827500000000     
      4     10      1     10  -1.36985996437592     
      3     11      1     10  0.451381069855130     
      2      7      2     10 -2.131926945277442E-002
      5      7      2     10   2.04995000000000     
      1      8      2     10 -2.131926945277442E-002
      4      8      2     10  -5.40685000000000     
      6      9      2     10  -1.63046494656388     
      2     10      2     10  -6.64175000000000     
      5     10      2     10   1.10925498218796     
      1     11      2     10 -0.173049999999999     
      4     11      2     10  0.260604982187961     
      3     12      2     10  -2.47911494656388     
      3      7      3     10  0.848650000000000     
      1      9      3     10 -0.848650000000000     
      4      9      3     10  -3.95695000000000     
      3     10      3     10  -6.21475000000000     
      1      7      4     10  -1.96744266905036     
      4      7      4     10  -1.36985996437592     
      3      8      4     10   2.37266705755359     
      2      9      4     10   2.37266705755359     
      5      9      4     10 -5.227329337242281E-002
      1     10      4     10  -1.36985996437592     
      4     10      4     10  -10.1113400000000     
      3     11      4     10 -5.227329337242281E-002
      2      7      5     10   1.01042304470729     
      5      7      5     10  -1.10925498218796     
      1      8      5     10  -1.99414437923247     
      4      8      5     10  0.260604982187961     
      6      9      5     10  0.412440000000003     
      2     10      5     10   1.10925498218796     
      5     10      5     10  -6.64228000000000     
      1     11      5     10 -0.260604982187961     
      4     11      5     10  -3.51433000000000     
      3     12      5     10 -0.457709999999997     
      6      7      6     10   1.63046494656388     
      2      8      6     10   1.70385533188707     
      5      8      6     10  -1.92128598769846     
      6     10      6     10  -6.16948000000000     
      2     11      6     10 -0.451381069855130     
      5     11      6     10 -5.227329337242370E-002
      1     12      6     10   2.47911494656388     
      4     12      6     10  -3.91168000000000     
      8      9      7     10  -1.92517447261281     
      7     10      7     10  -2.34640000000000     
      9     11      7     10  -1.46990491784333     
      7      8      8     10  0.000000000000000E+000
      8     10      8     10  -1.23490000000000     
      7     11      8     10  -2.22300000000000     
     10     11      8     10 -0.848650000000000     
      9     12      8     10 -0.848650000000000     
      7      9      9     10  -1.69730000000000     
      9     10      9     10  -2.25780000000000     
      2      7      1     11  2.131926945277442E-002
      5      7      1     11  -5.40685000000000     
      1      8      1     11  2.131926945277442E-002
      4      8      1     11   2.04995000000000     
      6      9      1     11   2.47911494656388     
      2     10      1     11 -0.173049999999999     
      5     10      1     11 -0.260604982187961     
      1     11      1     11  -6.64175000000000     
      4     11      1     11  -1.10925498218796     
      3     12      1     11   1.63046494656388     
      6      7      2     11   1.77530877648791     
      2      8      2     11 -2.131926945277442E-002
      5      8      2     11  -4.38187500000000     
      6     10      2     11 -0.451381069855130     
      2     11      2     11  -6.72827500000000     
      5     11      2     11   1.36985996437592     
      1     12      2     11 -0.149865696124897     
      4     12      2     11  -1.92128598769846     
      1      7      3     11   1.70385533188707     
      4      7      3     11   1.92128598769846     
      3      8      3     11  -1.63046494656388     
      2      9      3     11  -2.47911494656388     
      5      9      3     11  -3.91168000000000     
      1     10      3     11  0.451381069855130     
      4     10      3     11 -5.227329337242370E-002
      3     11      3     11  -6.16948000000000     
      2      7      4     11  -1.99414437923247     
      5      7      4     11 -0.260604982187961     
      1      8      4     11   1.01042304470729     
      4      8      4     11   1.10925498218796     
      6      9      4     11 -0.457709999999997     
      2     10      4     11  0.260604982187961     
      5     10      4     11  -3.51433000000000     
      1     11      4     11  -1.10925498218796     
      4     11      4     11  -6.64228000000000     
      3     12      4     11  0.412440000000003     
      6      7      5     11  -2.37266705755359     
      2      8      5     11  -1.96744266905036     
      5      8      5     11   1.36985996437592     
      6     10      5     11 -5.227329337242281E-002
      2     11      5     11   1.36985996437592     
      5     11      5     11  -10.1113400000000     
      1     12      5     11  -2.37266705755359     
      4     12      5     11 -5.227329337242281E-002
      6      8      6     11 -0.848650000000000     
      6     11      6     11  -6.21475000000000     
      2     12      6     11  0.848650000000000     
      5     12      6     11  -3.95695000000000     
      7      8      7     11  0.000000000000000E+000
      8     10      7     11  -2.22300000000000     
      7     11      7     11  -1.23490000000000     
     10     11      7     11 -0.848650000000000     
      9     12      7     11 -0.848650000000000     
      8     11      8     11  -2.34640000000000     
      7     12      8     11  -1.92517447261281     
     10     12      8     11  -1.46990491784333     
      8      9      9     11 -0.848650000000000     
      7     10      9     11  -1.46990491784333     
      9     11      9     11  -2.25780000000000     
      7      8     10     11   3.00456742393976     
      8     10     10     11 -0.848650000000000     
      7     11     10     11 -0.848650000000000     
     10     11     10     11  -3.12795000000000     
      9     12     10     11  0.870150000000000     
      6      7      1     12  -6.43182500000000     
      2      8      1     12  3.692605787245642E-002
      5      8      1     12   1.77530877648791     
      6     10      1     12   2.47911494656388     
      2     11      1     12 -0.149865696124896     
      5     11      1     12  -2.37266705755359     
      1     12      1     12  -6.55522500000000     
      4     12      1     12   1.63046494656388     
      6      8      2     12  -3.35690000000000     
      6     11      2     12  0.848650000000000     
      2     12      2     12  -6.81480000000000     
      5     12      2     12 -0.848650000000000     
      2      7      3     12   2.97786571375765     
      5      7      3     12   2.47911494656388     
      1      8      3     12 -2.670171018211032E-002
      4      8      3     12  -1.63046494656388     
      6      9      3     12  -3.45397000000000     
      2     10      3     12  -2.47911494656388     
      5     10      3     12 -0.457709999999998     
      1     11      3     12   1.63046494656388     
      4     11      3     12  0.412440000000002     
      3     12      3     12  -6.58192000000000     
      6      7      4     12   2.47911494656388     
      2      8      4     12   1.70385533188707     
      5      8      4     12 -0.451381069855130     
      6     10      4     12  -3.91168000000000     
      2     11      4     12  -1.92128598769846     
      5     11      4     12 -5.227329337242370E-002
      1     12      4     12   1.63046494656388     
      4     12      4     12  -6.16948000000000     
      6      8      5     12  0.848650000000000     
      6     11      5     12  -3.95695000000000     
      2     12      5     12 -0.848650000000000     
      5     12      5     12  -6.21475000000000     
      6     12      6     12  -10.1717000000000     
      8     11      7     12  -1.92517447261281     
      7     12      7     12 -0.123400000000000     
     10     12      7     12 -0.848650000000000     
      8     12      8     12  -3.45790000000000     
     11     12      8     12  -1.69730000000000     
      7      8      9     12  -3.00456742393976     
      8     10      9     12 -0.848650000000000     
      7     11      9     12 -0.848650000000000     
     10     11      9     12  0.870150000000000     
      9     12      9     12  -3.12795000000000     
      8     11     10     12  -1.46990491784333     
      7     12     10     12 -0.848650000000000     
     10     12     10     12  -2.25780000000000     
      8     12     11     12  -1.69730000000000     
     11     12     11     12  -2.25780000000000     
