 ! Total Interaction
  20
   1   1   1   1     1     0  -7.5585
   1   2   1   1     1     0  -0.2236
   2   2   1   1     1     0   2.9766
   1   1   1   2     1     0  -0.2236
   1   2   1   2     1     0 -11.7059
   2   2   1   2     1     0  -5.5997
   1   1   2   2     1     0   2.9766
   1   2   2   2     1     0  -5.5997
   2   2   2   2     1     0  -8.0525
   1   2   1   2     2     0  -8.6116
   2   2   2   2     3     0  -8.6116
   1   1   1   1     0     1  -1.1642
   2   2   1   1     0     1  -3.8494
   1   1   2   2     0     1  -3.8494
   2   2   2   2     0     1  -3.8861
   1   2   1   2     1     1   0.7311
   1   2   1   2     2     1  -3.1313
   2   2   1   2     2     1   1.5621
   1   2   2   2     2     1   1.5621
   2   2   2   2     2     1  -2.0267
