      1      1      1      1           2           0   5.53762623941884     
      1      1      1      1           0           0  -11.9198500000000     
      1      1      1      2           2           0 -0.273852953243159     
      1      1      2      1           2           0 -0.273852953243159     
      1      1      2      2           4           0  -6.20037897358286     
      1      1      2      2           2           0   1.71861095770730     
      1      2      1      1           2           0  0.273852953243159     
      1      2      1      2           2           0  0.525882120524649     
      1      2      1      2           0           0  -16.1996219026190     
      1      2      2      1           4           0   11.9605319556983     
      1      2      2      1           2           0  -3.23990928873306     
      1      2      2      2           4           0   7.17432724715272     
      1      2      2      2           2           0   1.29010841046869     
      2      1      1      1           2           0  0.273852953243159     
      2      1      1      2           4           0   11.9605319556983     
      2      1      1      2           2           0  -3.23990928873306     
      2      1      2      1           2           0  0.525882120524649     
      2      1      2      1           0           0  -16.1996219026190     
      2      1      2      2           4           0   7.17432724715272     
      2      1      2      2           2           0   1.29010841046869     
      2      2      1      1           4           0  -6.20037897358286     
      2      2      1      1           2           0   1.71861095770730     
      2      2      1      2           4           0  -7.17432724715272     
      2      2      1      2           2           0  -1.29010841046869     
      2      2      2      1           4           0  -7.17432724715272     
      2      2      2      1           2           0  -1.29010841046869     
      2      2      2      2           6           0   6.81546860605895     
      2      2      2      2           4           0  -8.21405037092694     
      2      2      2      2           2           0   5.43016114706322     
      2      2      2      2           0           0  -24.6145750000000     
      1      1      1      1           2           0   5.53762623941884     
      1      1      1      1           0           0  -11.9198500000000     
      1      1      1      2           2           0 -0.273852953243159     
      1      1      2      1           2           0 -0.273852953243159     
      1      1      2      2           4           0  -6.20037897358286     
      1      1      2      2           2           0   1.71861095770730     
      1      2      1      1           2           0  0.273852953243159     
      1      2      1      2           2           0  0.525882120524649     
      1      2      1      2           0           0  -16.1996219026190     
      1      2      2      1           4           0   11.9605319556983     
      1      2      2      1           2           0  -3.23990928873306     
      1      2      2      2           4           0   7.17432724715272     
      1      2      2      2           2           0   1.29010841046869     
      2      1      1      1           2           0  0.273852953243159     
      2      1      1      2           4           0   11.9605319556983     
      2      1      1      2           2           0  -3.23990928873306     
      2      1      2      1           2           0  0.525882120524649     
      2      1      2      1           0           0  -16.1996219026190     
      2      1      2      2           4           0   7.17432724715272     
      2      1      2      2           2           0   1.29010841046869     
      2      2      1      1           4           0  -6.20037897358286     
      2      2      1      1           2           0   1.71861095770730     
      2      2      1      2           4           0  -7.17432724715272     
      2      2      1      2           2           0  -1.29010841046869     
      2      2      2      1           4           0  -7.17432724715272     
      2      2      2      1           2           0  -1.29010841046869     
      2      2      2      2           6           0   6.81546860605895     
      2      2      2      2           4           0  -8.21405037092694     
      2      2      2      2           2           0   5.43016114706322     
      2      2      2      2           0           0  -24.6145750000000     
          60           6
   1   1   3   3   0   0   0   0-11.9199   1   1
   1   1   3   3   2   0   0   0  5.5376   1   1
   1   1   3   4   2   0   0   0 -0.2739   1   1
   1   1   4   3   2   0   0   0  0.2739   1   1
   1   1   4   4   0   0   0   0-16.1996   1   1
   1   1   4   4   2   0   0   0  0.5259   1   1
   1   2   3   3   2   0   0   0 -0.2739   1   1
   1   2   3   4   2   0   0   0  1.7186   1   1
   1   2   3   4   4   0   0   0 -6.2004   1   1
   1   2   4   3   2   0   0   0 -3.2399   1   1
   1   2   4   3   4   0   0   0 11.9605   1   1
   1   2   4   4   2   0   0   0  1.2901   1   1
   1   2   4   4   4   0   0   0  7.1743   1   1
   2   1   3   3   2   0   0   0  0.2739   1   1
   2   1   3   4   2   0   0   0 -3.2399   1   1
   2   1   3   4   4   0   0   0 11.9605   1   1
   2   1   4   3   2   0   0   0  1.7186   1   1
   2   1   4   3   4   0   0   0 -6.2004   1   1
   2   1   4   4   2   0   0   0 -1.2901   1   1
   2   1   4   4   4   0   0   0 -7.1743   1   1
   2   2   3   3   0   0   0   0-16.1996   1   1
   2   2   3   3   2   0   0   0  0.5259   1   1
   2   2   3   4   2   0   0   0  1.2901   1   1
   2   2   3   4   4   0   0   0  7.1743   1   1
   2   2   4   3   2   0   0   0 -1.2901   1   1
   2   2   4   3   4   0   0   0 -7.1743   1   1
   2   2   4   4   0   0   0   0-24.6146   1   1
   2   2   4   4   2   0   0   0  5.4302   1   1
   2   2   4   4   4   0   0   0 -8.2141   1   1
   2   2   4   4   6   0   0   0  6.8155   1   1
   3   3   1   1   0   0   0   0-11.9199   1   1
   3   3   1   1   2   0   0   0  5.5376   1   1
   3   3   1   2   2   0   0   0 -0.2739   1   1
   3   3   2   1   2   0   0   0  0.2739   1   1
   3   3   2   2   0   0   0   0-16.1996   1   1
   3   3   2   2   2   0   0   0  0.5259   1   1
   3   4   1   1   2   0   0   0 -0.2739   1   1
   3   4   1   2   2   0   0   0  1.7186   1   1
   3   4   1   2   4   0   0   0 -6.2004   1   1
   3   4   2   1   2   0   0   0 -3.2399   1   1
   3   4   2   1   4   0   0   0 11.9605   1   1
   3   4   2   2   2   0   0   0  1.2901   1   1
   3   4   2   2   4   0   0   0  7.1743   1   1
   4   3   1   1   2   0   0   0  0.2739   1   1
   4   3   1   2   2   0   0   0 -3.2399   1   1
   4   3   1   2   4   0   0   0 11.9605   1   1
   4   3   2   1   2   0   0   0  1.7186   1   1
   4   3   2   1   4   0   0   0 -6.2004   1   1
   4   3   2   2   2   0   0   0 -1.2901   1   1
   4   3   2   2   4   0   0   0 -7.1743   1   1
   4   4   1   1   0   0   0   0-16.1996   1   1
   4   4   1   1   2   0   0   0  0.5259   1   1
   4   4   1   2   2   0   0   0  1.2901   1   1
   4   4   1   2   4   0   0   0  7.1743   1   1
   4   4   2   1   2   0   0   0 -1.2901   1   1
   4   4   2   1   4   0   0   0 -7.1743   1   1
   4   4   2   2   0   0   0   0-24.6146   1   1
   4   4   2   2   2   0   0   0  5.4302   1   1
   4   4   2   2   4   0   0   0 -8.2141   1   1
   4   4   2   2   6   0   0   0  6.8155   1   1
