      1      2      1      2  -1.16420000000000     
      2      4      1      2  0.000000000000000E+000
      1      5      1      2  0.000000000000000E+000
      4      5      1      2   2.72193684349950     
      3      6      1      2  -2.72193684349950     
      1      3      1      3  -3.13130000000000     
      3      4      1      3  -1.56210000000000     
      2      3      2      3 -0.234500000000000     
      1      4      2      3  -1.67246825978851     
      3      5      2      3 -0.781050000000000     
      2      3      1      4  -1.67246825978851     
      1      4      1      4  -2.16570000000000     
      3      5      1      4  -1.35281828325167     
      1      2      2      4  0.000000000000000E+000
      2      4      2      4  -1.20010000000000     
      1      5      2      4  -1.93120000000000     
      4      5      2      4 -0.781050000000000     
      3      6      2      4 -0.781050000000000     
      1      3      3      4  -1.56210000000000     
      3      4      3      4  -2.02670000000000     
      1      2      1      5  0.000000000000000E+000
      2      4      1      5  -1.93120000000000     
      1      5      1      5  -1.20010000000000     
      4      5      1      5 -0.781050000000000     
      3      6      1      5 -0.781050000000000     
      2      5      2      5  -2.16570000000000     
      1      6      2      5  -1.67246825978851     
      4      6      2      5  -1.35281828325167     
      2      3      3      5 -0.781050000000000     
      1      4      3      5  -1.35281828325167     
      3      5      3      5  -2.02670000000000     
      1      2      4      5   2.72193684349950     
      2      4      4      5 -0.781050000000000     
      1      5      4      5 -0.781050000000000     
      4      5      4      5  -2.95640000000000     
      3      6      4      5  0.929700000000000     
      2      5      1      6  -1.67246825978851     
      1      6      1      6 -0.234500000000000     
      4      6      1      6 -0.781050000000000     
      2      6      2      6  -3.13130000000000     
      5      6      2      6  -1.56210000000000     
      1      2      3      6  -2.72193684349950     
      2      4      3      6 -0.781050000000000     
      1      5      3      6 -0.781050000000000     
      4      5      3      6  0.929700000000000     
      3      6      3      6  -2.95640000000000     
      2      5      4      6  -1.35281828325167     
      1      6      4      6 -0.781050000000000     
      4      6      4      6  -2.02670000000000     
      2      6      5      6  -1.56210000000000     
      5      6      5      6  -2.02670000000000     
      1      7      1      7  -7.55850000000000     
      4      7      1      7  7.905453813665604E-002
      3      8      1      7 -0.136926476621580     
      2      9      1      7 -0.136926476621580     
      5      9      1      7   1.63035096466988     
      1     10      1      7  7.905453813665604E-002
      4     10      1      7  -1.88256713665144     
      3     11      1      7   1.63035096466988     
      2      7      2      7  -4.36135000000000     
      5      7      2      7  7.905453813665604E-002
      1      8      2      7  -3.19715000000000     
      4      8      2      7 -7.905453813665604E-002
      6      9      2      7  5.095693073883201E-002
      2     10      2      7 -7.905453813665604E-002
      5     10      2      7  0.890326637586888     
      1     11      2      7  7.905453813665604E-002
      4     11      2      7  -1.83161020591261     
      3     12      2      7   2.77289377423833     
      3      7      3      7  -5.87145000000000     
      1      9      3      7  -2.74015000000000     
      4      9      3      7 -0.781050000000000     
      3     10      3      7  0.781050000000000     
      1      7      4      7  7.905453813665604E-002
      4      7      4      7  -5.77543750000000     
      3      8      4      7 -0.166298528161706     
      2      9      4      7   1.50616973162680     
      5      9      4      7  0.407968100562048     
      1     10      4      7  -3.60973750000000     
      4     10      4      7  -1.25213098536056     
      3     11      4      7   1.76078638381372     
      2      7      5      7  7.905453813665603E-002
      5      7      5      7  -5.67942500000000     
      1      8      5      7  7.905453813665603E-002
      4      8      5      7 -0.192024999999999     
      6      9      5      7   1.48767147804084     
      2     10      5      7   1.73917500000000     
      5     10      5      7  -1.01659049268028     
      1     11      5      7  -4.47932500000000     
      4     11      5      7 -0.235540492680279     
      3     12      5      7   2.26872147804084     
      6      7      6      7  -5.58341250000000     
      2      8      6      7  0.136926476621580     
      5      8      6      7 -0.166298528161706     
      6     10      6      7   1.48767147804084     
      2     11      6      7   1.50616973162680     
      5     11      6      7  -2.16875448437577     
      1     12      6      7  -5.34891250000000     
      4     12      6      7   2.26872147804084     
      2      7      1      8  -3.19715000000000     
      5      7      1      8  7.905453813665604E-002
      1      8      1      8  -4.36135000000000     
      4      8      1      8 -7.905453813665604E-002
      6      9      1      8   2.77289377423833     
      2     10      1      8 -7.905453813665604E-002
      5     10      1      8  -1.83161020591261     
      1     11      1      8  7.905453813665604E-002
      4     11      1      8  0.890326637586888     
      3     12      1      8  5.095693073883201E-002
      6      7      2      8  0.136926476621580     
      2      8      2      8  -7.55850000000000     
      5      8      2      8 -7.905453813665604E-002
      6     10      2      8   1.63035096466988     
      2     11      2      8 -7.905453813665604E-002
      5     11      2      8  -1.88256713665144     
      1     12      2      8  0.136926476621580     
      4     12      2      8   1.63035096466988     
      1      7      3      8 -0.136926476621580     
      4      7      3      8 -0.166298528161706     
      3      8      3      8  -5.58341250000000     
      2      9      3      8  -5.34891250000000     
      5      9      3      8  -2.26872147804084     
      1     10      3      8   1.50616973162680     
      4     10      3      8   2.16875448437577     
      3     11      3      8  -1.48767147804084     
      2      7      4      8 -7.905453813665603E-002
      5      7      4      8 -0.192024999999999     
      1      8      4      8 -7.905453813665603E-002
      4      8      4      8  -5.67942500000000     
      6      9      4      8  -2.26872147804084     
      2     10      4      8  -4.47932500000000     
      5     10      4      8  0.235540492680279     
      1     11      4      8   1.73917500000000     
      4     11      4      8   1.01659049268028     
      3     12      4      8  -1.48767147804084     
      6      7      5      8 -0.166298528161706     
      2      8      5      8 -7.905453813665604E-002
      5      8      5      8  -5.77543750000000     
      6     10      5      8  -1.76078638381372     
      2     11      5      8  -3.60973750000000     
      5     11      5      8   1.25213098536056     
      1     12      5      8   1.50616973162680     
      4     12      5      8 -0.407968100562048     
      6      8      6      8  -5.87145000000000     
      6     11      6      8 -0.781050000000000     
      2     12      6      8  -2.74015000000000     
      5     12      6      8  0.781050000000000     
      7      8      7      8  -1.16420000000000     
      8     10      7      8  0.000000000000000E+000
      7     11      7      8  0.000000000000000E+000
     10     11      7      8   2.72193684349950     
      9     12      7      8  -2.72193684349950     
      3      7      1      9  -2.74015000000000     
      1      9      1      9  -5.87145000000000     
      4      9      1      9  0.781050000000000     
      3     10      1      9 -0.781050000000000     
      1      7      2      9 -0.136926476621580     
      4      7      2      9   1.50616973162680     
      3      8      2      9  -5.34891250000000     
      2      9      2      9  -5.58341250000000     
      5      9      2      9  -1.48767147804084     
      1     10      2      9 -0.166298528161706     
      4     10      2      9   2.16875448437577     
      3     11      2      9  -2.26872147804084     
      3      9      3      9  -8.61160000000000     
      3      7      4      9 -0.781050000000000     
      1      9      4      9  0.781050000000000     
      4      9      4      9  -5.31915000000000     
      3     10      4      9  -3.29245000000000     
      1      7      5      9   1.63035096466988     
      4      7      5      9  0.407968100562048     
      3      8      5      9  -2.26872147804084     
      2      9      5      9  -1.48767147804084     
      5      9      5      9  -5.15142000000000     
      1     10      5      9   1.76078638381372     
      4     10      5      9 -0.193677921302347     
      3     11      5      9  -3.12472000000000     
      2      7      6      9  5.095693073883178E-002
      5      7      6      9   1.48767147804084     
      1      8      6      9   2.77289377423833     
      4      8      6      9  -2.26872147804084     
      6      9      6      9  -5.53240500000000     
      2     10      6      9  -1.48767147804084     
      5     10      6      9  0.380985000000002     
      1     11      6      9   2.26872147804084     
      4     11      6      9 -0.548714999999998     
      3     12      6      9  -2.57600500000000     
      7      9      7      9  -3.13130000000000     
      9     10      7      9  -1.56210000000000     
      8      9      8      9 -0.234500000000000     
      7     10      8      9  -1.67246825978851     
      9     11      8      9 -0.781050000000000     
      1      7      1     10  7.905453813665604E-002
      4      7      1     10  -3.60973750000000     
      3      8      1     10   1.50616973162680     
      2      9      1     10 -0.166298528161706     
      5      9      1     10   1.76078638381372     
      1     10      1     10  -5.77543750000000     
      4     10      1     10  -1.25213098536056     
      3     11      1     10  0.407968100562048     
      2      7      2     10 -7.905453813665603E-002
      5      7      2     10   1.73917500000000     
      1      8      2     10 -7.905453813665603E-002
      4      8      2     10  -4.47932500000000     
      6      9      2     10  -1.48767147804084     
      2     10      2     10  -5.67942500000000     
      5     10      2     10   1.01659049268028     
      1     11      2     10 -0.192024999999999     
      4     11      2     10  0.235540492680279     
      3     12      2     10  -2.26872147804084     
      3      7      3     10  0.781050000000000     
      1      9      3     10 -0.781050000000000     
      4      9      3     10  -3.29245000000000     
      3     10      3     10  -5.31915000000000     
      1      7      4     10  -1.88256713665144     
      4      7      4     10  -1.25213098536056     
      3      8      4     10   2.16875448437577     
      2      9      4     10   2.16875448437577     
      5      9      4     10 -0.193677921302347     
      1     10      4     10  -1.25213098536056     
      4     10      4     10  -8.38796000000000     
      3     11      4     10 -0.193677921302347     
      2      7      5     10  0.890326637586888     
      5      7      5     10  -1.01659049268028     
      1      8      5     10  -1.83161020591261     
      4      8      5     10  0.235540492680279     
      6      9      5     10  0.380985000000002     
      2     10      5     10   1.01659049268028     
      5     10      5     10  -5.75604500000000     
      1     11      5     10 -0.235540492680279     
      4     11      5     10  -2.79964500000000     
      3     12      5     10 -0.548714999999998     
      6      7      6     10   1.48767147804084     
      2      8      6     10   1.63035096466988     
      5      8      6     10  -1.76078638381372     
      6     10      6     10  -5.15142000000000     
      2     11      6     10 -0.407968100562048     
      5     11      6     10 -0.193677921302347     
      1     12      6     10   2.26872147804084     
      4     12      6     10  -3.12472000000000     
      8      9      7     10  -1.67246825978851     
      7     10      7     10  -2.16570000000000     
      9     11      7     10  -1.35281828325167     
      7      8      8     10  0.000000000000000E+000
      8     10      8     10  -1.20010000000000     
      7     11      8     10  -1.93120000000000     
     10     11      8     10 -0.781050000000000     
      9     12      8     10 -0.781050000000000     
      7      9      9     10  -1.56210000000000     
      9     10      9     10  -2.02670000000000     
      2      7      1     11  7.905453813665603E-002
      5      7      1     11  -4.47932500000000     
      1      8      1     11  7.905453813665603E-002
      4      8      1     11   1.73917500000000     
      6      9      1     11   2.26872147804084     
      2     10      1     11 -0.192024999999999     
      5     10      1     11 -0.235540492680279     
      1     11      1     11  -5.67942500000000     
      4     11      1     11  -1.01659049268028     
      3     12      1     11   1.48767147804084     
      6      7      2     11   1.50616973162680     
      2      8      2     11 -7.905453813665604E-002
      5      8      2     11  -3.60973750000000     
      6     10      2     11 -0.407968100562048     
      2     11      2     11  -5.77543750000000     
      5     11      2     11   1.25213098536056     
      1     12      2     11 -0.166298528161706     
      4     12      2     11  -1.76078638381372     
      1      7      3     11   1.63035096466988     
      4      7      3     11   1.76078638381372     
      3      8      3     11  -1.48767147804084     
      2      9      3     11  -2.26872147804084     
      5      9      3     11  -3.12472000000000     
      1     10      3     11  0.407968100562048     
      4     10      3     11 -0.193677921302347     
      3     11      3     11  -5.15142000000000     
      2      7      4     11  -1.83161020591261     
      5      7      4     11 -0.235540492680279     
      1      8      4     11  0.890326637586888     
      4      8      4     11   1.01659049268028     
      6      9      4     11 -0.548714999999998     
      2     10      4     11  0.235540492680279     
      5     10      4     11  -2.79964500000000     
      1     11      4     11  -1.01659049268028     
      4     11      4     11  -5.75604500000000     
      3     12      4     11  0.380985000000002     
      6      7      5     11  -2.16875448437577     
      2      8      5     11  -1.88256713665144     
      5      8      5     11   1.25213098536056     
      6     10      5     11 -0.193677921302347     
      2     11      5     11   1.25213098536056     
      5     11      5     11  -8.38796000000000     
      1     12      5     11  -2.16875448437577     
      4     12      5     11 -0.193677921302347     
      6      8      6     11 -0.781050000000000     
      6     11      6     11  -5.31915000000000     
      2     12      6     11  0.781050000000000     
      5     12      6     11  -3.29245000000000     
      7      8      7     11  0.000000000000000E+000
      8     10      7     11  -1.93120000000000     
      7     11      7     11  -1.20010000000000     
     10     11      7     11 -0.781050000000000     
      9     12      7     11 -0.781050000000000     
      8     11      8     11  -2.16570000000000     
      7     12      8     11  -1.67246825978851     
     10     12      8     11  -1.35281828325167     
      8      9      9     11 -0.781050000000000     
      7     10      9     11  -1.35281828325167     
      9     11      9     11  -2.02670000000000     
      7      8     10     11   2.72193684349950     
      8     10     10     11 -0.781050000000000     
      7     11     10     11 -0.781050000000000     
     10     11     10     11  -2.95640000000000     
      9     12     10     11  0.929700000000000     
      6      7      1     12  -5.34891250000000     
      2      8      1     12  0.136926476621580     
      5      8      1     12   1.50616973162680     
      6     10      1     12   2.26872147804084     
      2     11      1     12 -0.166298528161706     
      5     11      1     12  -2.16875448437577     
      1     12      1     12  -5.58341250000000     
      4     12      1     12   1.48767147804084     
      6      8      2     12  -2.74015000000000     
      6     11      2     12  0.781050000000000     
      2     12      2     12  -5.87145000000000     
      5     12      2     12 -0.781050000000000     
      2      7      3     12   2.77289377423833     
      5      7      3     12   2.26872147804084     
      1      8      3     12  5.095693073883178E-002
      4      8      3     12  -1.48767147804084     
      6      9      3     12  -2.57600500000000     
      2     10      3     12  -2.26872147804084     
      5     10      3     12 -0.548714999999998     
      1     11      3     12   1.48767147804084     
      4     11      3     12  0.380985000000002     
      3     12      3     12  -5.53240500000000     
      6      7      4     12   2.26872147804084     
      2      8      4     12   1.63035096466988     
      5      8      4     12 -0.407968100562048     
      6     10      4     12  -3.12472000000000     
      2     11      4     12  -1.76078638381372     
      5     11      4     12 -0.193677921302347     
      1     12      4     12   1.48767147804084     
      4     12      4     12  -5.15142000000000     
      6      8      5     12  0.781050000000000     
      6     11      5     12  -3.29245000000000     
      2     12      5     12 -0.781050000000000     
      5     12      5     12  -5.31915000000000     
      6     12      6     12  -8.61160000000000     
      8     11      7     12  -1.67246825978851     
      7     12      7     12 -0.234500000000000     
     10     12      7     12 -0.781050000000000     
      8     12      8     12  -3.13130000000000     
     11     12      8     12  -1.56210000000000     
      7      8      9     12  -2.72193684349950     
      8     10      9     12 -0.781050000000000     
      7     11      9     12 -0.781050000000000     
     10     11      9     12  0.929700000000000     
      9     12      9     12  -2.95640000000000     
      8     11     10     12  -1.35281828325167     
      7     12     10     12 -0.781050000000000     
     10     12     10     12  -2.02670000000000     
      8     12     11     12  -1.56210000000000     
     11     12     11     12  -2.02670000000000     
