 ! Total Interaction
  20
   1   1   1   1     1     0  -8.7733
   1   2   1   1     1     0  -0.1523
   2   2   1   1     1     0   3.3455
   1   1   1   2     1     0  -0.1523
   1   2   1   2     1     0 -13.6824
   2   2   1   2     1     0  -6.4503
   1   1   2   2     1     0   3.3455
   1   2   2   2     1     0  -6.4503
   2   2   2   2     1     0  -9.5267
   1   2   1   2     2     0  -9.9074
   2   2   2   2     3     0  -9.9074
   1   1   1   1     0     1  -1.0896
   2   2   1   1     0     1  -4.0398
   1   1   2   2     0     1  -4.0398
   2   2   2   2     0     1  -3.9462
   1   2   1   2     1     1   0.8490
   1   2   1   2     2     1  -3.2888
   2   2   1   2     2     1   1.6276
   1   2   2   2     2     1   1.6276
   2   2   2   2     2     1  -2.1379
