      1      2      1      2  -1.08960000000000     
      2      4      1      2  0.000000000000000E+000
      1      5      1      2  0.000000000000000E+000
      4      5      1      2   2.85656997463741     
      3      6      1      2  -2.85656997463741     
      1      3      1      3  -3.28880000000000     
      3      4      1      3  -1.62760000000000     
      2      3      2      3 -0.185450000000000     
      1      4      2      3  -1.79171995788963     
      3      5      2      3 -0.813800000000000     
      2      3      1      4  -1.79171995788963     
      1      4      1      4  -2.25435000000000     
      3      5      1      4  -1.40954294719955     
      1      2      2      4  0.000000000000000E+000
      2      4      2      4  -1.21990000000000     
      1      5      2      4  -2.06890000000000     
      4      5      2      4 -0.813800000000000     
      3      6      2      4 -0.813800000000000     
      1      3      3      4  -1.62760000000000     
      3      4      3      4  -2.13790000000000     
      1      2      1      5  0.000000000000000E+000
      2      4      1      5  -2.06890000000000     
      1      5      1      5  -1.21990000000000     
      4      5      1      5 -0.813800000000000     
      3      6      1      5 -0.813800000000000     
      2      5      2      5  -2.25435000000000     
      1      6      2      5  -1.79171995788963     
      4      6      2      5  -1.40954294719955     
      2      3      3      5 -0.813800000000000     
      1      4      3      5  -1.40954294719955     
      3      5      3      5  -2.13790000000000     
      1      2      4      5   2.85656997463741     
      2      4      4      5 -0.813800000000000     
      1      5      4      5 -0.813800000000000     
      4      5      4      5  -3.04205000000000     
      3      6      4      5  0.904150000000000     
      2      5      1      6  -1.79171995788963     
      1      6      1      6 -0.185450000000000     
      4      6      1      6 -0.813800000000000     
      2      6      2      6  -3.28880000000000     
      5      6      2      6  -1.62760000000000     
      1      2      3      6  -2.85656997463741     
      2      4      3      6 -0.813800000000000     
      1      5      3      6 -0.813800000000000     
      4      5      3      6  0.904150000000000     
      3      6      3      6  -3.04205000000000     
      2      5      4      6  -1.40954294719955     
      1      6      4      6 -0.813800000000000     
      4      6      4      6  -2.13790000000000     
      2      6      5      6  -1.62760000000000     
      5      6      5      6  -2.13790000000000     
      1      7      1      7  -8.77330000000000     
      4      7      1      7  5.384618138735561E-002
      3      8      1      7 -9.326432195646953E-002
      2      9      1      7 -9.326432195646953E-002
      5      9      1      7   1.83240581613353     
      1     10      1      7  5.384618138735561E-002
      4     10      1      7  -2.11587998241866     
      3     11      1      7   1.83240581613353     
      2      7      2      7  -4.93145000000000     
      5      7      2      7  5.384618138735561E-002
      1      8      2      7  -3.84185000000000     
      4      8      2      7 -5.384618138735561E-002
      6      9      2      7  0.158624999495290     
      2     10      2      7 -5.384618138735561E-002
      5     10      2      7  0.899314991714042     
      1     11      2      7  5.384618138735561E-002
      4     11      2      7  -1.95725498292337     
      3     12      2      7   3.01519497413271     
      3      7      3      7  -6.59810000000000     
      1      9      3      7  -3.30930000000000     
      4      9      3      7 -0.813800000000000     
      3     10      3      7  0.813800000000000     
      1      7      4      7  5.384618138735561E-002
      4      7      4      7  -6.55275000000000     
      3      8      4      7 -7.854850412324810E-002
      2      9      4      7   1.71317145376638     
      5      9      4      7  0.544323750302309     
      1     10      4      7  -4.29840000000000     
      4     10      4      7  -1.44233092752669     
      3     11      4      7   1.95386669750186     
      2      7      5      7  5.384618138735561E-002
      5      7      5      7  -6.50740000000000     
      1      8      5      7  5.384618138735561E-002
      4      8      5      7 -9.069999999999856E-002
      6      9      5      7   1.75659639129004     
      2     10      5      7   1.97820000000000     
      5     10      5      7  -1.12806546376335     
      1     11      5      7  -5.28750000000000     
      4     11      5      7 -0.314265463763345     
      3     12      5      7   2.57039639129004     
      6      7      6      7  -6.46205000000000     
      2      8      6      7  9.326432195646953E-002
      5      8      6      7 -7.854850412324810E-002
      6     10      6      7   1.75659639129004     
      2     11      6      7   1.71317145376638     
      5     11      6      7  -2.49819044780417     
      1     12      6      7  -6.27660000000000     
      4     12      6      7   2.57039639129004     
      2      7      1      8  -3.84185000000000     
      5      7      1      8  5.384618138735561E-002
      1      8      1      8  -4.93145000000000     
      4      8      1      8 -5.384618138735561E-002
      6      9      1      8   3.01519497413271     
      2     10      1      8 -5.384618138735561E-002
      5     10      1      8  -1.95725498292337     
      1     11      1      8  5.384618138735561E-002
      4     11      1      8  0.899314991714042     
      3     12      1      8  0.158624999495290     
      6      7      2      8  9.326432195646953E-002
      2      8      2      8  -8.77330000000000     
      5      8      2      8 -5.384618138735561E-002
      6     10      2      8   1.83240581613353     
      2     11      2      8 -5.384618138735561E-002
      5     11      2      8  -2.11587998241866     
      1     12      2      8  9.326432195646953E-002
      4     12      2      8   1.83240581613353     
      1      7      3      8 -9.326432195646953E-002
      4      7      3      8 -7.854850412324810E-002
      3      8      3      8  -6.46205000000000     
      2      9      3      8  -6.27660000000000     
      5      9      3      8  -2.57039639129004     
      1     10      3      8   1.71317145376638     
      4     10      3      8   2.49819044780417     
      3     11      3      8  -1.75659639129004     
      2      7      4      8 -5.384618138735561E-002
      5      7      4      8 -9.069999999999856E-002
      1      8      4      8 -5.384618138735561E-002
      4      8      4      8  -6.50740000000000     
      6      9      4      8  -2.57039639129004     
      2     10      4      8  -5.28750000000000     
      5     10      4      8  0.314265463763345     
      1     11      4      8   1.97820000000000     
      4     11      4      8   1.12806546376335     
      3     12      4      8  -1.75659639129004     
      6      7      5      8 -7.854850412324810E-002
      2      8      5      8 -5.384618138735561E-002
      5      8      5      8  -6.55275000000000     
      6     10      5      8  -1.95386669750186     
      2     11      5      8  -4.29840000000000     
      5     11      5      8   1.44233092752669     
      1     12      5      8   1.71317145376638     
      4     12      5      8 -0.544323750302309     
      6      8      6      8  -6.59810000000000     
      6     11      6      8 -0.813800000000000     
      2     12      6      8  -3.30930000000000     
      5     12      6      8  0.813800000000000     
      7      8      7      8  -1.08960000000000     
      8     10      7      8  0.000000000000000E+000
      7     11      7      8  0.000000000000000E+000
     10     11      7      8   2.85656997463741     
      9     12      7      8  -2.85656997463741     
      3      7      1      9  -3.30930000000000     
      1      9      1      9  -6.59810000000000     
      4      9      1      9  0.813800000000000     
      3     10      1      9 -0.813800000000000     
      1      7      2      9 -9.326432195646953E-002
      4      7      2      9   1.71317145376638     
      3      8      2      9  -6.27660000000000     
      2      9      2      9  -6.46205000000000     
      5      9      2      9  -1.75659639129004     
      1     10      2      9 -7.854850412324810E-002
      4     10      2      9   2.49819044780417     
      3     11      2      9  -2.57039639129004     
      3      9      3      9  -9.90740000000000     
      3      7      4      9 -0.813800000000000     
      1      9      4      9  0.813800000000000     
      4      9      4      9  -6.02265000000000     
      3     10      4      9  -3.88475000000000     
      1      7      5      9   1.83240581613353     
      4      7      5      9  0.544323750302309     
      3      8      5      9  -2.57039639129004     
      2      9      5      9  -1.75659639129004     
      5      9      5      9  -5.90844000000000     
      1     10      5      9   1.95386669750186     
      4     10      5      9 -0.131878348488289     
      3     11      5      9  -3.77054000000000     
      2      7      6      9  0.158624999495290     
      5      7      6      9   1.75659639129004     
      1      8      6      9   3.01519497413271     
      4      8      6      9  -2.57039639129004     
      6      9      6      9  -6.30341000000000     
      2     10      6      9  -1.75659639129004     
      5     10      6      9  0.394970000000002     
      1     11      6      9   2.57039639129004     
      4     11      6      9 -0.509179999999998     
      3     12      6      9  -3.26136000000000     
      7      9      7      9  -3.28880000000000     
      9     10      7      9  -1.62760000000000     
      8      9      8      9 -0.185450000000000     
      7     10      8      9  -1.79171995788963     
      9     11      8      9 -0.813800000000000     
      1      7      1     10  5.384618138735561E-002
      4      7      1     10  -4.29840000000000     
      3      8      1     10   1.71317145376638     
      2      9      1     10 -7.854850412324810E-002
      5      9      1     10   1.95386669750186     
      1     10      1     10  -6.55275000000000     
      4     10      1     10  -1.44233092752669     
      3     11      1     10  0.544323750302309     
      2      7      2     10 -5.384618138735561E-002
      5      7      2     10   1.97820000000000     
      1      8      2     10 -5.384618138735561E-002
      4      8      2     10  -5.28750000000000     
      6      9      2     10  -1.75659639129004     
      2     10      2     10  -6.50740000000000     
      5     10      2     10   1.12806546376335     
      1     11      2     10 -9.069999999999856E-002
      4     11      2     10  0.314265463763345     
      3     12      2     10  -2.57039639129004     
      3      7      3     10  0.813800000000000     
      1      9      3     10 -0.813800000000000     
      4      9      3     10  -3.88475000000000     
      3     10      3     10  -6.02265000000000     
      1      7      4     10  -2.11587998241866     
      4      7      4     10  -1.44233092752669     
      3      8      4     10   2.49819044780417     
      2      9      4     10   2.49819044780417     
      5      9      4     10 -0.131878348488289     
      1     10      4     10  -1.44233092752669     
      4     10      4     10  -9.75512000000000     
      3     11      4     10 -0.131878348488289     
      2      7      5     10  0.899314991714042     
      5      7      5     10  -1.12806546376335     
      1      8      5     10  -1.95725498292337     
      4      8      5     10  0.314265463763345     
      6      9      5     10  0.394970000000002     
      2     10      5     10   1.12806546376335     
      5     10      5     10  -6.45569000000000     
      1     11      5     10 -0.314265463763345     
      4     11      5     10  -3.41364000000000     
      3     12      5     10 -0.509179999999998     
      6      7      6     10   1.75659639129004     
      2      8      6     10   1.83240581613353     
      5      8      6     10  -1.95386669750186     
      6     10      6     10  -5.90844000000000     
      2     11      6     10 -0.544323750302309     
      5     11      6     10 -0.131878348488289     
      1     12      6     10   2.57039639129004     
      4     12      6     10  -3.77054000000000     
      8      9      7     10  -1.79171995788963     
      7     10      7     10  -2.25435000000000     
      9     11      7     10  -1.40954294719955     
      7      8      8     10  0.000000000000000E+000
      8     10      8     10  -1.21990000000000     
      7     11      8     10  -2.06890000000000     
     10     11      8     10 -0.813800000000000     
      9     12      8     10 -0.813800000000000     
      7      9      9     10  -1.62760000000000     
      9     10      9     10  -2.13790000000000     
      2      7      1     11  5.384618138735561E-002
      5      7      1     11  -5.28750000000000     
      1      8      1     11  5.384618138735561E-002
      4      8      1     11   1.97820000000000     
      6      9      1     11   2.57039639129004     
      2     10      1     11 -9.069999999999856E-002
      5     10      1     11 -0.314265463763345     
      1     11      1     11  -6.50740000000000     
      4     11      1     11  -1.12806546376335     
      3     12      1     11   1.75659639129004     
      6      7      2     11   1.71317145376638     
      2      8      2     11 -5.384618138735561E-002
      5      8      2     11  -4.29840000000000     
      6     10      2     11 -0.544323750302309     
      2     11      2     11  -6.55275000000000     
      5     11      2     11   1.44233092752669     
      1     12      2     11 -7.854850412324810E-002
      4     12      2     11  -1.95386669750186     
      1      7      3     11   1.83240581613353     
      4      7      3     11   1.95386669750186     
      3      8      3     11  -1.75659639129004     
      2      9      3     11  -2.57039639129004     
      5      9      3     11  -3.77054000000000     
      1     10      3     11  0.544323750302309     
      4     10      3     11 -0.131878348488289     
      3     11      3     11  -5.90844000000000     
      2      7      4     11  -1.95725498292337     
      5      7      4     11 -0.314265463763345     
      1      8      4     11  0.899314991714042     
      4      8      4     11   1.12806546376335     
      6      9      4     11 -0.509179999999998     
      2     10      4     11  0.314265463763345     
      5     10      4     11  -3.41364000000000     
      1     11      4     11  -1.12806546376335     
      4     11      4     11  -6.45569000000000     
      3     12      4     11  0.394970000000002     
      6      7      5     11  -2.49819044780417     
      2      8      5     11  -2.11587998241866     
      5      8      5     11   1.44233092752669     
      6     10      5     11 -0.131878348488289     
      2     11      5     11   1.44233092752669     
      5     11      5     11  -9.75512000000000     
      1     12      5     11  -2.49819044780417     
      4     12      5     11 -0.131878348488289     
      6      8      6     11 -0.813800000000000     
      6     11      6     11  -6.02265000000000     
      2     12      6     11  0.813800000000000     
      5     12      6     11  -3.88475000000000     
      7      8      7     11  0.000000000000000E+000
      8     10      7     11  -2.06890000000000     
      7     11      7     11  -1.21990000000000     
     10     11      7     11 -0.813800000000000     
      9     12      7     11 -0.813800000000000     
      8     11      8     11  -2.25435000000000     
      7     12      8     11  -1.79171995788963     
     10     12      8     11  -1.40954294719955     
      8      9      9     11 -0.813800000000000     
      7     10      9     11  -1.40954294719955     
      9     11      9     11  -2.13790000000000     
      7      8     10     11   2.85656997463741     
      8     10     10     11 -0.813800000000000     
      7     11     10     11 -0.813800000000000     
     10     11     10     11  -3.04205000000000     
      9     12     10     11  0.904150000000000     
      6      7      1     12  -6.27660000000000     
      2      8      1     12  9.326432195646953E-002
      5      8      1     12   1.71317145376638     
      6     10      1     12   2.57039639129004     
      2     11      1     12 -7.854850412324810E-002
      5     11      1     12  -2.49819044780417     
      1     12      1     12  -6.46205000000000     
      4     12      1     12   1.75659639129004     
      6      8      2     12  -3.30930000000000     
      6     11      2     12  0.813800000000000     
      2     12      2     12  -6.59810000000000     
      5     12      2     12 -0.813800000000000     
      2      7      3     12   3.01519497413271     
      5      7      3     12   2.57039639129004     
      1      8      3     12  0.158624999495290     
      4      8      3     12  -1.75659639129004     
      6      9      3     12  -3.26136000000000     
      2     10      3     12  -2.57039639129004     
      5     10      3     12 -0.509179999999998     
      1     11      3     12   1.75659639129004     
      4     11      3     12  0.394970000000002     
      3     12      3     12  -6.30341000000000     
      6      7      4     12   2.57039639129004     
      2      8      4     12   1.83240581613353     
      5      8      4     12 -0.544323750302309     
      6     10      4     12  -3.77054000000000     
      2     11      4     12  -1.95386669750186     
      5     11      4     12 -0.131878348488289     
      1     12      4     12   1.75659639129004     
      4     12      4     12  -5.90844000000000     
      6      8      5     12  0.813800000000000     
      6     11      5     12  -3.88475000000000     
      2     12      5     12 -0.813800000000000     
      5     12      5     12  -6.02265000000000     
      6     12      6     12  -9.90740000000000     
      8     11      7     12  -1.79171995788963     
      7     12      7     12 -0.185450000000000     
     10     12      7     12 -0.813800000000000     
      8     12      8     12  -3.28880000000000     
     11     12      8     12  -1.62760000000000     
      7      8      9     12  -2.85656997463741     
      8     10      9     12 -0.813800000000000     
      7     11      9     12 -0.813800000000000     
     10     11      9     12  0.904150000000000     
      9     12      9     12  -3.04205000000000     
      8     11     10     12  -1.40954294719955     
      7     12     10     12 -0.813800000000000     
     10     12     10     12  -2.13790000000000     
      8     12     11     12  -1.62760000000000     
     11     12     11     12  -2.13790000000000     
