      1      1      1      1           2           0   6.65427939505849     
      1      1      1      1           0           0  -13.7047500000000     
      1      1      1      2           2           0 -0.186528643912939     
      1      1      2      1           2           0 -0.186528643912939     
      1      1      2      2           4           0  -6.74218092757645     
      1      1      2      2           2           0   2.10715237460996     
      1      2      1      1           2           0  0.186528643912939     
      1      2      1      2           2           0  0.248392179828594     
      1      2      1      2           0           0  -18.4698412566270     
      1      2      2      1           4           0   14.0349042675752     
      1      2      2      1           2           0  -4.01870428372131     
      1      2      2      2           4           0   8.12830708595390     
      1      2      2      2           2           0   1.72130283548006     
      2      1      1      1           2           0  0.186528643912939     
      2      1      1      2           4           0   14.0349042675752     
      2      1      1      2           2           0  -4.01870428372131     
      2      1      2      1           2           0  0.248392179828594     
      2      1      2      1           0           0  -18.4698412566270     
      2      1      2      2           4           0   8.12830708595390     
      2      1      2      2           2           0   1.72130283548006     
      2      2      1      1           4           0  -6.74218092757645     
      2      2      1      1           2           0   2.10715237460996     
      2      2      1      2           4           0  -8.12830708595390     
      2      2      1      2           2           0  -1.72130283548006     
      2      2      2      1           4           0  -8.12830708595390     
      2      2      2      1           2           0  -1.72130283548006     
      2      2      2      2           6           0   8.62874749585362     
      2      2      2      2           4           0  -9.56974484466540     
      2      2      2      2           2           0   6.30823296421431     
      2      2      2      2           0           0  -28.1419000000000     
      1      1      1      1           2           0   6.65427939505849     
      1      1      1      1           0           0  -13.7047500000000     
      1      1      1      2           2           0 -0.186528643912939     
      1      1      2      1           2           0 -0.186528643912939     
      1      1      2      2           4           0  -6.74218092757645     
      1      1      2      2           2           0   2.10715237460996     
      1      2      1      1           2           0  0.186528643912939     
      1      2      1      2           2           0  0.248392179828594     
      1      2      1      2           0           0  -18.4698412566270     
      1      2      2      1           4           0   14.0349042675752     
      1      2      2      1           2           0  -4.01870428372131     
      1      2      2      2           4           0   8.12830708595390     
      1      2      2      2           2           0   1.72130283548006     
      2      1      1      1           2           0  0.186528643912939     
      2      1      1      2           4           0   14.0349042675752     
      2      1      1      2           2           0  -4.01870428372131     
      2      1      2      1           2           0  0.248392179828594     
      2      1      2      1           0           0  -18.4698412566270     
      2      1      2      2           4           0   8.12830708595390     
      2      1      2      2           2           0   1.72130283548006     
      2      2      1      1           4           0  -6.74218092757645     
      2      2      1      1           2           0   2.10715237460996     
      2      2      1      2           4           0  -8.12830708595390     
      2      2      1      2           2           0  -1.72130283548006     
      2      2      2      1           4           0  -8.12830708595390     
      2      2      2      1           2           0  -1.72130283548006     
      2      2      2      2           6           0   8.62874749585362     
      2      2      2      2           4           0  -9.56974484466540     
      2      2      2      2           2           0   6.30823296421431     
      2      2      2      2           0           0  -28.1419000000000     
          60           6
   1   1   3   3   0   0   0   0-13.7048   1   1
   1   1   3   3   2   0   0   0  6.6543   1   1
   1   1   3   4   2   0   0   0 -0.1865   1   1
   1   1   4   3   2   0   0   0  0.1865   1   1
   1   1   4   4   0   0   0   0-18.4698   1   1
   1   1   4   4   2   0   0   0  0.2484   1   1
   1   2   3   3   2   0   0   0 -0.1865   1   1
   1   2   3   4   2   0   0   0  2.1072   1   1
   1   2   3   4   4   0   0   0 -6.7422   1   1
   1   2   4   3   2   0   0   0 -4.0187   1   1
   1   2   4   3   4   0   0   0 14.0349   1   1
   1   2   4   4   2   0   0   0  1.7213   1   1
   1   2   4   4   4   0   0   0  8.1283   1   1
   2   1   3   3   2   0   0   0  0.1865   1   1
   2   1   3   4   2   0   0   0 -4.0187   1   1
   2   1   3   4   4   0   0   0 14.0349   1   1
   2   1   4   3   2   0   0   0  2.1072   1   1
   2   1   4   3   4   0   0   0 -6.7422   1   1
   2   1   4   4   2   0   0   0 -1.7213   1   1
   2   1   4   4   4   0   0   0 -8.1283   1   1
   2   2   3   3   0   0   0   0-18.4698   1   1
   2   2   3   3   2   0   0   0  0.2484   1   1
   2   2   3   4   2   0   0   0  1.7213   1   1
   2   2   3   4   4   0   0   0  8.1283   1   1
   2   2   4   3   2   0   0   0 -1.7213   1   1
   2   2   4   3   4   0   0   0 -8.1283   1   1
   2   2   4   4   0   0   0   0-28.1419   1   1
   2   2   4   4   2   0   0   0  6.3082   1   1
   2   2   4   4   4   0   0   0 -9.5697   1   1
   2   2   4   4   6   0   0   0  8.6287   1   1
   3   3   1   1   0   0   0   0-13.7048   1   1
   3   3   1   1   2   0   0   0  6.6543   1   1
   3   3   1   2   2   0   0   0 -0.1865   1   1
   3   3   2   1   2   0   0   0  0.1865   1   1
   3   3   2   2   0   0   0   0-18.4698   1   1
   3   3   2   2   2   0   0   0  0.2484   1   1
   3   4   1   1   2   0   0   0 -0.1865   1   1
   3   4   1   2   2   0   0   0  2.1072   1   1
   3   4   1   2   4   0   0   0 -6.7422   1   1
   3   4   2   1   2   0   0   0 -4.0187   1   1
   3   4   2   1   4   0   0   0 14.0349   1   1
   3   4   2   2   2   0   0   0  1.7213   1   1
   3   4   2   2   4   0   0   0  8.1283   1   1
   4   3   1   1   2   0   0   0  0.1865   1   1
   4   3   1   2   2   0   0   0 -4.0187   1   1
   4   3   1   2   4   0   0   0 14.0349   1   1
   4   3   2   1   2   0   0   0  2.1072   1   1
   4   3   2   1   4   0   0   0 -6.7422   1   1
   4   3   2   2   2   0   0   0 -1.7213   1   1
   4   3   2   2   4   0   0   0 -8.1283   1   1
   4   4   1   1   0   0   0   0-18.4698   1   1
   4   4   1   1   2   0   0   0  0.2484   1   1
   4   4   1   2   2   0   0   0  1.7213   1   1
   4   4   1   2   4   0   0   0  8.1283   1   1
   4   4   2   1   2   0   0   0 -1.7213   1   1
   4   4   2   1   4   0   0   0 -8.1283   1   1
   4   4   2   2   0   0   0   0-28.1419   1   1
   4   4   2   2   2   0   0   0  6.3082   1   1
   4   4   2   2   4   0   0   0 -9.5697   1   1
   4   4   2   2   6   0   0   0  8.6287   1   1
