      1      2      1      2  -1.25250000000000     
      2      4      1      2  0.000000000000000E+000
      1      5      1      2  0.000000000000000E+000
      4      5      1      2   2.22484077632535     
      3      6      1      2  -2.22484077632535     
      1      3      1      3  -2.50140000000000     
      3      4      1      3 -0.821300000000000     
      2      3      2      3 -0.474150000000000     
      1      4      2      3  -1.17043333321467     
      3      5      2      3 -0.410650000000000     
      2      3      1      4  -1.17043333321467     
      1      4      1      4  -1.82565000000000     
      3      5      1      4 -0.711266664128160     
      1      2      2      4  0.000000000000000E+000
      2      4      2      4  -1.14990000000000     
      1      5      2      4  -1.35150000000000     
      4      5      2      4 -0.410650000000000     
      3      6      2      4 -0.410650000000000     
      1      3      3      4 -0.821300000000000     
      3      4      3      4  -1.92070000000000     
      1      2      1      5  0.000000000000000E+000
      2      4      1      5  -1.35150000000000     
      1      5      1      5  -1.14990000000000     
      4      5      1      5 -0.410650000000000     
      3      6      1      5 -0.410650000000000     
      2      5      2      5  -1.82565000000000     
      1      6      2      5  -1.17043333321467     
      4      6      2      5 -0.711266664128160     
      2      3      3      5 -0.410650000000000     
      1      4      3      5 -0.711266664128160     
      3      5      3      5  -1.92070000000000     
      1      2      4      5   2.22484077632535     
      2      4      4      5 -0.410650000000000     
      1      5      4      5 -0.410650000000000     
      4      5      4      5  -2.69900000000000     
      3      6      4      5  0.778300000000000     
      2      5      1      6  -1.17043333321467     
      1      6      1      6 -0.474150000000000     
      4      6      1      6 -0.410650000000000     
      2      6      2      6  -2.50140000000000     
      5      6      2      6 -0.821300000000000     
      1      2      3      6  -2.22484077632535     
      2      4      3      6 -0.410650000000000     
      1      5      3      6 -0.410650000000000     
      4      5      3      6  0.778300000000000     
      3      6      3      6  -2.69900000000000     
      2      5      4      6 -0.711266664128160     
      1      6      4      6 -0.410650000000000     
      4      6      4      6  -1.92070000000000     
      2      6      5      6 -0.821300000000000     
      5      6      5      6  -1.92070000000000     
      1      7      1      7  -7.09200000000000     
      4      7      1      7  0.562326667738602     
      3      8      1      7 -0.973978358974162     
      2      9      1      7 -0.973978358974162     
      5      9      1      7   2.90643497914541     
      1     10      1      7  0.562326667738602     
      4     10      1      7  -3.35606203518350     
      3     11      1      7   2.90643497914541     
      2      7      2      7  -4.17225000000000     
      5      7      2      7  0.562326667738602     
      1      8      2      7  -2.91975000000000     
      4      8      2      7 -0.562326667738602     
      6      9      2      7   1.40462613822495     
      2     10      2      7 -0.562326667738602     
      5     10      2      7  0.273404879366802     
      1     11      2      7  0.562326667738602     
      4     11      2      7  -1.95143589695855     
      3     12      2      7   3.62946691455030     
      3      7      3      7  -6.03335000000000     
      1      9      3      7  -3.53195000000000     
      4      9      3      7 -0.410650000000000     
      3     10      3      7  0.410650000000000     
      1      7      4      7  0.562326667738602     
      4      7      4      7  -5.93806250000000     
      3      8      4      7 -0.165042791326218     
      2      9      4      7   1.00539054188845     
      5      9      4      7   1.21255698973204     
      1     10      4      7  -4.11241250000000     
      4     10      4      7  -1.81079020885911     
      3     11      4      7   1.92382365386020     
      2      7      5      7  0.562326667738602     
      5      7      5      7  -5.84277500000000     
      1      8      5      7  0.562326667738602     
      4      8      5      7 -0.190574999999999     
      6      9      5      7   2.51086031328866     
      2     10      5      7   1.16092500000000     
      5     10      5      7  -1.11072010442955     
      1     11      5      7  -4.69287500000000     
      4     11      5      7 -0.700070104429553     
      3     12      5      7   2.92151031328866     
      6      7      6      7  -5.74748750000000     
      2      8      6      7  0.973978358974162     
      5      8      6      7 -0.165042791326219     
      6     10      6      7   2.51086031328866     
      2     11      6      7   1.00539054188845     
      5     11      6      7  -3.13638064359223     
      1     12      6      7  -5.27333750000000     
      4     12      6      7   2.92151031328866     
      2      7      1      8  -2.91975000000000     
      5      7      1      8  0.562326667738602     
      1      8      1      8  -4.17225000000000     
      4      8      1      8 -0.562326667738602     
      6      9      1      8   3.62946691455030     
      2     10      1      8 -0.562326667738602     
      5     10      1      8  -1.95143589695855     
      1     11      1      8  0.562326667738602     
      4     11      1      8  0.273404879366802     
      3     12      1      8   1.40462613822495     
      6      7      2      8  0.973978358974162     
      2      8      2      8  -7.09200000000000     
      5      8      2      8 -0.562326667738602     
      6     10      2      8   2.90643497914541     
      2     11      2      8 -0.562326667738602     
      5     11      2      8  -3.35606203518350     
      1     12      2      8  0.973978358974162     
      4     12      2      8   2.90643497914541     
      1      7      3      8 -0.973978358974162     
      4      7      3      8 -0.165042791326219     
      3      8      3      8  -5.74748750000000     
      2      9      3      8  -5.27333750000000     
      5      9      3      8  -2.92151031328866     
      1     10      3      8   1.00539054188845     
      4     10      3      8   3.13638064359223     
      3     11      3      8  -2.51086031328866     
      2      7      4      8 -0.562326667738602     
      5      7      4      8 -0.190574999999999     
      1      8      4      8 -0.562326667738602     
      4      8      4      8  -5.84277500000000     
      6      9      4      8  -2.92151031328866     
      2     10      4      8  -4.69287500000000     
      5     10      4      8  0.700070104429553     
      1     11      4      8   1.16092500000000     
      4     11      4      8   1.11072010442955     
      3     12      4      8  -2.51086031328866     
      6      7      5      8 -0.165042791326218     
      2      8      5      8 -0.562326667738602     
      5      8      5      8  -5.93806250000000     
      6     10      5      8  -1.92382365386020     
      2     11      5      8  -4.11241250000000     
      5     11      5      8   1.81079020885911     
      1     12      5      8   1.00539054188845     
      4     12      5      8  -1.21255698973204     
      6      8      6      8  -6.03335000000000     
      6     11      6      8 -0.410650000000000     
      2     12      6      8  -3.53195000000000     
      5     12      6      8  0.410650000000000     
      7      8      7      8  -1.25250000000000     
      8     10      7      8  0.000000000000000E+000
      7     11      7      8  0.000000000000000E+000
     10     11      7      8   2.22484077632535     
      9     12      7      8  -2.22484077632535     
      3      7      1      9  -3.53195000000000     
      1      9      1      9  -6.03335000000000     
      4      9      1      9  0.410650000000000     
      3     10      1      9 -0.410650000000000     
      1      7      2      9 -0.973978358974162     
      4      7      2      9   1.00539054188845     
      3      8      2      9  -5.27333750000000     
      2      9      2      9  -5.74748750000000     
      5      9      2      9  -2.51086031328866     
      1     10      2      9 -0.165042791326219     
      4     10      2      9   3.13638064359223     
      3     11      2      9  -2.92151031328866     
      3      9      3      9  -9.56530000000000     
      3      7      4      9 -0.410650000000000     
      1      9      4      9  0.410650000000000     
      4      9      4      9  -5.74300000000000     
      3     10      4      9  -3.82230000000000     
      1      7      5      9   2.90643497914541     
      4      7      5      9   1.21255698973204     
      3      8      5      9  -2.92151031328866     
      2      9      5      9  -2.51086031328866     
      5      9      5      9  -4.55014000000000     
      1     10      5      9   1.92382365386020     
      4     10      5      9  -1.37739608421107     
      3     11      5      9  -2.62944000000000     
      2      7      6      9   1.40462613822495     
      5      7      6      9   2.51086031328866     
      1      8      6      9   3.62946691455030     
      4      8      6      9  -2.92151031328866     
      6      9      6      9  -4.34286000000000     
      2     10      6      9  -2.51086031328866     
      5     10      6      9 -0.207279999999998     
      1     11      6      9   2.92151031328866     
      4     11      6      9 -0.985579999999998     
      3     12      6      9  -1.64386000000000     
      7      9      7      9  -2.50140000000000     
      9     10      7      9 -0.821300000000000     
      8      9      8      9 -0.474150000000000     
      7     10      8      9  -1.17043333321467     
      9     11      8      9 -0.410650000000000     
      1      7      1     10  0.562326667738602     
      4      7      1     10  -4.11241250000000     
      3      8      1     10   1.00539054188845     
      2      9      1     10 -0.165042791326218     
      5      9      1     10   1.92382365386020     
      1     10      1     10  -5.93806250000000     
      4     10      1     10  -1.81079020885911     
      3     11      1     10   1.21255698973204     
      2      7      2     10 -0.562326667738602     
      5      7      2     10   1.16092500000000     
      1      8      2     10 -0.562326667738602     
      4      8      2     10  -4.69287500000000     
      6      9      2     10  -2.51086031328866     
      2     10      2     10  -5.84277500000000     
      5     10      2     10   1.11072010442955     
      1     11      2     10 -0.190574999999999     
      4     11      2     10  0.700070104429553     
      3     12      2     10  -2.92151031328866     
      3      7      3     10  0.410650000000000     
      1      9      3     10 -0.410650000000000     
      4      9      3     10  -3.82230000000000     
      3     10      3     10  -5.74299999999999     
      1      7      4     10  -3.35606203518350     
      4      7      4     10  -1.81079020885911     
      3      8      4     10   3.13638064359223     
      2      9      4     10   3.13638064359223     
      5      9      4     10  -1.37739608421107     
      1     10      4     10  -1.81079020885911     
      4     10      4     10  -7.97482000000000     
      3     11      4     10  -1.37739608421107     
      2      7      5     10  0.273404879366802     
      5      7      5     10  -1.11072010442955     
      1      8      5     10  -1.95143589695855     
      4      8      5     10  0.700070104429553     
      6      9      5     10 -0.207279999999998     
      2     10      5     10   1.11072010442955     
      5     10      5     10  -5.93334000000000     
      1     11      5     10 -0.700070104429553     
      4     11      5     10  -3.23434000000000     
      3     12      5     10 -0.985579999999998     
      6      7      6     10   2.51086031328866     
      2      8      6     10   2.90643497914541     
      5      8      6     10  -1.92382365386020     
      6     10      6     10  -4.55014000000000     
      2     11      6     10  -1.21255698973204     
      5     11      6     10  -1.37739608421107     
      1     12      6     10   2.92151031328866     
      4     12      6     10  -2.62944000000000     
      8      9      7     10  -1.17043333321467     
      7     10      7     10  -1.82565000000000     
      9     11      7     10 -0.711266664128160     
      7      8      8     10  0.000000000000000E+000
      8     10      8     10  -1.14990000000000     
      7     11      8     10  -1.35150000000000     
     10     11      8     10 -0.410650000000000     
      9     12      8     10 -0.410650000000000     
      7      9      9     10 -0.821300000000000     
      9     10      9     10  -1.92070000000000     
      2      7      1     11  0.562326667738602     
      5      7      1     11  -4.69287500000000     
      1      8      1     11  0.562326667738602     
      4      8      1     11   1.16092500000000     
      6      9      1     11   2.92151031328866     
      2     10      1     11 -0.190574999999999     
      5     10      1     11 -0.700070104429553     
      1     11      1     11  -5.84277500000000     
      4     11      1     11  -1.11072010442955     
      3     12      1     11   2.51086031328866     
      6      7      2     11   1.00539054188845     
      2      8      2     11 -0.562326667738602     
      5      8      2     11  -4.11241250000000     
      6     10      2     11  -1.21255698973204     
      2     11      2     11  -5.93806250000000     
      5     11      2     11   1.81079020885911     
      1     12      2     11 -0.165042791326218     
      4     12      2     11  -1.92382365386020     
      1      7      3     11   2.90643497914541     
      4      7      3     11   1.92382365386020     
      3      8      3     11  -2.51086031328866     
      2      9      3     11  -2.92151031328866     
      5      9      3     11  -2.62944000000000     
      1     10      3     11   1.21255698973204     
      4     10      3     11  -1.37739608421107     
      3     11      3     11  -4.55014000000000     
      2      7      4     11  -1.95143589695855     
      5      7      4     11 -0.700070104429553     
      1      8      4     11  0.273404879366802     
      4      8      4     11   1.11072010442955     
      6      9      4     11 -0.985579999999998     
      2     10      4     11  0.700070104429553     
      5     10      4     11  -3.23434000000000     
      1     11      4     11  -1.11072010442955     
      4     11      4     11  -5.93334000000000     
      3     12      4     11 -0.207279999999998     
      6      7      5     11  -3.13638064359223     
      2      8      5     11  -3.35606203518350     
      5      8      5     11   1.81079020885911     
      6     10      5     11  -1.37739608421107     
      2     11      5     11   1.81079020885911     
      5     11      5     11  -7.97482000000000     
      1     12      5     11  -3.13638064359223     
      4     12      5     11  -1.37739608421107     
      6      8      6     11 -0.410650000000000     
      6     11      6     11  -5.74300000000000     
      2     12      6     11  0.410650000000000     
      5     12      6     11  -3.82230000000000     
      7      8      7     11  0.000000000000000E+000
      8     10      7     11  -1.35150000000000     
      7     11      7     11  -1.14990000000000     
     10     11      7     11 -0.410650000000000     
      9     12      7     11 -0.410650000000000     
      8     11      8     11  -1.82565000000000     
      7     12      8     11  -1.17043333321467     
     10     12      8     11 -0.711266664128160     
      8      9      9     11 -0.410650000000000     
      7     10      9     11 -0.711266664128160     
      9     11      9     11  -1.92070000000000     
      7      8     10     11   2.22484077632535     
      8     10     10     11 -0.410650000000000     
      7     11     10     11 -0.410650000000000     
     10     11     10     11  -2.69900000000000     
      9     12     10     11  0.778300000000000     
      6      7      1     12  -5.27333750000000     
      2      8      1     12  0.973978358974162     
      5      8      1     12   1.00539054188845     
      6     10      1     12   2.92151031328866     
      2     11      1     12 -0.165042791326219     
      5     11      1     12  -3.13638064359223     
      1     12      1     12  -5.74748750000000     
      4     12      1     12   2.51086031328866     
      6      8      2     12  -3.53195000000000     
      6     11      2     12  0.410650000000000     
      2     12      2     12  -6.03335000000000     
      5     12      2     12 -0.410650000000000     
      2      7      3     12   3.62946691455030     
      5      7      3     12   2.92151031328866     
      1      8      3     12   1.40462613822495     
      4      8      3     12  -2.51086031328866     
      6      9      3     12  -1.64386000000000     
      2     10      3     12  -2.92151031328866     
      5     10      3     12 -0.985579999999998     
      1     11      3     12   2.51086031328866     
      4     11      3     12 -0.207279999999998     
      3     12      3     12  -4.34286000000000     
      6      7      4     12   2.92151031328866     
      2      8      4     12   2.90643497914541     
      5      8      4     12  -1.21255698973204     
      6     10      4     12  -2.62944000000000     
      2     11      4     12  -1.92382365386020     
      5     11      4     12  -1.37739608421107     
      1     12      4     12   2.51086031328866     
      4     12      4     12  -4.55014000000000     
      6      8      5     12  0.410650000000000     
      6     11      5     12  -3.82230000000000     
      2     12      5     12 -0.410650000000000     
      5     12      5     12  -5.74299999999999     
      6     12      6     12  -9.56530000000000     
      8     11      7     12  -1.17043333321467     
      7     12      7     12 -0.474150000000000     
     10     12      7     12 -0.410650000000000     
      8     12      8     12  -2.50140000000000     
     11     12      8     12 -0.821300000000000     
      7      8      9     12  -2.22484077632535     
      8     10      9     12 -0.410650000000000     
      7     11      9     12 -0.410650000000000     
     10     11      9     12  0.778300000000000     
      9     12      9     12  -2.69900000000000     
      8     11     10     12 -0.711266664128160     
      7     12     10     12 -0.410650000000000     
     10     12     10     12  -1.92070000000000     
      8     12     11     12 -0.821300000000000     
     11     12     11     12  -1.92070000000000     
