 ! Total Interaction
  20
   1   1   1   1     1     0  -7.0920
   1   2   1   1     1     0  -1.5905
   2   2   1   1     1     0   5.3064
   1   1   1   2     1     0  -1.5905
   1   2   1   2     1     0 -11.5060
   2   2   1   2     1     0  -8.0981
   1   1   2   2     1     0   5.3064
   1   2   2   2     1     0  -8.0981
   2   2   2   2     1     0  -5.5891
   1   2   1   2     2     0  -9.5653
   2   2   2   2     3     0  -9.5653
   1   1   1   1     0     1  -1.2525
   2   2   1   1     0     1  -3.1464
   1   1   2   2     0     1  -3.1464
   2   2   2   2     0     1  -3.4773
   1   2   1   2     1     1   0.2016
   1   2   1   2     2     1  -2.5014
   2   2   1   2     2     1   0.8213
   1   2   2   2     2     1   0.8213
   2   2   2   2     2     1  -1.9207
