      1      1      1      1           2           0   5.05715534539923     
      1      1      1      1           0           0  -11.2642500000000     
      1      1      1      2           2           0  -1.94795671794832     
      1      1      2      1           2           0  -1.94795671794832     
      1      1      2      2           4           0  -8.11573474302089     
      1      1      2      2           2           0   5.33931881619028     
      1      2      1      1           2           0   1.94795671794832     
      1      2      1      2           2           0  0.521911131982737     
      1      2      1      2           0           0  -16.6606201686135     
      1      2      2      1           4           0   11.7915411182988     
      1      2      2      1           2           0  -5.11212630790445     
      1      2      2      2           4           0   9.23862679766425     
      1      2      2      2           2           0   3.83444188031063     
      2      1      1      1           2           0   1.94795671794832     
      2      1      1      2           4           0   11.7915411182988     
      2      1      1      2           2           0  -5.11212630790445     
      2      1      2      1           2           0  0.521911131982737     
      2      1      2      1           0           0  -16.6606201686135     
      2      1      2      2           4           0   9.23862679766425     
      2      1      2      2           2           0   3.83444188031063     
      2      2      1      1           4           0  -8.11573474302089     
      2      2      1      1           2           0   5.33931881619029     
      2      2      1      2           4           0  -9.23862679766425     
      2      2      1      2           2           0  -3.83444188031063     
      2      2      2      1           4           0  -9.23862679766425     
      2      2      2      1           2           0  -3.83444188031063     
      2      2      2      2           6           0   4.34924475020664     
      2      2      2      2           4           0  -8.08343046002129     
      2      2      2      2           2           0   9.73422946158555     
      2      2      2      2           0           0  -24.2013000000000     
      1      1      1      1           2           0   5.05715534539923     
      1      1      1      1           0           0  -11.2642500000000     
      1      1      1      2           2           0  -1.94795671794832     
      1      1      2      1           2           0  -1.94795671794832     
      1      1      2      2           4           0  -8.11573474302089     
      1      1      2      2           2           0   5.33931881619028     
      1      2      1      1           2           0   1.94795671794832     
      1      2      1      2           2           0  0.521911131982737     
      1      2      1      2           0           0  -16.6606201686135     
      1      2      2      1           4           0   11.7915411182988     
      1      2      2      1           2           0  -5.11212630790445     
      1      2      2      2           4           0   9.23862679766425     
      1      2      2      2           2           0   3.83444188031063     
      2      1      1      1           2           0   1.94795671794832     
      2      1      1      2           4           0   11.7915411182988     
      2      1      1      2           2           0  -5.11212630790445     
      2      1      2      1           2           0  0.521911131982737     
      2      1      2      1           0           0  -16.6606201686135     
      2      1      2      2           4           0   9.23862679766425     
      2      1      2      2           2           0   3.83444188031063     
      2      2      1      1           4           0  -8.11573474302089     
      2      2      1      1           2           0   5.33931881619029     
      2      2      1      2           4           0  -9.23862679766425     
      2      2      1      2           2           0  -3.83444188031063     
      2      2      2      1           4           0  -9.23862679766425     
      2      2      2      1           2           0  -3.83444188031063     
      2      2      2      2           6           0   4.34924475020664     
      2      2      2      2           4           0  -8.08343046002129     
      2      2      2      2           2           0   9.73422946158555     
      2      2      2      2           0           0  -24.2013000000000     
          60           6
   1   1   3   3   0   0   0   0-11.2643   1   1
   1   1   3   3   2   0   0   0  5.0572   1   1
   1   1   3   4   2   0   0   0 -1.9480   1   1
   1   1   4   3   2   0   0   0  1.9480   1   1
   1   1   4   4   0   0   0   0-16.6606   1   1
   1   1   4   4   2   0   0   0  0.5219   1   1
   1   2   3   3   2   0   0   0 -1.9480   1   1
   1   2   3   4   2   0   0   0  5.3393   1   1
   1   2   3   4   4   0   0   0 -8.1157   1   1
   1   2   4   3   2   0   0   0 -5.1121   1   1
   1   2   4   3   4   0   0   0 11.7915   1   1
   1   2   4   4   2   0   0   0  3.8344   1   1
   1   2   4   4   4   0   0   0  9.2386   1   1
   2   1   3   3   2   0   0   0  1.9480   1   1
   2   1   3   4   2   0   0   0 -5.1121   1   1
   2   1   3   4   4   0   0   0 11.7915   1   1
   2   1   4   3   2   0   0   0  5.3393   1   1
   2   1   4   3   4   0   0   0 -8.1157   1   1
   2   1   4   4   2   0   0   0 -3.8344   1   1
   2   1   4   4   4   0   0   0 -9.2386   1   1
   2   2   3   3   0   0   0   0-16.6606   1   1
   2   2   3   3   2   0   0   0  0.5219   1   1
   2   2   3   4   2   0   0   0  3.8344   1   1
   2   2   3   4   4   0   0   0  9.2386   1   1
   2   2   4   3   2   0   0   0 -3.8344   1   1
   2   2   4   3   4   0   0   0 -9.2386   1   1
   2   2   4   4   0   0   0   0-24.2013   1   1
   2   2   4   4   2   0   0   0  9.7342   1   1
   2   2   4   4   4   0   0   0 -8.0834   1   1
   2   2   4   4   6   0   0   0  4.3492   1   1
   3   3   1   1   0   0   0   0-11.2643   1   1
   3   3   1   1   2   0   0   0  5.0572   1   1
   3   3   1   2   2   0   0   0 -1.9480   1   1
   3   3   2   1   2   0   0   0  1.9480   1   1
   3   3   2   2   0   0   0   0-16.6606   1   1
   3   3   2   2   2   0   0   0  0.5219   1   1
   3   4   1   1   2   0   0   0 -1.9480   1   1
   3   4   1   2   2   0   0   0  5.3393   1   1
   3   4   1   2   4   0   0   0 -8.1157   1   1
   3   4   2   1   2   0   0   0 -5.1121   1   1
   3   4   2   1   4   0   0   0 11.7915   1   1
   3   4   2   2   2   0   0   0  3.8344   1   1
   3   4   2   2   4   0   0   0  9.2386   1   1
   4   3   1   1   2   0   0   0  1.9480   1   1
   4   3   1   2   2   0   0   0 -5.1121   1   1
   4   3   1   2   4   0   0   0 11.7915   1   1
   4   3   2   1   2   0   0   0  5.3393   1   1
   4   3   2   1   4   0   0   0 -8.1157   1   1
   4   3   2   2   2   0   0   0 -3.8344   1   1
   4   3   2   2   4   0   0   0 -9.2386   1   1
   4   4   1   1   0   0   0   0-16.6606   1   1
   4   4   1   1   2   0   0   0  0.5219   1   1
   4   4   1   2   2   0   0   0  3.8344   1   1
   4   4   1   2   4   0   0   0  9.2386   1   1
   4   4   2   1   2   0   0   0 -3.8344   1   1
   4   4   2   1   4   0   0   0 -9.2386   1   1
   4   4   2   2   0   0   0   0-24.2013   1   1
   4   4   2   2   2   0   0   0  9.7342   1   1
   4   4   2   2   4   0   0   0 -8.0834   1   1
   4   4   2   2   6   0   0   0  4.3492   1   1
