 ! Total Interaction
  20
   1   1   1   1     1     0  -8.5793
   1   2   1   1     1     0  -0.1923
   2   2   1   1     1     0   3.4431
   1   1   1   2     1     0  -0.1923
   1   2   1   2     1     0 -13.5424
   2   2   1   2     1     0  -6.5820
   1   1   2   2     1     0   3.4431
   1   2   2   2     1     0  -6.5820
   2   2   2   2     1     0  -9.2834
   1   2   1   2     2     0  -9.7642
   2   2   2   2     3     0  -9.7642
   1   1   1   1     0     1  -1.1315
   2   2   1   1     0     1  -3.9369
   1   1   2   2     0     1  -3.9369
   2   2   2   2     0     1  -3.9153
   1   2   1   2     1     1   0.7842
   1   2   1   2     2     1  -3.2041
   2   2   1   2     2     1   1.5924
   1   2   2   2     2     1   1.5924
   2   2   2   2     2     1  -2.0781
