      1      1      1      1           2           0   6.44998400230574     
      1      1      1      1           0           0  -13.4347000000000     
      1      1      1      2           2           0 -0.235518438768603     
      1      1      2      1           2           0 -0.235518438768603     
      1      1      2      2           4           0  -6.76435176753433     
      1      1      2      2           2           0   2.30380980227432     
      1      2      1      1           2           0  0.235518438768603     
      1      2      1      2           2           0  0.143845636664794     
      1      2      1      2           0           0  -18.2285233898775     
      1      2      2      1           4           0   13.8468229998177     
      1      2      2      1           2           0  -3.99971667674333     
      1      2      2      2           4           0   8.24016798716782     
      1      2      2      2           2           0   1.85015187032165     
      2      1      1      1           2           0  0.235518438768603     
      2      1      1      2           4           0   13.8468229998177     
      2      1      1      2           2           0  -3.99971667674333     
      2      1      2      1           2           0  0.143845636664794     
      2      1      2      1           0           0  -18.2285233898775     
      2      1      2      2           4           0   8.24016798716782     
      2      1      2      2           2           0   1.85015187032165     
      2      2      1      1           4           0  -6.76435176753433     
      2      2      1      1           2           0   2.30380980227432     
      2      2      1      2           4           0  -8.24016798716782     
      2      2      1      2           2           0  -1.85015187032165     
      2      2      2      1           4           0  -8.24016798716782     
      2      2      2      1           2           0  -1.85015187032165     
      2      2      2      2           6           0   8.38012624515288     
      2      2      2      2           4           0  -9.45908184045894     
      2      2      2      2           2           0   6.31885043566471     
      2      2      2      2           0           0  -27.6263500000000     
      1      1      1      1           2           0   6.44998400230574     
      1      1      1      1           0           0  -13.4347000000000     
      1      1      1      2           2           0 -0.235518438768603     
      1      1      2      1           2           0 -0.235518438768603     
      1      1      2      2           4           0  -6.76435176753433     
      1      1      2      2           2           0   2.30380980227432     
      1      2      1      1           2           0  0.235518438768603     
      1      2      1      2           2           0  0.143845636664794     
      1      2      1      2           0           0  -18.2285233898775     
      1      2      2      1           4           0   13.8468229998177     
      1      2      2      1           2           0  -3.99971667674333     
      1      2      2      2           4           0   8.24016798716782     
      1      2      2      2           2           0   1.85015187032165     
      2      1      1      1           2           0  0.235518438768603     
      2      1      1      2           4           0   13.8468229998177     
      2      1      1      2           2           0  -3.99971667674333     
      2      1      2      1           2           0  0.143845636664794     
      2      1      2      1           0           0  -18.2285233898775     
      2      1      2      2           4           0   8.24016798716782     
      2      1      2      2           2           0   1.85015187032165     
      2      2      1      1           4           0  -6.76435176753433     
      2      2      1      1           2           0   2.30380980227432     
      2      2      1      2           4           0  -8.24016798716782     
      2      2      1      2           2           0  -1.85015187032165     
      2      2      2      1           4           0  -8.24016798716782     
      2      2      2      1           2           0  -1.85015187032165     
      2      2      2      2           6           0   8.38012624515288     
      2      2      2      2           4           0  -9.45908184045894     
      2      2      2      2           2           0   6.31885043566471     
      2      2      2      2           0           0  -27.6263500000000     
          60           6
   1   1   3   3   0   0   0   0-13.4347   1   1
   1   1   3   3   2   0   0   0  6.4500   1   1
   1   1   3   4   2   0   0   0 -0.2355   1   1
   1   1   4   3   2   0   0   0  0.2355   1   1
   1   1   4   4   0   0   0   0-18.2285   1   1
   1   1   4   4   2   0   0   0  0.1438   1   1
   1   2   3   3   2   0   0   0 -0.2355   1   1
   1   2   3   4   2   0   0   0  2.3038   1   1
   1   2   3   4   4   0   0   0 -6.7644   1   1
   1   2   4   3   2   0   0   0 -3.9997   1   1
   1   2   4   3   4   0   0   0 13.8468   1   1
   1   2   4   4   2   0   0   0  1.8502   1   1
   1   2   4   4   4   0   0   0  8.2402   1   1
   2   1   3   3   2   0   0   0  0.2355   1   1
   2   1   3   4   2   0   0   0 -3.9997   1   1
   2   1   3   4   4   0   0   0 13.8468   1   1
   2   1   4   3   2   0   0   0  2.3038   1   1
   2   1   4   3   4   0   0   0 -6.7644   1   1
   2   1   4   4   2   0   0   0 -1.8502   1   1
   2   1   4   4   4   0   0   0 -8.2402   1   1
   2   2   3   3   0   0   0   0-18.2285   1   1
   2   2   3   3   2   0   0   0  0.1438   1   1
   2   2   3   4   2   0   0   0  1.8502   1   1
   2   2   3   4   4   0   0   0  8.2402   1   1
   2   2   4   3   2   0   0   0 -1.8502   1   1
   2   2   4   3   4   0   0   0 -8.2402   1   1
   2   2   4   4   0   0   0   0-27.6264   1   1
   2   2   4   4   2   0   0   0  6.3189   1   1
   2   2   4   4   4   0   0   0 -9.4591   1   1
   2   2   4   4   6   0   0   0  8.3801   1   1
   3   3   1   1   0   0   0   0-13.4347   1   1
   3   3   1   1   2   0   0   0  6.4500   1   1
   3   3   1   2   2   0   0   0 -0.2355   1   1
   3   3   2   1   2   0   0   0  0.2355   1   1
   3   3   2   2   0   0   0   0-18.2285   1   1
   3   3   2   2   2   0   0   0  0.1438   1   1
   3   4   1   1   2   0   0   0 -0.2355   1   1
   3   4   1   2   2   0   0   0  2.3038   1   1
   3   4   1   2   4   0   0   0 -6.7644   1   1
   3   4   2   1   2   0   0   0 -3.9997   1   1
   3   4   2   1   4   0   0   0 13.8468   1   1
   3   4   2   2   2   0   0   0  1.8502   1   1
   3   4   2   2   4   0   0   0  8.2402   1   1
   4   3   1   1   2   0   0   0  0.2355   1   1
   4   3   1   2   2   0   0   0 -3.9997   1   1
   4   3   1   2   4   0   0   0 13.8468   1   1
   4   3   2   1   2   0   0   0  2.3038   1   1
   4   3   2   1   4   0   0   0 -6.7644   1   1
   4   3   2   2   2   0   0   0 -1.8502   1   1
   4   3   2   2   4   0   0   0 -8.2402   1   1
   4   4   1   1   0   0   0   0-18.2285   1   1
   4   4   1   1   2   0   0   0  0.1438   1   1
   4   4   1   2   2   0   0   0  1.8502   1   1
   4   4   1   2   4   0   0   0  8.2402   1   1
   4   4   2   1   2   0   0   0 -1.8502   1   1
   4   4   2   1   4   0   0   0 -8.2402   1   1
   4   4   2   2   0   0   0   0-27.6264   1   1
   4   4   2   2   2   0   0   0  6.3189   1   1
   4   4   2   2   4   0   0   0 -9.4591   1   1
   4   4   2   2   6   0   0   0  8.3801   1   1
