 ! Total Interaction
  20
   1   1   1   1     1     0  -8.4819
   1   2   1   1     1     0  -0.2109
   2   2   1   1     1     0   3.4870
   1   1   1   2     1     0  -0.2109
   1   2   1   2     1     0 -13.4679
   2   2   1   2     1     0  -6.6404
   1   1   2   2     1     0   3.4870
   1   2   2   2     1     0  -6.6404
   2   2   2   2     1     0  -9.1627
   1   2   1   2     2     0  -9.6900
   2   2   2   2     3     0  -9.6900
   1   1   1   1     0     1  -1.1509
   2   2   1   1     0     1  -3.8858
   1   1   2   2     0     1  -3.8858
   2   2   2   2     0     1  -3.8986
   1   2   1   2     1     1   0.7530
   1   2   1   2     2     1  -3.1617
   2   2   1   2     2     1   1.5748
   1   2   2   2     2     1   1.5748
   2   2   2   2     2     1  -2.0481
