      1      1      1      1           2           0   6.34883223514372     
      1      1      1      1           0           0  -13.2983000000000     
      1      1      1      2           2           0 -0.258298693376486     
      1      1      2      1           2           0 -0.258298693376486     
      1      1      2      2           4           0  -6.77051665196681     
      1      1      2      2           2           0   2.39521458442457     
      1      2      1      1           2           0  0.258298693376486     
      1      2      1      2           2           0  9.366055733338463E-002
      1      2      1      2           0           0  -18.1024992838006     
      1      2      2      1           4           0   13.7493024851490     
      1      2      2      1           2           0  -3.98817688823791     
      1      2      2      2           4           0   8.28819651949502     
      1      2      2      2           2           0   1.91001421309651     
      2      1      1      1           2           0  0.258298693376486     
      2      1      1      2           4           0   13.7493024851490     
      2      1      1      2           2           0  -3.98817688823791     
      2      1      2      1           2           0  9.366055733338463E-002
      2      1      2      1           0           0  -18.1024992838006     
      2      1      2      2           4           0   8.28819651949502     
      2      1      2      2           2           0   1.91001421309651     
      2      2      1      1           4           0  -6.77051665196681     
      2      2      1      1           2           0   2.39521458442457     
      2      2      1      2           4           0  -8.28819651949502     
      2      2      1      2           2           0  -1.91001421309651     
      2      2      2      1           4           0  -8.28819651949502     
      2      2      2      1           2           0  -1.91001421309651     
      2      2      2      2           6           0   8.25749567188504     
      2      2      2      2           4           0  -9.40150309003832     
      2      2      2      2           2           0   6.31911024328584     
      2      2      2      2           0           0  -27.3643000000000     
      1      1      1      1           2           0   6.34883223514372     
      1      1      1      1           0           0  -13.2983000000000     
      1      1      1      2           2           0 -0.258298693376486     
      1      1      2      1           2           0 -0.258298693376486     
      1      1      2      2           4           0  -6.77051665196681     
      1      1      2      2           2           0   2.39521458442457     
      1      2      1      1           2           0  0.258298693376486     
      1      2      1      2           2           0  9.366055733338463E-002
      1      2      1      2           0           0  -18.1024992838006     
      1      2      2      1           4           0   13.7493024851490     
      1      2      2      1           2           0  -3.98817688823791     
      1      2      2      2           4           0   8.28819651949502     
      1      2      2      2           2           0   1.91001421309651     
      2      1      1      1           2           0  0.258298693376486     
      2      1      1      2           4           0   13.7493024851490     
      2      1      1      2           2           0  -3.98817688823791     
      2      1      2      1           2           0  9.366055733338463E-002
      2      1      2      1           0           0  -18.1024992838006     
      2      1      2      2           4           0   8.28819651949502     
      2      1      2      2           2           0   1.91001421309651     
      2      2      1      1           4           0  -6.77051665196681     
      2      2      1      1           2           0   2.39521458442457     
      2      2      1      2           4           0  -8.28819651949502     
      2      2      1      2           2           0  -1.91001421309651     
      2      2      2      1           4           0  -8.28819651949502     
      2      2      2      1           2           0  -1.91001421309651     
      2      2      2      2           6           0   8.25749567188504     
      2      2      2      2           4           0  -9.40150309003832     
      2      2      2      2           2           0   6.31911024328584     
      2      2      2      2           0           0  -27.3643000000000     
          60           6
   1   1   3   3   0   0   0   0-13.2983   1   1
   1   1   3   3   2   0   0   0  6.3488   1   1
   1   1   3   4   2   0   0   0 -0.2583   1   1
   1   1   4   3   2   0   0   0  0.2583   1   1
   1   1   4   4   0   0   0   0-18.1025   1   1
   1   1   4   4   2   0   0   0  0.0937   1   1
   1   2   3   3   2   0   0   0 -0.2583   1   1
   1   2   3   4   2   0   0   0  2.3952   1   1
   1   2   3   4   4   0   0   0 -6.7705   1   1
   1   2   4   3   2   0   0   0 -3.9882   1   1
   1   2   4   3   4   0   0   0 13.7493   1   1
   1   2   4   4   2   0   0   0  1.9100   1   1
   1   2   4   4   4   0   0   0  8.2882   1   1
   2   1   3   3   2   0   0   0  0.2583   1   1
   2   1   3   4   2   0   0   0 -3.9882   1   1
   2   1   3   4   4   0   0   0 13.7493   1   1
   2   1   4   3   2   0   0   0  2.3952   1   1
   2   1   4   3   4   0   0   0 -6.7705   1   1
   2   1   4   4   2   0   0   0 -1.9100   1   1
   2   1   4   4   4   0   0   0 -8.2882   1   1
   2   2   3   3   0   0   0   0-18.1025   1   1
   2   2   3   3   2   0   0   0  0.0937   1   1
   2   2   3   4   2   0   0   0  1.9100   1   1
   2   2   3   4   4   0   0   0  8.2882   1   1
   2   2   4   3   2   0   0   0 -1.9100   1   1
   2   2   4   3   4   0   0   0 -8.2882   1   1
   2   2   4   4   0   0   0   0-27.3643   1   1
   2   2   4   4   2   0   0   0  6.3191   1   1
   2   2   4   4   4   0   0   0 -9.4015   1   1
   2   2   4   4   6   0   0   0  8.2575   1   1
   3   3   1   1   0   0   0   0-13.2983   1   1
   3   3   1   1   2   0   0   0  6.3488   1   1
   3   3   1   2   2   0   0   0 -0.2583   1   1
   3   3   2   1   2   0   0   0  0.2583   1   1
   3   3   2   2   0   0   0   0-18.1025   1   1
   3   3   2   2   2   0   0   0  0.0937   1   1
   3   4   1   1   2   0   0   0 -0.2583   1   1
   3   4   1   2   2   0   0   0  2.3952   1   1
   3   4   1   2   4   0   0   0 -6.7705   1   1
   3   4   2   1   2   0   0   0 -3.9882   1   1
   3   4   2   1   4   0   0   0 13.7493   1   1
   3   4   2   2   2   0   0   0  1.9100   1   1
   3   4   2   2   4   0   0   0  8.2882   1   1
   4   3   1   1   2   0   0   0  0.2583   1   1
   4   3   1   2   2   0   0   0 -3.9882   1   1
   4   3   1   2   4   0   0   0 13.7493   1   1
   4   3   2   1   2   0   0   0  2.3952   1   1
   4   3   2   1   4   0   0   0 -6.7705   1   1
   4   3   2   2   2   0   0   0 -1.9100   1   1
   4   3   2   2   4   0   0   0 -8.2882   1   1
   4   4   1   1   0   0   0   0-18.1025   1   1
   4   4   1   1   2   0   0   0  0.0937   1   1
   4   4   1   2   2   0   0   0  1.9100   1   1
   4   4   1   2   4   0   0   0  8.2882   1   1
   4   4   2   1   2   0   0   0 -1.9100   1   1
   4   4   2   1   4   0   0   0 -8.2882   1   1
   4   4   2   2   0   0   0   0-27.3643   1   1
   4   4   2   2   2   0   0   0  6.3191   1   1
   4   4   2   2   4   0   0   0 -9.4015   1   1
   4   4   2   2   6   0   0   0  8.2575   1   1
