      1      2      1      2  -1.15090000000000     
      2      4      1      2  0.000000000000000E+000
      1      5      1      2  0.000000000000000E+000
      4      5      1      2   2.74767553033469     
      3      6      1      2  -2.74767553033469     
      1      3      1      3  -3.16170000000000     
      3      4      1      3  -1.57480000000000     
      2      3      2      3 -0.225675000000000     
      1      4      2      3  -1.69511482409747     
      3      5      2      3 -0.787400000000000     
      2      3      1      4  -1.69511482409747     
      1      4      1      4  -2.18302500000000     
      3      5      1      4  -1.36381680587973     
      1      2      2      4  0.000000000000000E+000
      2      4      2      4  -1.20435000000000     
      1      5      2      4  -1.95735000000000     
      4      5      2      4 -0.787400000000000     
      3      6      2      4 -0.787400000000000     
      1      3      3      4  -1.57480000000000     
      3      4      3      4  -2.04810000000000     
      1      2      1      5  0.000000000000000E+000
      2      4      1      5  -1.95735000000000     
      1      5      1      5  -1.20435000000000     
      4      5      1      5 -0.787400000000000     
      3      6      1      5 -0.787400000000000     
      2      5      2      5  -2.18302500000000     
      1      6      2      5  -1.69511482409747     
      4      6      2      5  -1.36381680587973     
      2      3      3      5 -0.787400000000000     
      1      4      3      5  -1.36381680587973     
      3      5      3      5  -2.04810000000000     
      1      2      4      5   2.74767553033469     
      2      4      4      5 -0.787400000000000     
      1      5      4      5 -0.787400000000000     
      4      5      4      5  -2.97335000000000     
      3      6      4      5  0.925250000000001     
      2      5      1      6  -1.69511482409747     
      1      6      1      6 -0.225675000000000     
      4      6      1      6 -0.787400000000000     
      2      6      2      6  -3.16170000000000     
      5      6      2      6  -1.57480000000000     
      1      2      3      6  -2.74767553033469     
      2      4      3      6 -0.787400000000000     
      1      5      3      6 -0.787400000000000     
      4      5      3      6  0.925250000000001     
      3      6      3      6  -2.97335000000000     
      2      5      4      6  -1.36381680587973     
      1      6      4      6 -0.787400000000000     
      4      6      4      6  -2.04810000000000     
      2      6      5      6  -1.57480000000000     
      5      6      5      6  -2.04810000000000     
      1      7      1      7  -8.48190000000000     
      4      7      1      7  7.456441007612145E-002
      3      8      1      7 -0.129149346688243     
      2      9      1      7 -0.129149346688243     
      5      9      1      7   1.90990855802051     
      1     10      1      7  7.456441007612145E-002
      4     10      1      7  -2.20537244020143     
      3     11      1      7   1.90990855802051     
      2      7      2      7  -4.81640000000000     
      5      7      2      7  7.456441007612147E-002
      1      8      2      7  -3.66550000000000     
      4      8      2      7 -7.456441007612147E-002
      6      9      2      7  0.280191564983728     
      2     10      2      7 -7.456441007612147E-002
      5     10      2      7  0.822494655116986     
      1     11      2      7  7.456441007612147E-002
      4     11      2      7  -1.92518087521770     
      3     12      2      7   3.02786709531841     
      3      7      3      7  -6.42585000000000     
      1      9      3      7  -3.26415000000000     
      4      9      3      7 -0.787400000000000     
      3     10      3      7  0.787400000000000     
      1      7      4      7  7.456441007612145E-002
      4      7      4      7  -6.40875000000000     
      3      8      4      7 -2.961806880942719E-002
      2      9      4      7   1.66549675528805     
      5      9      4      7  0.603999527667920     
      1     10      4      7  -4.22572500000000     
      4     10      4      7  -1.48483857977896     
      3     11      4      7   1.96781633354765     
      2      7      5      7  7.456441007612145E-002
      5      7      5      7  -6.39165000000000     
      1      8      5      7  7.456441007612145E-002
      4      8      5      7 -3.419999999999768E-002
      6      9      5      7   1.83355786966844     
      2     10      5      7   1.92315000000000     
      5     10      5      7  -1.13611928988948     
      1     11      5      7  -5.18730000000000     
      4     11      5      7 -0.348719289889481     
      3     12      5      7   2.62095786966844     
      6      7      6      7  -6.37455000000000     
      2      8      6      7  0.129149346688243     
      5      8      6      7 -2.961806880942641E-002
      6     10      6      7   1.83355786966844     
      2     11      6      7   1.66549675528805     
      5     11      6      7  -2.57181586121557     
      1     12      6      7  -6.14887500000000     
      4     12      6      7   2.62095786966844     
      2      7      1      8  -3.66550000000000     
      5      7      1      8  7.456441007612147E-002
      1      8      1      8  -4.81640000000000     
      4      8      1      8 -7.456441007612147E-002
      6      9      1      8   3.02786709531841     
      2     10      1      8 -7.456441007612147E-002
      5     10      1      8  -1.92518087521770     
      1     11      1      8  7.456441007612147E-002
      4     11      1      8  0.822494655116986     
      3     12      1      8  0.280191564983728     
      6      7      2      8  0.129149346688243     
      2      8      2      8  -8.48190000000000     
      5      8      2      8 -7.456441007612145E-002
      6     10      2      8   1.90990855802051     
      2     11      2      8 -7.456441007612145E-002
      5     11      2      8  -2.20537244020143     
      1     12      2      8  0.129149346688243     
      4     12      2      8   1.90990855802051     
      1      7      3      8 -0.129149346688243     
      4      7      3      8 -2.961806880942641E-002
      3      8      3      8  -6.37455000000000     
      2      9      3      8  -6.14887500000000     
      5      9      3      8  -2.62095786966844     
      1     10      3      8   1.66549675528805     
      4     10      3      8   2.57181586121557     
      3     11      3      8  -1.83355786966844     
      2      7      4      8 -7.456441007612145E-002
      5      7      4      8 -3.419999999999768E-002
      1      8      4      8 -7.456441007612145E-002
      4      8      4      8  -6.39165000000000     
      6      9      4      8  -2.62095786966844     
      2     10      4      8  -5.18730000000000     
      5     10      4      8  0.348719289889481     
      1     11      4      8   1.92315000000000     
      4     11      4      8   1.13611928988948     
      3     12      4      8  -1.83355786966844     
      6      7      5      8 -2.961806880942719E-002
      2      8      5      8 -7.456441007612145E-002
      5      8      5      8  -6.40875000000000     
      6     10      5      8  -1.96781633354765     
      2     11      5      8  -4.22572500000000     
      5     11      5      8   1.48483857977896     
      1     12      5      8   1.66549675528805     
      4     12      5      8 -0.603999527667920     
      6      8      6      8  -6.42585000000000     
      6     11      6      8 -0.787400000000000     
      2     12      6      8  -3.26415000000000     
      5     12      6      8  0.787400000000000     
      7      8      7      8  -1.15090000000000     
      8     10      7      8  0.000000000000000E+000
      7     11      7      8  0.000000000000000E+000
     10     11      7      8   2.74767553033469     
      9     12      7      8  -2.74767553033469     
      3      7      1      9  -3.26415000000000     
      1      9      1      9  -6.42585000000000     
      4      9      1      9  0.787400000000000     
      3     10      1      9 -0.787400000000000     
      1      7      2      9 -0.129149346688243     
      4      7      2      9   1.66549675528805     
      3      8      2      9  -6.14887500000000     
      2      9      2      9  -6.37455000000000     
      5      9      2      9  -1.83355786966844     
      1     10      2      9 -2.961806880942641E-002
      4     10      2      9   2.57181586121557     
      3     11      2      9  -2.62095786966844     
      3      9      3      9  -9.69000000000000     
      3      7      4      9 -0.787400000000000     
      1      9      4      9  0.787400000000000     
      4      9      4      9  -5.86905000000000     
      3     10      4      9  -3.82095000000000     
      1      7      5      9   1.90990855802051     
      4      7      5      9  0.603999527667920     
      3      8      5      9  -2.62095786966844     
      2      9      5      9  -1.83355786966844     
      5      9      5      9  -5.71086000000000     
      1     10      5      9   1.96781633354766     
      4     10      5      9 -0.182662078166209     
      3     11      5      9  -3.66276000000000     
      2      7      6      9  0.280191564983728     
      5      7      6      9   1.83355786966844     
      1      8      6      9   3.02786709531842     
      4      8      6      9  -2.62095786966844     
      6      9      6      9  -6.09439000000000     
      2     10      6      9  -1.83355786966844     
      5     10      6      9  0.383530000000003     
      1     11      6      9   2.62095786966844     
      4     11      6      9 -0.541719999999998     
      3     12      6      9  -3.12104000000000     
      7      9      7      9  -3.16170000000000     
      9     10      7      9  -1.57480000000000     
      8      9      8      9 -0.225675000000000     
      7     10      8      9  -1.69511482409747     
      9     11      8      9 -0.787400000000000     
      1      7      1     10  7.456441007612145E-002
      4      7      1     10  -4.22572500000000     
      3      8      1     10   1.66549675528805     
      2      9      1     10 -2.961806880942719E-002
      5      9      1     10   1.96781633354765     
      1     10      1     10  -6.40875000000000     
      4     10      1     10  -1.48483857977896     
      3     11      1     10  0.603999527667920     
      2      7      2     10 -7.456441007612145E-002
      5      7      2     10   1.92315000000000     
      1      8      2     10 -7.456441007612145E-002
      4      8      2     10  -5.18730000000000     
      6      9      2     10  -1.83355786966844     
      2     10      2     10  -6.39165000000000     
      5     10      2     10   1.13611928988948     
      1     11      2     10 -3.419999999999768E-002
      4     11      2     10  0.348719289889481     
      3     12      2     10  -2.62095786966844     
      3      7      3     10  0.787400000000000     
      1      9      3     10 -0.787400000000000     
      4      9      3     10  -3.82095000000000     
      3     10      3     10  -5.86904999999999     
      1      7      4     10  -2.20537244020143     
      4      7      4     10  -1.48483857977896     
      3      8      4     10   2.57181586121557     
      2      9      4     10   2.57181586121557     
      5      9      4     10 -0.182662078166209     
      1     10      4     10  -1.48483857977896     
      4     10      4     10  -9.47908000000000     
      3     11      4     10 -0.182662078166209     
      2      7      5     10  0.822494655116986     
      5      7      5     10  -1.13611928988948     
      1      8      5     10  -1.92518087521770     
      4      8      5     10  0.348719289889481     
      6      9      5     10  0.383530000000003     
      2     10      5     10   1.13611928988948     
      5     10      5     10  -6.30531000000000     
      1     11      5     10 -0.348719289889481     
      4     11      5     10  -3.33196000000000     
      3     12      5     10 -0.541719999999998     
      6      7      6     10   1.83355786966844     
      2      8      6     10   1.90990855802051     
      5      8      6     10  -1.96781633354766     
      6     10      6     10  -5.71086000000000     
      2     11      6     10 -0.603999527667920     
      5     11      6     10 -0.182662078166209     
      1     12      6     10   2.62095786966844     
      4     12      6     10  -3.66276000000000     
      8      9      7     10  -1.69511482409747     
      7     10      7     10  -2.18302500000000     
      9     11      7     10  -1.36381680587973     
      7      8      8     10  0.000000000000000E+000
      8     10      8     10  -1.20435000000000     
      7     11      8     10  -1.95735000000000     
     10     11      8     10 -0.787400000000000     
      9     12      8     10 -0.787400000000000     
      7      9      9     10  -1.57480000000000     
      9     10      9     10  -2.04810000000000     
      2      7      1     11  7.456441007612145E-002
      5      7      1     11  -5.18730000000000     
      1      8      1     11  7.456441007612145E-002
      4      8      1     11   1.92315000000000     
      6      9      1     11   2.62095786966844     
      2     10      1     11 -3.419999999999768E-002
      5     10      1     11 -0.348719289889481     
      1     11      1     11  -6.39165000000000     
      4     11      1     11  -1.13611928988948     
      3     12      1     11   1.83355786966844     
      6      7      2     11   1.66549675528805     
      2      8      2     11 -7.456441007612145E-002
      5      8      2     11  -4.22572500000000     
      6     10      2     11 -0.603999527667920     
      2     11      2     11  -6.40875000000000     
      5     11      2     11   1.48483857977896     
      1     12      2     11 -2.961806880942719E-002
      4     12      2     11  -1.96781633354765     
      1      7      3     11   1.90990855802051     
      4      7      3     11   1.96781633354766     
      3      8      3     11  -1.83355786966844     
      2      9      3     11  -2.62095786966844     
      5      9      3     11  -3.66276000000000     
      1     10      3     11  0.603999527667920     
      4     10      3     11 -0.182662078166209     
      3     11      3     11  -5.71086000000000     
      2      7      4     11  -1.92518087521770     
      5      7      4     11 -0.348719289889481     
      1      8      4     11  0.822494655116986     
      4      8      4     11   1.13611928988948     
      6      9      4     11 -0.541719999999998     
      2     10      4     11  0.348719289889481     
      5     10      4     11  -3.33196000000000     
      1     11      4     11  -1.13611928988948     
      4     11      4     11  -6.30531000000000     
      3     12      4     11  0.383530000000003     
      6      7      5     11  -2.57181586121557     
      2      8      5     11  -2.20537244020143     
      5      8      5     11   1.48483857977896     
      6     10      5     11 -0.182662078166209     
      2     11      5     11   1.48483857977896     
      5     11      5     11  -9.47908000000000     
      1     12      5     11  -2.57181586121557     
      4     12      5     11 -0.182662078166209     
      6      8      6     11 -0.787400000000000     
      6     11      6     11  -5.86905000000000     
      2     12      6     11  0.787400000000000     
      5     12      6     11  -3.82095000000000     
      7      8      7     11  0.000000000000000E+000
      8     10      7     11  -1.95735000000000     
      7     11      7     11  -1.20435000000000     
     10     11      7     11 -0.787400000000000     
      9     12      7     11 -0.787400000000000     
      8     11      8     11  -2.18302500000000     
      7     12      8     11  -1.69511482409747     
     10     12      8     11  -1.36381680587973     
      8      9      9     11 -0.787400000000000     
      7     10      9     11  -1.36381680587973     
      9     11      9     11  -2.04810000000000     
      7      8     10     11   2.74767553033469     
      8     10     10     11 -0.787400000000000     
      7     11     10     11 -0.787400000000000     
     10     11     10     11  -2.97335000000000     
      9     12     10     11  0.925250000000001     
      6      7      1     12  -6.14887500000000     
      2      8      1     12  0.129149346688243     
      5      8      1     12   1.66549675528805     
      6     10      1     12   2.62095786966844     
      2     11      1     12 -2.961806880942641E-002
      5     11      1     12  -2.57181586121557     
      1     12      1     12  -6.37455000000000     
      4     12      1     12   1.83355786966844     
      6      8      2     12  -3.26415000000000     
      6     11      2     12  0.787400000000000     
      2     12      2     12  -6.42585000000000     
      5     12      2     12 -0.787400000000000     
      2      7      3     12   3.02786709531842     
      5      7      3     12   2.62095786966844     
      1      8      3     12  0.280191564983728     
      4      8      3     12  -1.83355786966844     
      6      9      3     12  -3.12104000000000     
      2     10      3     12  -2.62095786966844     
      5     10      3     12 -0.541719999999998     
      1     11      3     12   1.83355786966844     
      4     11      3     12  0.383530000000003     
      3     12      3     12  -6.09439000000000     
      6      7      4     12   2.62095786966844     
      2      8      4     12   1.90990855802051     
      5      8      4     12 -0.603999527667920     
      6     10      4     12  -3.66276000000000     
      2     11      4     12  -1.96781633354766     
      5     11      4     12 -0.182662078166209     
      1     12      4     12   1.83355786966844     
      4     12      4     12  -5.71086000000000     
      6      8      5     12  0.787400000000000     
      6     11      5     12  -3.82095000000000     
      2     12      5     12 -0.787400000000000     
      5     12      5     12  -5.86904999999999     
      6     12      6     12  -9.69000000000000     
      8     11      7     12  -1.69511482409747     
      7     12      7     12 -0.225675000000000     
     10     12      7     12 -0.787400000000000     
      8     12      8     12  -3.16170000000000     
     11     12      8     12  -1.57480000000000     
      7      8      9     12  -2.74767553033469     
      8     10      9     12 -0.787400000000000     
      7     11      9     12 -0.787400000000000     
     10     11      9     12  0.925250000000001     
      9     12      9     12  -2.97335000000000     
      8     11     10     12  -1.36381680587973     
      7     12     10     12 -0.787400000000000     
     10     12     10     12  -2.04810000000000     
      8     12     11     12  -1.57480000000000     
     11     12     11     12  -2.04810000000000     
