      1      2      1      2  -1.26720000000000     
      2      4      1      2  0.000000000000000E+000
      1      5      1      2  0.000000000000000E+000
      4      5      1      2   2.47459089144044     
      3      6      1      2  -2.47459089144044     
      1      3      1      3  -2.83400000000000     
      3      4      1      3  -1.43670000000000     
      2      3      2      3 -0.305375000000000     
      1      4      2      3  -1.45990232442962     
      3      5      2      3 -0.718350000000000     
      2      3      1      4  -1.45990232442962     
      1      4      1      4  -1.99112500000000     
      3      5      1      4  -1.24421869761710     
      1      2      2      4  0.000000000000000E+000
      2      4      2      4  -1.14825000000000     
      1      5      2      4  -1.68575000000000     
      4      5      2      4 -0.718350000000000     
      3      6      2      4 -0.718350000000000     
      1      3      3      4  -1.43670000000000     
      3      4      3      4  -1.81810000000000     
      1      2      1      5  0.000000000000000E+000
      2      4      1      5  -1.68575000000000     
      1      5      1      5  -1.14825000000000     
      4      5      1      5 -0.718350000000000     
      3      6      1      5 -0.718350000000000     
      2      5      2      5  -1.99112500000000     
      1      6      2      5  -1.45990232442962     
      4      6      2      5  -1.24421869761710     
      2      3      3      5 -0.718350000000000     
      1      4      3      5  -1.24421869761710     
      3      5      3      5  -1.81810000000000     
      1      2      4      5   2.47459089144044     
      2      4      4      5 -0.718350000000000     
      1      5      4      5 -0.718350000000000     
      4      5      4      5  -2.78000000000000     
      3      6      4      5  0.961900000000000     
      2      5      1      6  -1.45990232442962     
      1      6      1      6 -0.305375000000000     
      4      6      1      6 -0.718350000000000     
      2      6      2      6  -2.83400000000000     
      5      6      2      6  -1.43670000000000     
      1      2      3      6  -2.47459089144044     
      2      4      3      6 -0.718350000000000     
      1      5      3      6 -0.718350000000000     
      4      5      3      6  0.961900000000000     
      3      6      3      6  -2.78000000000000     
      2      5      4      6  -1.24421869761710     
      1      6      4      6 -0.718350000000000     
      4      6      4      6  -1.81810000000000     
      2      6      5      6  -1.43670000000000     
      5      6      5      6  -1.81810000000000     
      1      7      1      7  -6.99940000000000     
      4      7      1      7  0.114374521856924     
      3      8      1      7 -0.198102482947590     
      2      9      1      7 -0.198102482947590     
      5      9      1      7   1.78760211092961     
      1     10      1      7  0.114374521856924     
      4     10      1      7  -2.06414511989831     
      3     11      1      7   1.78760211092961     
      2      7      2      7  -4.13330000000000     
      5      7      2      7  0.114374521856924     
      1      8      2      7  -2.86610000000000     
      4      8      2      7 -0.114374521856924     
      6      9      2      7  0.310813394203510     
      2     10      2      7 -0.114374521856924     
      5     10      2      7  0.721259165745644     
      1     11      2      7  0.114374521856924     
      4     11      2      7  -1.75333172569480     
      3     12      2      7   2.78540428564395     
      3      7      3      7  -5.51365000000000     
      1      9      3      7  -2.67965000000000     
      4      9      3      7 -0.718350000000000     
      3     10      3      7  0.718350000000000     
      1      7      4      7  0.114374521856924     
      4      7      4      7  -5.48692500000000     
      3      8      4      7 -4.628905783227721E-002
      2      9      4      7   1.41361326659734     
      5      9      4      7  0.542845311897178     
      1     10      4      7  -3.49580000000000     
      4     10      4      7  -1.34517377390432     
      3     11      4      7   1.78706400951428     
      2      7      5      7  0.114374521856924     
      5      7      5      7  -5.46020000000000     
      1      8      5      7  0.114374521856924     
      4      8      5      7 -5.344999999999811E-002
      6      9      5      7   1.65858566085649     
      2     10      5      7   1.63230000000000     
      5     10      5      7  -1.03176188695216     
      1     11      5      7  -4.31195000000000     
      4     11      5      7 -0.313411886952162     
      3     12      5      7   2.37693566085649     
      6      7      6      7  -5.43347500000000     
      2      8      6      7  0.198102482947590     
      5      8      6      7 -4.628905783227766E-002
      6     10      6      7   1.65858566085649     
      2     11      6      7   1.41361326659734     
      5     11      6      7  -2.32990932141146     
      1     12      6      7  -5.12810000000000     
      4     12      6      7   2.37693566085649     
      2      7      1      8  -2.86610000000000     
      5      7      1      8  0.114374521856924     
      1      8      1      8  -4.13330000000000     
      4      8      1      8 -0.114374521856924     
      6      9      1      8   2.78540428564395     
      2     10      1      8 -0.114374521856924     
      5     10      1      8  -1.75333172569480     
      1     11      1      8  0.114374521856924     
      4     11      1      8  0.721259165745644     
      3     12      1      8  0.310813394203510     
      6      7      2      8  0.198102482947590     
      2      8      2      8  -6.99940000000000     
      5      8      2      8 -0.114374521856924     
      6     10      2      8   1.78760211092961     
      2     11      2      8 -0.114374521856924     
      5     11      2      8  -2.06414511989831     
      1     12      2      8  0.198102482947590     
      4     12      2      8   1.78760211092961     
      1      7      3      8 -0.198102482947590     
      4      7      3      8 -4.628905783227766E-002
      3      8      3      8  -5.43347500000000     
      2      9      3      8  -5.12810000000000     
      5      9      3      8  -2.37693566085649     
      1     10      3      8   1.41361326659734     
      4     10      3      8   2.32990932141146     
      3     11      3      8  -1.65858566085649     
      2      7      4      8 -0.114374521856924     
      5      7      4      8 -5.344999999999811E-002
      1      8      4      8 -0.114374521856924     
      4      8      4      8  -5.46020000000000     
      6      9      4      8  -2.37693566085649     
      2     10      4      8  -4.31195000000000     
      5     10      4      8  0.313411886952162     
      1     11      4      8   1.63230000000000     
      4     11      4      8   1.03176188695216     
      3     12      4      8  -1.65858566085649     
      6      7      5      8 -4.628905783227721E-002
      2      8      5      8 -0.114374521856924     
      5      8      5      8  -5.48692500000000     
      6     10      5      8  -1.78706400951428     
      2     11      5      8  -3.49580000000000     
      5     11      5      8   1.34517377390432     
      1     12      5      8   1.41361326659734     
      4     12      5      8 -0.542845311897178     
      6      8      6      8  -5.51365000000000     
      6     11      6      8 -0.718350000000000     
      2     12      6      8  -2.67965000000000     
      5     12      6      8  0.718350000000000     
      7      8      7      8  -1.26720000000000     
      8     10      7      8  0.000000000000000E+000
      7     11      7      8  0.000000000000000E+000
     10     11      7      8   2.47459089144044     
      9     12      7      8  -2.47459089144044     
      3      7      1      9  -2.67965000000000     
      1      9      1      9  -5.51365000000000     
      4      9      1      9  0.718350000000000     
      3     10      1      9 -0.718350000000000     
      1      7      2      9 -0.198102482947590     
      4      7      2      9   1.41361326659734     
      3      8      2      9  -5.12810000000000     
      2      9      2      9  -5.43347500000000     
      5      9      2      9  -1.65858566085649     
      1     10      2      9 -4.628905783227766E-002
      4     10      2      9   2.32990932141146     
      3     11      2      9  -2.37693566085649     
      3      9      3      9  -8.19330000000000     
      3      7      4      9 -0.718350000000000     
      1      9      4      9  0.718350000000000     
      4      9      4      9  -5.00570000000000     
      3     10      4      9  -3.18760000000000     
      1      7      5      9   1.78760211092961     
      4      7      5      9  0.542845311897178     
      3      8      5      9  -2.37693566085649     
      2      9      5      9  -1.65858566085649     
      5      9      5      9  -4.76303000000000     
      1     10      5      9   1.78706400951428     
      4     10      5      9 -0.280211179648489     
      3     11      5      9  -2.94493000000000     
      2      7      6      9  0.310813394203510     
      5      7      6      9   1.65858566085649     
      1      8      6      9   2.78540428564395     
      4      8      6      9  -2.37693566085649     
      6      9      6      9  -5.12264500000000     
      2     10      6      9  -1.65858566085649     
      5     10      6      9  0.359615000000002     
      1     11      6      9   2.37693566085649     
      4     11      6      9 -0.602284999999998     
      3     12      6      9  -2.34264500000000     
      7      9      7      9  -2.83400000000000     
      9     10      7      9  -1.43670000000000     
      8      9      8      9 -0.305375000000000     
      7     10      8      9  -1.45990232442962     
      9     11      8      9 -0.718350000000000     
      1      7      1     10  0.114374521856924     
      4      7      1     10  -3.49580000000000     
      3      8      1     10   1.41361326659734     
      2      9      1     10 -4.628905783227721E-002
      5      9      1     10   1.78706400951428     
      1     10      1     10  -5.48692500000000     
      4     10      1     10  -1.34517377390432     
      3     11      1     10  0.542845311897178     
      2      7      2     10 -0.114374521856924     
      5      7      2     10   1.63230000000000     
      1      8      2     10 -0.114374521856924     
      4      8      2     10  -4.31195000000000     
      6      9      2     10  -1.65858566085649     
      2     10      2     10  -5.46020000000000     
      5     10      2     10   1.03176188695216     
      1     11      2     10 -5.344999999999811E-002
      4     11      2     10  0.313411886952162     
      3     12      2     10  -2.37693566085649     
      3      7      3     10  0.718350000000000     
      1      9      3     10 -0.718350000000000     
      4      9      3     10  -3.18760000000000     
      3     10      3     10  -5.00570000000000     
      1      7      4     10  -2.06414511989831     
      4      7      4     10  -1.34517377390432     
      3      8      4     10   2.32990932141146     
      2      9      4     10   2.32990932141146     
      5      9      4     10 -0.280211179648489     
      1     10      4     10  -1.34517377390432     
      4     10      4     10  -7.86974000000000     
      3     11      4     10 -0.280211179648489     
      2      7      5     10  0.721259165745644     
      5      7      5     10  -1.03176188695216     
      1      8      5     10  -1.75333172569480     
      4      8      5     10  0.313411886952162     
      6      9      5     10  0.359615000000002     
      2     10      5     10   1.03176188695216     
      5     10      5     10  -5.44620500000000     
      1     11      5     10 -0.313411886952162     
      4     11      5     10  -2.66620500000000     
      3     12      5     10 -0.602284999999998     
      6      7      6     10   1.65858566085649     
      2      8      6     10   1.78760211092961     
      5      8      6     10  -1.78706400951428     
      6     10      6     10  -4.76303000000000     
      2     11      6     10 -0.542845311897178     
      5     11      6     10 -0.280211179648489     
      1     12      6     10   2.37693566085649     
      4     12      6     10  -2.94493000000000     
      8      9      7     10  -1.45990232442962     
      7     10      7     10  -1.99112500000000     
      9     11      7     10  -1.24421869761710     
      7      8      8     10  0.000000000000000E+000
      8     10      8     10  -1.14825000000000     
      7     11      8     10  -1.68575000000000     
     10     11      8     10 -0.718350000000000     
      9     12      8     10 -0.718350000000000     
      7      9      9     10  -1.43670000000000     
      9     10      9     10  -1.81810000000000     
      2      7      1     11  0.114374521856924     
      5      7      1     11  -4.31195000000000     
      1      8      1     11  0.114374521856924     
      4      8      1     11   1.63230000000000     
      6      9      1     11   2.37693566085649     
      2     10      1     11 -5.344999999999811E-002
      5     10      1     11 -0.313411886952162     
      1     11      1     11  -5.46020000000000     
      4     11      1     11  -1.03176188695216     
      3     12      1     11   1.65858566085649     
      6      7      2     11   1.41361326659734     
      2      8      2     11 -0.114374521856924     
      5      8      2     11  -3.49580000000000     
      6     10      2     11 -0.542845311897178     
      2     11      2     11  -5.48692500000000     
      5     11      2     11   1.34517377390432     
      1     12      2     11 -4.628905783227721E-002
      4     12      2     11  -1.78706400951428     
      1      7      3     11   1.78760211092961     
      4      7      3     11   1.78706400951428     
      3      8      3     11  -1.65858566085649     
      2      9      3     11  -2.37693566085649     
      5      9      3     11  -2.94493000000000     
      1     10      3     11  0.542845311897178     
      4     10      3     11 -0.280211179648489     
      3     11      3     11  -4.76303000000000     
      2      7      4     11  -1.75333172569480     
      5      7      4     11 -0.313411886952162     
      1      8      4     11  0.721259165745644     
      4      8      4     11   1.03176188695216     
      6      9      4     11 -0.602284999999998     
      2     10      4     11  0.313411886952162     
      5     10      4     11  -2.66620500000000     
      1     11      4     11  -1.03176188695216     
      4     11      4     11  -5.44620500000000     
      3     12      4     11  0.359615000000002     
      6      7      5     11  -2.32990932141146     
      2      8      5     11  -2.06414511989831     
      5      8      5     11   1.34517377390432     
      6     10      5     11 -0.280211179648489     
      2     11      5     11   1.34517377390432     
      5     11      5     11  -7.86974000000000     
      1     12      5     11  -2.32990932141146     
      4     12      5     11 -0.280211179648489     
      6      8      6     11 -0.718350000000000     
      6     11      6     11  -5.00570000000000     
      2     12      6     11  0.718350000000000     
      5     12      6     11  -3.18760000000000     
      7      8      7     11  0.000000000000000E+000
      8     10      7     11  -1.68575000000000     
      7     11      7     11  -1.14825000000000     
     10     11      7     11 -0.718350000000000     
      9     12      7     11 -0.718350000000000     
      8     11      8     11  -1.99112500000000     
      7     12      8     11  -1.45990232442962     
     10     12      8     11  -1.24421869761710     
      8      9      9     11 -0.718350000000000     
      7     10      9     11  -1.24421869761710     
      9     11      9     11  -1.81810000000000     
      7      8     10     11   2.47459089144044     
      8     10     10     11 -0.718350000000000     
      7     11     10     11 -0.718350000000000     
     10     11     10     11  -2.78000000000000     
      9     12     10     11  0.961900000000000     
      6      7      1     12  -5.12810000000000     
      2      8      1     12  0.198102482947590     
      5      8      1     12   1.41361326659734     
      6     10      1     12   2.37693566085649     
      2     11      1     12 -4.628905783227766E-002
      5     11      1     12  -2.32990932141146     
      1     12      1     12  -5.43347500000000     
      4     12      1     12   1.65858566085649     
      6      8      2     12  -2.67965000000000     
      6     11      2     12  0.718350000000000     
      2     12      2     12  -5.51365000000000     
      5     12      2     12 -0.718350000000000     
      2      7      3     12   2.78540428564395     
      5      7      3     12   2.37693566085649     
      1      8      3     12  0.310813394203510     
      4      8      3     12  -1.65858566085649     
      6      9      3     12  -2.34264500000000     
      2     10      3     12  -2.37693566085649     
      5     10      3     12 -0.602284999999998     
      1     11      3     12   1.65858566085649     
      4     11      3     12  0.359615000000002     
      3     12      3     12  -5.12264500000000     
      6      7      4     12   2.37693566085649     
      2      8      4     12   1.78760211092961     
      5      8      4     12 -0.542845311897178     
      6     10      4     12  -2.94493000000000     
      2     11      4     12  -1.78706400951428     
      5     11      4     12 -0.280211179648489     
      1     12      4     12   1.65858566085649     
      4     12      4     12  -4.76303000000000     
      6      8      5     12  0.718350000000000     
      6     11      5     12  -3.18760000000000     
      2     12      5     12 -0.718350000000000     
      5     12      5     12  -5.00570000000000     
      6     12      6     12  -8.19330000000000     
      8     11      7     12  -1.45990232442962     
      7     12      7     12 -0.305375000000000     
     10     12      7     12 -0.718350000000000     
      8     12      8     12  -2.83400000000000     
     11     12      8     12  -1.43670000000000     
      7      8      9     12  -2.47459089144044     
      8     10      9     12 -0.718350000000000     
      7     11      9     12 -0.718350000000000     
     10     11      9     12  0.961900000000000     
      9     12      9     12  -2.78000000000000     
      8     11     10     12  -1.24421869761710     
      7     12     10     12 -0.718350000000000     
     10     12     10     12  -1.81810000000000     
      8     12     11     12  -1.43670000000000     
     11     12     11     12  -1.81810000000000     
