 ! Total Interaction
  20
   1   1   1   1     1     0  -6.9994
   1   2   1   1     1     0  -0.3235
   2   2   1   1     1     0   3.2637
   1   1   1   2     1     0  -0.3235
   1   2   1   2     1     0 -11.3510
   2   2   1   2     1     0  -6.0158
   1   1   2   2     1     0   3.2637
   1   2   2   2     1     0  -6.0158
   2   2   2   2     1     0  -7.3844
   1   2   1   2     2     0  -8.1933
   2   2   2   2     3     0  -8.1933
   1   1   1   1     0     1  -1.2672
   2   2   1   1     0     1  -3.4996
   1   1   2   2     0     1  -3.4996
   2   2   2   2     0     1  -3.7419
   1   2   1   2     1     1   0.5375
   1   2   1   2     2     1  -2.8340
   2   2   1   2     2     1   1.4367
   1   2   2   2     2     1   1.4367
   2   2   2   2     2     1  -1.8181
