      1      1      1      1           2           0   4.96423081957316     
      1      1      1      1           0           0  -11.1327000000000     
      1      1      1      2           2           0 -0.396204965895179     
      1      1      2      1           2           0 -0.396204965895179     
      1      1      2      2           4           0  -6.22835332751912     
      1      1      2      2           2           0   2.32594670136302     
      1      2      1      1           2           0  0.396204965895179     
      1      2      1      2           2           0  0.146378853493257     
      1      2      1      2           0           0  -15.4815726439936     
      1      2      2      1           4           0   11.4667801954167     
      1      2      2      1           2           0  -3.22767667990460     
      1      2      2      2           4           0   7.51653053998403     
      1      2      2      2           2           0   1.71662760273958     
      2      1      1      1           2           0  0.396204965895179     
      2      1      1      2           4           0   11.4667801954167     
      2      1      1      2           2           0  -3.22767667990460     
      2      1      2      1           2           0  0.146378853493257     
      2      1      2      1           0           0  -15.4815726439936     
      2      1      2      2           4           0   7.51653053998403     
      2      1      2      2           2           0   1.71662760273958     
      2      2      1      1           4           0  -6.22835332751912     
      2      2      1      1           2           0   2.32594670136302     
      2      2      1      2           4           0  -7.51653053998403     
      2      2      1      2           2           0  -1.71662760273958     
      2      2      2      1           4           0  -7.51653053998403     
      2      2      2      1           2           0  -1.71662760273958     
      2      2      2      2           6           0   6.19805608010891     
      2      2      2      2           4           0  -7.93181387080692     
      2      2      2      2           2           0   5.45863606233966     
      2      2      2      2           0           0  -23.0846750000000     
      1      1      1      1           2           0   4.96423081957316     
      1      1      1      1           0           0  -11.1327000000000     
      1      1      1      2           2           0 -0.396204965895179     
      1      1      2      1           2           0 -0.396204965895179     
      1      1      2      2           4           0  -6.22835332751912     
      1      1      2      2           2           0   2.32594670136302     
      1      2      1      1           2           0  0.396204965895179     
      1      2      1      2           2           0  0.146378853493257     
      1      2      1      2           0           0  -15.4815726439936     
      1      2      2      1           4           0   11.4667801954167     
      1      2      2      1           2           0  -3.22767667990460     
      1      2      2      2           4           0   7.51653053998403     
      1      2      2      2           2           0   1.71662760273958     
      2      1      1      1           2           0  0.396204965895179     
      2      1      1      2           4           0   11.4667801954167     
      2      1      1      2           2           0  -3.22767667990460     
      2      1      2      1           2           0  0.146378853493257     
      2      1      2      1           0           0  -15.4815726439936     
      2      1      2      2           4           0   7.51653053998403     
      2      1      2      2           2           0   1.71662760273958     
      2      2      1      1           4           0  -6.22835332751912     
      2      2      1      1           2           0   2.32594670136302     
      2      2      1      2           4           0  -7.51653053998403     
      2      2      1      2           2           0  -1.71662760273958     
      2      2      2      1           4           0  -7.51653053998403     
      2      2      2      1           2           0  -1.71662760273958     
      2      2      2      2           6           0   6.19805608010891     
      2      2      2      2           4           0  -7.93181387080692     
      2      2      2      2           2           0   5.45863606233966     
      2      2      2      2           0           0  -23.0846750000000     
          60           6
   1   1   3   3   0   0   0   0-11.1327   1   1
   1   1   3   3   2   0   0   0  4.9642   1   1
   1   1   3   4   2   0   0   0 -0.3962   1   1
   1   1   4   3   2   0   0   0  0.3962   1   1
   1   1   4   4   0   0   0   0-15.4816   1   1
   1   1   4   4   2   0   0   0  0.1464   1   1
   1   2   3   3   2   0   0   0 -0.3962   1   1
   1   2   3   4   2   0   0   0  2.3259   1   1
   1   2   3   4   4   0   0   0 -6.2284   1   1
   1   2   4   3   2   0   0   0 -3.2277   1   1
   1   2   4   3   4   0   0   0 11.4668   1   1
   1   2   4   4   2   0   0   0  1.7166   1   1
   1   2   4   4   4   0   0   0  7.5165   1   1
   2   1   3   3   2   0   0   0  0.3962   1   1
   2   1   3   4   2   0   0   0 -3.2277   1   1
   2   1   3   4   4   0   0   0 11.4668   1   1
   2   1   4   3   2   0   0   0  2.3259   1   1
   2   1   4   3   4   0   0   0 -6.2284   1   1
   2   1   4   4   2   0   0   0 -1.7166   1   1
   2   1   4   4   4   0   0   0 -7.5165   1   1
   2   2   3   3   0   0   0   0-15.4816   1   1
   2   2   3   3   2   0   0   0  0.1464   1   1
   2   2   3   4   2   0   0   0  1.7166   1   1
   2   2   3   4   4   0   0   0  7.5165   1   1
   2   2   4   3   2   0   0   0 -1.7166   1   1
   2   2   4   3   4   0   0   0 -7.5165   1   1
   2   2   4   4   0   0   0   0-23.0847   1   1
   2   2   4   4   2   0   0   0  5.4586   1   1
   2   2   4   4   4   0   0   0 -7.9318   1   1
   2   2   4   4   6   0   0   0  6.1981   1   1
   3   3   1   1   0   0   0   0-11.1327   1   1
   3   3   1   1   2   0   0   0  4.9642   1   1
   3   3   1   2   2   0   0   0 -0.3962   1   1
   3   3   2   1   2   0   0   0  0.3962   1   1
   3   3   2   2   0   0   0   0-15.4816   1   1
   3   3   2   2   2   0   0   0  0.1464   1   1
   3   4   1   1   2   0   0   0 -0.3962   1   1
   3   4   1   2   2   0   0   0  2.3259   1   1
   3   4   1   2   4   0   0   0 -6.2284   1   1
   3   4   2   1   2   0   0   0 -3.2277   1   1
   3   4   2   1   4   0   0   0 11.4668   1   1
   3   4   2   2   2   0   0   0  1.7166   1   1
   3   4   2   2   4   0   0   0  7.5165   1   1
   4   3   1   1   2   0   0   0  0.3962   1   1
   4   3   1   2   2   0   0   0 -3.2277   1   1
   4   3   1   2   4   0   0   0 11.4668   1   1
   4   3   2   1   2   0   0   0  2.3259   1   1
   4   3   2   1   4   0   0   0 -6.2284   1   1
   4   3   2   2   2   0   0   0 -1.7166   1   1
   4   3   2   2   4   0   0   0 -7.5165   1   1
   4   4   1   1   0   0   0   0-15.4816   1   1
   4   4   1   1   2   0   0   0  0.1464   1   1
   4   4   1   2   2   0   0   0  1.7166   1   1
   4   4   1   2   4   0   0   0  7.5165   1   1
   4   4   2   1   2   0   0   0 -1.7166   1   1
   4   4   2   1   4   0   0   0 -7.5165   1   1
   4   4   2   2   0   0   0   0-23.0847   1   1
   4   4   2   2   2   0   0   0  5.4586   1   1
   4   4   2   2   4   0   0   0 -7.9318   1   1
   4   4   2   2   6   0   0   0  6.1981   1   1
