 ! Total Interaction
  20
   1   1   1   1     1     0  -7.3039
   1   2   1   1     1     0  -1.6493
   2   2   1   1     1     0   5.3248
   1   1   1   2     1     0  -1.6493
   1   2   1   2     1     0 -11.5998
   2   2   1   2     1     0  -8.0418
   1   1   2   2     1     0   5.3248
   1   2   2   2     1     0  -8.0418
   2   2   2   2     1     0  -5.6891
   1   2   1   2     2     0  -9.8125
   2   2   2   2     3     0  -9.8125
   1   1   1   1     0     1  -1.2287
   2   2   1   1     0     1  -3.3194
   1   1   2   2     0     1  -3.3194
   2   2   2   2     0     1  -3.5758
   1   2   1   2     1     1   0.2652
   1   2   1   2     2     1  -2.6404
   2   2   1   2     2     1   0.8477
   1   2   2   2     2     1   0.8477
   2   2   2   2     2     1  -2.0409
