      1      2      1      2  -1.22870000000000     
      2      4      1      2  0.000000000000000E+000
      1      5      1      2  0.000000000000000E+000
      4      5      1      2   2.34717024947063     
      3      6      1      2  -2.34717024947063     
      1      3      1      3  -2.64040000000000     
      3      4      1      3 -0.847700000000000     
      2      3      2      3 -0.461200000000000     
      1      4      2      3  -1.25816170661803     
      3      5      2      3 -0.423850000000000     
      2      3      1      4  -1.25816170661803     
      1      4      1      4  -1.91400000000000     
      3      5      1      4 -0.734129734788069     
      1      2      2      4  0.000000000000000E+000
      2      4      2      4  -1.18760000000000     
      1      5      2      4  -1.45280000000000     
      4      5      2      4 -0.423850000000000     
      3      6      2      4 -0.423850000000000     
      1      3      3      4 -0.847700000000000     
      3      4      3      4  -2.04090000000000     
      1      2      1      5  0.000000000000000E+000
      2      4      1      5  -1.45280000000000     
      1      5      1      5  -1.18760000000000     
      4      5      1      5 -0.423850000000000     
      3      6      1      5 -0.423850000000000     
      2      5      2      5  -1.91400000000000     
      1      6      2      5  -1.25816170661803     
      4      6      2      5 -0.734129734788069     
      2      3      3      5 -0.423850000000000     
      1      4      3      5 -0.734129734788069     
      3      5      3      5  -2.04090000000000     
      1      2      4      5   2.34717024947063     
      2      4      4      5 -0.423850000000000     
      1      5      4      5 -0.423850000000000     
      4      5      4      5  -2.80835000000000     
      3      6      4      5  0.767450000000000     
      2      5      1      6  -1.25816170661803     
      1      6      1      6 -0.461200000000000     
      4      6      1      6 -0.423850000000000     
      2      6      2      6  -2.64040000000000     
      5      6      2      6 -0.847700000000000     
      1      2      3      6  -2.34717024947063     
      2      4      3      6 -0.423850000000000     
      1      5      3      6 -0.423850000000000     
      4      5      3      6  0.767450000000000     
      3      6      3      6  -2.80835000000000     
      2      5      4      6 -0.734129734788069     
      1      6      4      6 -0.423850000000000     
      4      6      4      6  -2.04090000000000     
      2      6      5      6 -0.847700000000000     
      5      6      5      6  -2.04090000000000     
      1      7      1      7  -7.30390000000000     
      4      7      1      7  0.583115607105487     
      3      8      1      7  -1.00998585819307     
      2      9      1      7  -1.00998585819307     
      5      9      1      7   2.91651307420351     
      1     10      1      7  0.583115607105487     
      4     10      1      7  -3.36769921697292     
      3     11      1      7   2.91651307420351     
      2      7      2      7  -4.26630000000000     
      5      7      2      7  0.583115607105487     
      1      8      2      7  -3.03760000000000     
      4      8      2      7 -0.583115607105487     
      6      9      2      7   1.35218928799438     
      2     10      2      7 -0.583115607105487     
      5     10      2      7  0.331660320492084     
      1     11      2      7  0.583115607105487     
      4     11      2      7  -2.01550992897854     
      3     12      2      7   3.69935953746500     
      3      7      3      7  -6.22645000000000     
      1      9      3      7  -3.58605000000000     
      4      9      3      7 -0.423850000000000     
      3     10      3      7  0.423850000000000     
      1      7      4      7  0.583115607105487     
      4      7      4      7  -6.08666250000000     
      3      8      4      7 -0.242119052263033     
      2      9      4      7   1.01604265435500     
      5      9      4      7   1.19022300628251     
      1     10      4      7  -4.17266250000000     
      4     10      4      7  -1.79820114614578     
      3     11      4      7   1.92435274107058     
      2      7      5      7  0.583115607105487     
      5      7      5      7  -5.94687500000000     
      1      8      5      7  0.583115607105487     
      4      8      5      7 -0.279574999999998     
      6      9      5      7   2.48537671921867     
      2     10      5      7   1.17322500000000     
      5     10      5      7  -1.11102557307289     
      1     11      5      7  -4.75927500000000     
      4     11      5      7 -0.687175573072891     
      3     12      5      7   2.90922671921867     
      6      7      6      7  -5.80708750000000     
      2      8      6      7   1.00998585819307     
      5      8      6      7 -0.242119052263033     
      6     10      6      7   2.48537671921867     
      2     11      6      7   1.01604265435500     
      5     11      6      7  -3.11457574735308     
      1     12      6      7  -5.34588750000000     
      4     12      6      7   2.90922671921867     
      2      7      1      8  -3.03760000000000     
      5      7      1      8  0.583115607105487     
      1      8      1      8  -4.26630000000000     
      4      8      1      8 -0.583115607105487     
      6      9      1      8   3.69935953746500     
      2     10      1      8 -0.583115607105487     
      5     10      1      8  -2.01550992897854     
      1     11      1      8  0.583115607105487     
      4     11      1      8  0.331660320492084     
      3     12      1      8   1.35218928799438     
      6      7      2      8   1.00998585819307     
      2      8      2      8  -7.30390000000000     
      5      8      2      8 -0.583115607105487     
      6     10      2      8   2.91651307420351     
      2     11      2      8 -0.583115607105487     
      5     11      2      8  -3.36769921697292     
      1     12      2      8   1.00998585819307     
      4     12      2      8   2.91651307420351     
      1      7      3      8  -1.00998585819307     
      4      7      3      8 -0.242119052263033     
      3      8      3      8  -5.80708750000000     
      2      9      3      8  -5.34588750000000     
      5      9      3      8  -2.90922671921867     
      1     10      3      8   1.01604265435500     
      4     10      3      8   3.11457574735308     
      3     11      3      8  -2.48537671921867     
      2      7      4      8 -0.583115607105487     
      5      7      4      8 -0.279574999999998     
      1      8      4      8 -0.583115607105487     
      4      8      4      8  -5.94687500000000     
      6      9      4      8  -2.90922671921867     
      2     10      4      8  -4.75927500000000     
      5     10      4      8  0.687175573072891     
      1     11      4      8   1.17322500000000     
      4     11      4      8   1.11102557307289     
      3     12      4      8  -2.48537671921867     
      6      7      5      8 -0.242119052263033     
      2      8      5      8 -0.583115607105487     
      5      8      5      8  -6.08666250000000     
      6     10      5      8  -1.92435274107058     
      2     11      5      8  -4.17266250000000     
      5     11      5      8   1.79820114614578     
      1     12      5      8   1.01604265435500     
      4     12      5      8  -1.19022300628251     
      6      8      6      8  -6.22645000000000     
      6     11      6      8 -0.423850000000000     
      2     12      6      8  -3.58605000000000     
      5     12      6      8  0.423850000000000     
      7      8      7      8  -1.22870000000000     
      8     10      7      8  0.000000000000000E+000
      7     11      7      8  0.000000000000000E+000
     10     11      7      8   2.34717024947063     
      9     12      7      8  -2.34717024947063     
      3      7      1      9  -3.58605000000000     
      1      9      1      9  -6.22645000000000     
      4      9      1      9  0.423850000000000     
      3     10      1      9 -0.423850000000000     
      1      7      2      9  -1.00998585819307     
      4      7      2      9   1.01604265435500     
      3      8      2      9  -5.34588750000000     
      2      9      2      9  -5.80708750000000     
      5      9      2      9  -2.48537671921867     
      1     10      2      9 -0.242119052263033     
      4     10      2      9   3.11457574735308     
      3     11      2      9  -2.90922671921867     
      3      9      3      9  -9.81250000000000     
      3      7      4      9 -0.423850000000000     
      1      9      4      9  0.423850000000000     
      4      9      4      9  -5.92670000000000     
      3     10      4      9  -3.88579999999999     
      1      7      5      9   2.91651307420351     
      4      7      5      9   1.19022300628251     
      3      8      5      9  -2.90922671921867     
      2      9      5      9  -2.48537671921867     
      5      9      5      9  -4.68968000000000     
      1     10      5      9   1.92435274107058     
      4     10      5      9  -1.42838765998590     
      3     11      5      9  -2.64878000000000     
      2      7      6      9   1.35218928799438     
      5      7      6      9   2.48537671921867     
      1      8      6      9   3.69935953746500     
      4      8      6      9  -2.90922671921867     
      6      9      6      9  -4.45489500000000     
      2     10      6      9  -2.48537671921867     
      5     10      6      9 -0.234784999999998     
      1     11      6      9   2.90922671921867     
      4     11      6      9  -1.00223500000000     
      3     12      6      9  -1.64654500000000     
      7      9      7      9  -2.64040000000000     
      9     10      7      9 -0.847700000000000     
      8      9      8      9 -0.461200000000000     
      7     10      8      9  -1.25816170661803     
      9     11      8      9 -0.423850000000000     
      1      7      1     10  0.583115607105487     
      4      7      1     10  -4.17266250000000     
      3      8      1     10   1.01604265435500     
      2      9      1     10 -0.242119052263033     
      5      9      1     10   1.92435274107058     
      1     10      1     10  -6.08666250000000     
      4     10      1     10  -1.79820114614578     
      3     11      1     10   1.19022300628251     
      2      7      2     10 -0.583115607105487     
      5      7      2     10   1.17322500000000     
      1      8      2     10 -0.583115607105487     
      4      8      2     10  -4.75927500000000     
      6      9      2     10  -2.48537671921867     
      2     10      2     10  -5.94687500000000     
      5     10      2     10   1.11102557307289     
      1     11      2     10 -0.279574999999998     
      4     11      2     10  0.687175573072891     
      3     12      2     10  -2.90922671921867     
      3      7      3     10  0.423850000000000     
      1      9      3     10 -0.423850000000000     
      4      9      3     10  -3.88579999999999     
      3     10      3     10  -5.92669999999999     
      1      7      4     10  -3.36769921697292     
      4      7      4     10  -1.79820114614578     
      3      8      4     10   3.11457574735308     
      2      9      4     10   3.11457574735308     
      5      9      4     10  -1.42838765998590     
      1     10      4     10  -1.79820114614578     
      4     10      4     10  -8.16314000000000     
      3     11      4     10  -1.42838765998590     
      2      7      5     10  0.331660320492084     
      5      7      5     10  -1.11102557307289     
      1      8      5     10  -2.01550992897854     
      4      8      5     10  0.687175573072891     
      6      9      5     10 -0.234784999999998     
      2     10      5     10   1.11102557307289     
      5     10      5     10  -6.10425500000000     
      1     11      5     10 -0.687175573072891     
      4     11      5     10  -3.29590500000000     
      3     12      5     10  -1.00223500000000     
      6      7      6     10   2.48537671921867     
      2      8      6     10   2.91651307420351     
      5      8      6     10  -1.92435274107058     
      6     10      6     10  -4.68968000000000     
      2     11      6     10  -1.19022300628251     
      5     11      6     10  -1.42838765998590     
      1     12      6     10   2.90922671921867     
      4     12      6     10  -2.64878000000000     
      8      9      7     10  -1.25816170661803     
      7     10      7     10  -1.91400000000000     
      9     11      7     10 -0.734129734788069     
      7      8      8     10  0.000000000000000E+000
      8     10      8     10  -1.18760000000000     
      7     11      8     10  -1.45280000000000     
     10     11      8     10 -0.423850000000000     
      9     12      8     10 -0.423850000000000     
      7      9      9     10 -0.847700000000000     
      9     10      9     10  -2.04090000000000     
      2      7      1     11  0.583115607105487     
      5      7      1     11  -4.75927500000000     
      1      8      1     11  0.583115607105487     
      4      8      1     11   1.17322500000000     
      6      9      1     11   2.90922671921867     
      2     10      1     11 -0.279574999999998     
      5     10      1     11 -0.687175573072891     
      1     11      1     11  -5.94687500000000     
      4     11      1     11  -1.11102557307289     
      3     12      1     11   2.48537671921867     
      6      7      2     11   1.01604265435500     
      2      8      2     11 -0.583115607105487     
      5      8      2     11  -4.17266250000000     
      6     10      2     11  -1.19022300628251     
      2     11      2     11  -6.08666250000000     
      5     11      2     11   1.79820114614578     
      1     12      2     11 -0.242119052263033     
      4     12      2     11  -1.92435274107058     
      1      7      3     11   2.91651307420351     
      4      7      3     11   1.92435274107058     
      3      8      3     11  -2.48537671921867     
      2      9      3     11  -2.90922671921867     
      5      9      3     11  -2.64878000000000     
      1     10      3     11   1.19022300628251     
      4     10      3     11  -1.42838765998590     
      3     11      3     11  -4.68968000000000     
      2      7      4     11  -2.01550992897854     
      5      7      4     11 -0.687175573072891     
      1      8      4     11  0.331660320492084     
      4      8      4     11   1.11102557307289     
      6      9      4     11  -1.00223500000000     
      2     10      4     11  0.687175573072891     
      5     10      4     11  -3.29590500000000     
      1     11      4     11  -1.11102557307289     
      4     11      4     11  -6.10425500000000     
      3     12      4     11 -0.234784999999998     
      6      7      5     11  -3.11457574735308     
      2      8      5     11  -3.36769921697292     
      5      8      5     11   1.79820114614578     
      6     10      5     11  -1.42838765998590     
      2     11      5     11   1.79820114614578     
      5     11      5     11  -8.16314000000000     
      1     12      5     11  -3.11457574735308     
      4     12      5     11  -1.42838765998590     
      6      8      6     11 -0.423850000000000     
      6     11      6     11  -5.92670000000000     
      2     12      6     11  0.423850000000000     
      5     12      6     11  -3.88579999999999     
      7      8      7     11  0.000000000000000E+000
      8     10      7     11  -1.45280000000000     
      7     11      7     11  -1.18760000000000     
     10     11      7     11 -0.423850000000000     
      9     12      7     11 -0.423850000000000     
      8     11      8     11  -1.91400000000000     
      7     12      8     11  -1.25816170661803     
     10     12      8     11 -0.734129734788069     
      8      9      9     11 -0.423850000000000     
      7     10      9     11 -0.734129734788069     
      9     11      9     11  -2.04090000000000     
      7      8     10     11   2.34717024947063     
      8     10     10     11 -0.423850000000000     
      7     11     10     11 -0.423850000000000     
     10     11     10     11  -2.80835000000000     
      9     12     10     11  0.767450000000000     
      6      7      1     12  -5.34588750000000     
      2      8      1     12   1.00998585819307     
      5      8      1     12   1.01604265435500     
      6     10      1     12   2.90922671921867     
      2     11      1     12 -0.242119052263033     
      5     11      1     12  -3.11457574735308     
      1     12      1     12  -5.80708750000000     
      4     12      1     12   2.48537671921867     
      6      8      2     12  -3.58605000000000     
      6     11      2     12  0.423850000000000     
      2     12      2     12  -6.22645000000000     
      5     12      2     12 -0.423850000000000     
      2      7      3     12   3.69935953746500     
      5      7      3     12   2.90922671921867     
      1      8      3     12   1.35218928799438     
      4      8      3     12  -2.48537671921867     
      6      9      3     12  -1.64654500000000     
      2     10      3     12  -2.90922671921867     
      5     10      3     12  -1.00223500000000     
      1     11      3     12   2.48537671921867     
      4     11      3     12 -0.234784999999998     
      3     12      3     12  -4.45489500000000     
      6      7      4     12   2.90922671921867     
      2      8      4     12   2.91651307420351     
      5      8      4     12  -1.19022300628251     
      6     10      4     12  -2.64878000000000     
      2     11      4     12  -1.92435274107058     
      5     11      4     12  -1.42838765998590     
      1     12      4     12   2.48537671921867     
      4     12      4     12  -4.68968000000000     
      6      8      5     12  0.423850000000000     
      6     11      5     12  -3.88579999999999     
      2     12      5     12 -0.423850000000000     
      5     12      5     12  -5.92669999999999     
      6     12      6     12  -9.81250000000000     
      8     11      7     12  -1.25816170661803     
      7     12      7     12 -0.461200000000000     
     10     12      7     12 -0.423850000000000     
      8     12      8     12  -2.64040000000000     
     11     12      8     12 -0.847700000000000     
      7      8      9     12  -2.34717024947063     
      8     10      9     12 -0.423850000000000     
      7     11      9     12 -0.423850000000000     
     10     11      9     12  0.767450000000000     
      9     12      9     12  -2.80835000000000     
      8     11     10     12 -0.734129734788069     
      7     12     10     12 -0.423850000000000     
     10     12     10     12  -2.04090000000000     
      8     12     11     12 -0.847700000000000     
     11     12     11     12  -2.04090000000000     
