      1      1      1      1           2           0   5.26127753307122     
      1      1      1      1           0           0  -11.5702000000000     
      1      1      1      2           2           0  -2.01997171638615     
      1      1      2      1           2           0  -2.01997171638615     
      1      1      2      2           4           0  -8.27201939898392     
      1      1      2      2           2           0   5.25857362246015     
      1      2      1      1           2           0   2.01997171638615     
      1      2      1      2           2           0  0.765647670072535     
      1      2      1      2           0           0  -17.0179919358252     
      1      2      2      1           4           0   11.9537678500664     
      1      2      2      1           2           0  -5.19517814412737     
      1      2      2      2           4           0   9.19978266255015     
      1      2      2      2           2           0   3.76381562338562     
      2      1      1      1           2           0   2.01997171638615     
      2      1      1      2           4           0   11.9537678500664     
      2      1      1      2           2           0  -5.19517814412737     
      2      1      2      1           2           0  0.765647670072535     
      2      1      2      1           0           0  -17.0179919358252     
      2      1      2      2           4           0   9.19978266255015     
      2      1      2      2           2           0   3.76381562338562     
      2      2      1      1           4           0  -8.27201939898392     
      2      2      1      1           2           0   5.25857362246015     
      2      2      1      2           4           0  -9.19978266255015     
      2      2      1      2           2           0  -3.76381562338562     
      2      2      2      1           4           0  -9.19978266255015     
      2      2      2      1           2           0  -3.76381562338562     
      2      2      2      2           6           0   4.35634859247685     
      2      2      2      2           4           0  -8.16391772687139     
      2      2      2      2           2           0   9.99383789687800     
      2      2      2      2           0           0  -24.8837750000000     
      1      1      1      1           2           0   5.26127753307122     
      1      1      1      1           0           0  -11.5702000000000     
      1      1      1      2           2           0  -2.01997171638615     
      1      1      2      1           2           0  -2.01997171638615     
      1      1      2      2           4           0  -8.27201939898392     
      1      1      2      2           2           0   5.25857362246015     
      1      2      1      1           2           0   2.01997171638615     
      1      2      1      2           2           0  0.765647670072535     
      1      2      1      2           0           0  -17.0179919358252     
      1      2      2      1           4           0   11.9537678500664     
      1      2      2      1           2           0  -5.19517814412737     
      1      2      2      2           4           0   9.19978266255015     
      1      2      2      2           2           0   3.76381562338562     
      2      1      1      1           2           0   2.01997171638615     
      2      1      1      2           4           0   11.9537678500664     
      2      1      1      2           2           0  -5.19517814412737     
      2      1      2      1           2           0  0.765647670072535     
      2      1      2      1           0           0  -17.0179919358252     
      2      1      2      2           4           0   9.19978266255015     
      2      1      2      2           2           0   3.76381562338562     
      2      2      1      1           4           0  -8.27201939898392     
      2      2      1      1           2           0   5.25857362246015     
      2      2      1      2           4           0  -9.19978266255015     
      2      2      1      2           2           0  -3.76381562338562     
      2      2      2      1           4           0  -9.19978266255015     
      2      2      2      1           2           0  -3.76381562338562     
      2      2      2      2           6           0   4.35634859247685     
      2      2      2      2           4           0  -8.16391772687139     
      2      2      2      2           2           0   9.99383789687800     
      2      2      2      2           0           0  -24.8837750000000     
          60           6
   1   1   3   3   0   0   0   0-11.5702   1   1
   1   1   3   3   2   0   0   0  5.2613   1   1
   1   1   3   4   2   0   0   0 -2.0200   1   1
   1   1   4   3   2   0   0   0  2.0200   1   1
   1   1   4   4   0   0   0   0-17.0180   1   1
   1   1   4   4   2   0   0   0  0.7656   1   1
   1   2   3   3   2   0   0   0 -2.0200   1   1
   1   2   3   4   2   0   0   0  5.2586   1   1
   1   2   3   4   4   0   0   0 -8.2720   1   1
   1   2   4   3   2   0   0   0 -5.1952   1   1
   1   2   4   3   4   0   0   0 11.9538   1   1
   1   2   4   4   2   0   0   0  3.7638   1   1
   1   2   4   4   4   0   0   0  9.1998   1   1
   2   1   3   3   2   0   0   0  2.0200   1   1
   2   1   3   4   2   0   0   0 -5.1952   1   1
   2   1   3   4   4   0   0   0 11.9538   1   1
   2   1   4   3   2   0   0   0  5.2586   1   1
   2   1   4   3   4   0   0   0 -8.2720   1   1
   2   1   4   4   2   0   0   0 -3.7638   1   1
   2   1   4   4   4   0   0   0 -9.1998   1   1
   2   2   3   3   0   0   0   0-17.0180   1   1
   2   2   3   3   2   0   0   0  0.7656   1   1
   2   2   3   4   2   0   0   0  3.7638   1   1
   2   2   3   4   4   0   0   0  9.1998   1   1
   2   2   4   3   2   0   0   0 -3.7638   1   1
   2   2   4   3   4   0   0   0 -9.1998   1   1
   2   2   4   4   0   0   0   0-24.8838   1   1
   2   2   4   4   2   0   0   0  9.9938   1   1
   2   2   4   4   4   0   0   0 -8.1639   1   1
   2   2   4   4   6   0   0   0  4.3563   1   1
   3   3   1   1   0   0   0   0-11.5702   1   1
   3   3   1   1   2   0   0   0  5.2613   1   1
   3   3   1   2   2   0   0   0 -2.0200   1   1
   3   3   2   1   2   0   0   0  2.0200   1   1
   3   3   2   2   0   0   0   0-17.0180   1   1
   3   3   2   2   2   0   0   0  0.7656   1   1
   3   4   1   1   2   0   0   0 -2.0200   1   1
   3   4   1   2   2   0   0   0  5.2586   1   1
   3   4   1   2   4   0   0   0 -8.2720   1   1
   3   4   2   1   2   0   0   0 -5.1952   1   1
   3   4   2   1   4   0   0   0 11.9538   1   1
   3   4   2   2   2   0   0   0  3.7638   1   1
   3   4   2   2   4   0   0   0  9.1998   1   1
   4   3   1   1   2   0   0   0  2.0200   1   1
   4   3   1   2   2   0   0   0 -5.1952   1   1
   4   3   1   2   4   0   0   0 11.9538   1   1
   4   3   2   1   2   0   0   0  5.2586   1   1
   4   3   2   1   4   0   0   0 -8.2720   1   1
   4   3   2   2   2   0   0   0 -3.7638   1   1
   4   3   2   2   4   0   0   0 -9.1998   1   1
   4   4   1   1   0   0   0   0-17.0180   1   1
   4   4   1   1   2   0   0   0  0.7656   1   1
   4   4   1   2   2   0   0   0  3.7638   1   1
   4   4   1   2   4   0   0   0  9.1998   1   1
   4   4   2   1   2   0   0   0 -3.7638   1   1
   4   4   2   1   4   0   0   0 -9.1998   1   1
   4   4   2   2   0   0   0   0-24.8838   1   1
   4   4   2   2   2   0   0   0  9.9938   1   1
   4   4   2   2   4   0   0   0 -8.1639   1   1
   4   4   2   2   6   0   0   0  4.3563   1   1
