      1      2      1      2  -1.26540000000000     
      2      4      1      2  0.000000000000000E+000
      1      5      1      2  0.000000000000000E+000
      4      5      1      2   2.11255221947293     
      3      6      1      2  -2.11255221947293     
      1      3      1      3  -2.37180000000000     
      3      4      1      3 -0.795900000000000     
      2      3      2      3 -0.480900000000000     
      1      4      2      3  -1.09171162401066     
      3      5      2      3 -0.397950000000000     
      2      3      1      4  -1.09171162401066     
      1      4      1      4  -1.74150000000000     
      3      5      1      4 -0.689269618872035     
      1      2      2      4  0.000000000000000E+000
      2      4      2      4  -1.11120000000000     
      1      5      2      4  -1.26060000000000     
      4      5      2      4 -0.397950000000000     
      3      6      2      4 -0.397950000000000     
      1      3      3      4 -0.795900000000000     
      3      4      3      4  -1.80900000000000     
      1      2      1      5  0.000000000000000E+000
      2      4      1      5  -1.26060000000000     
      1      5      1      5  -1.11120000000000     
      4      5      1      5 -0.397950000000000     
      3      6      1      5 -0.397950000000000     
      2      5      2      5  -1.74150000000000     
      1      6      2      5  -1.09171162401066     
      4      6      2      5 -0.689269618872035     
      2      3      3      5 -0.397950000000000     
      1      4      3      5 -0.689269618872035     
      3      5      3      5  -1.80900000000000     
      1      2      4      5   2.11255221947293     
      2      4      4      5 -0.397950000000000     
      1      5      4      5 -0.397950000000000     
      4      5      4      5  -2.59345000000000     
      3      6      4      5  0.784450000000000     
      2      5      1      6  -1.09171162401066     
      1      6      1      6 -0.480900000000000     
      4      6      1      6 -0.397950000000000     
      2      6      2      6  -2.37180000000000     
      5      6      2      6 -0.795900000000000     
      1      2      3      6  -2.11255221947293     
      2      4      3      6 -0.397950000000000     
      1      5      3      6 -0.397950000000000     
      4      5      3      6  0.784450000000000     
      3      6      3      6  -2.59345000000000     
      2      5      4      6 -0.689269618872035     
      1      6      4      6 -0.397950000000000     
      4      6      4      6  -1.80900000000000     
      2      6      5      6 -0.795900000000000     
      5      6      5      6  -1.80900000000000     
      1      7      1      7  -7.60680000000000     
      4      7      1      7  0.540229580826523     
      3      8      1      7 -0.935705081743174     
      2      9      1      7 -0.935705081743174     
      5      9      1      7   3.13039873290928     
      1     10      1      7  0.540229580826523     
      4     10      1      7  -3.61467310223207     
      3     11      1      7   3.13039873290928     
      2      7      2      7  -4.43610000000000     
      5      7      2      7  0.540229580826523     
      1      8      2      7  -3.17070000000000     
      4      8      2      7 -0.540229580826523     
      6      9      2      7   1.65472871693759     
      2     10      2      7 -0.540229580826523     
      5     10      2      7  0.152607834178448     
      1     11      2      7  0.540229580826523     
      4     11      2      7  -1.95994438529448     
      3     12      2      7   3.76728093641052     
      3      7      3      7  -6.27500000000000     
      1      9      3      7  -3.90320000000000     
      4      9      3      7 -0.397950000000000     
      3     10      3      7  0.397950000000000     
      1      7      4      7  0.540229580826523     
      4      7      4      7  -6.29051250000000     
      3      8      4      7  2.686843815241335E-002
      2      9      4      7   1.11858006216308     
      5      9      4      7   1.40103497420005     
      1     10      4      7  -4.54901250000000     
      4     10      4      7  -2.01572583899696     
      3     11      4      7   2.09030459307209     
      2      7      5      7  0.540229580826523     
      5      7      5      7  -6.30602500000000     
      1      8      5      7  0.540229580826523     
      4      8      5      7  3.102500000000175E-002
      6      9      5      7   2.82461375849544     
      2     10      5      7   1.29162500000000     
      5     10      5      7  -1.20683791949848     
      1     11      5      7  -5.19482500000000     
      4     11      5      7 -0.808887919498481     
      3     12      5      7   3.22256375849544     
      6      7      6      7  -6.32153750000000     
      2      8      6      7  0.935705081743174     
      5      8      6      7  2.686843815241335E-002
      6     10      6      7   2.82461375849544     
      2     11      6      7   1.11858006216308     
      5     11      6      7  -3.49133956727214     
      1     12      6      7  -5.84063750000000     
      4     12      6      7   3.22256375849544     
      2      7      1      8  -3.17070000000000     
      5      7      1      8  0.540229580826523     
      1      8      1      8  -4.43610000000000     
      4      8      1      8 -0.540229580826523     
      6      9      1      8   3.76728093641052     
      2     10      1      8 -0.540229580826523     
      5     10      1      8  -1.95994438529448     
      1     11      1      8  0.540229580826523     
      4     11      1      8  0.152607834178448     
      3     12      1      8   1.65472871693759     
      6      7      2      8  0.935705081743174     
      2      8      2      8  -7.60680000000000     
      5      8      2      8 -0.540229580826523     
      6     10      2      8   3.13039873290928     
      2     11      2      8 -0.540229580826523     
      5     11      2      8  -3.61467310223207     
      1     12      2      8  0.935705081743174     
      4     12      2      8   3.13039873290928     
      1      7      3      8 -0.935705081743174     
      4      7      3      8  2.686843815241335E-002
      3      8      3      8  -6.32153750000000     
      2      9      3      8  -5.84063750000000     
      5      9      3      8  -3.22256375849544     
      1     10      3      8   1.11858006216308     
      4     10      3      8   3.49133956727214     
      3     11      3      8  -2.82461375849544     
      2      7      4      8 -0.540229580826523     
      5      7      4      8  3.102500000000175E-002
      1      8      4      8 -0.540229580826523     
      4      8      4      8  -6.30602500000000     
      6      9      4      8  -3.22256375849544     
      2     10      4      8  -5.19482500000000     
      5     10      4      8  0.808887919498481     
      1     11      4      8   1.29162500000000     
      4     11      4      8   1.20683791949848     
      3     12      4      8  -2.82461375849544     
      6      7      5      8  2.686843815241335E-002
      2      8      5      8 -0.540229580826523     
      5      8      5      8  -6.29051250000000     
      6     10      5      8  -2.09030459307209     
      2     11      5      8  -4.54901250000000     
      5     11      5      8   2.01572583899696     
      1     12      5      8   1.11858006216308     
      4     12      5      8  -1.40103497420005     
      6      8      6      8  -6.27500000000000     
      6     11      6      8 -0.397950000000000     
      2     12      6      8  -3.90320000000000     
      5     12      6      8  0.397950000000000     
      7      8      7      8  -1.26540000000000     
      8     10      7      8  0.000000000000000E+000
      7     11      7      8  0.000000000000000E+000
     10     11      7      8   2.11255221947293     
      9     12      7      8  -2.11255221947293     
      3      7      1      9  -3.90320000000000     
      1      9      1      9  -6.27500000000000     
      4      9      1      9  0.397950000000000     
      3     10      1      9 -0.397950000000000     
      1      7      2      9 -0.935705081743174     
      4      7      2      9   1.11858006216308     
      3      8      2      9  -5.84063750000000     
      2      9      2      9  -6.32153750000000     
      5      9      2      9  -2.82461375849544     
      1     10      2      9  2.686843815241335E-002
      4     10      2      9   3.49133956727214     
      3     11      2      9  -3.22256375849544     
      3      9      3      9  -10.1782000000000     
      3      7      4      9 -0.397950000000000     
      1      9      4      9  0.397950000000000     
      4      9      4      9  -5.99360000000000     
      3     10      4      9  -4.18460000000000     
      1      7      5      9   3.13039873290928     
      4      7      5      9   1.40103497420005     
      3      8      5      9  -3.22256375849544     
      2      9      5      9  -2.82461375849544     
      5      9      5      9  -4.84757000000000     
      1     10      5      9   2.09030459307209     
      4     10      5      9  -1.32332145799877     
      3     11      5      9  -3.03857000000000     
      2      7      6      9   1.65472871693759     
      5      7      6      9   2.82461375849544     
      1      8      6      9   3.76728093641052     
      4      8      6      9  -3.22256375849544     
      6      9      6      9  -4.66678000000000     
      2     10      6      9  -2.82461375849544     
      5     10      6      9 -0.180789999999998     
      1     11      6      9   3.22256375849544     
      4     11      6      9 -0.965239999999998     
      3     12      6      9  -2.07333000000000     
      7      9      7      9  -2.37180000000000     
      9     10      7      9 -0.795900000000000     
      8      9      8      9 -0.480900000000000     
      7     10      8      9  -1.09171162401066     
      9     11      8      9 -0.397950000000000     
      1      7      1     10  0.540229580826523     
      4      7      1     10  -4.54901250000000     
      3      8      1     10   1.11858006216308     
      2      9      1     10  2.686843815241335E-002
      5      9      1     10   2.09030459307209     
      1     10      1     10  -6.29051250000000     
      4     10      1     10  -2.01572583899696     
      3     11      1     10   1.40103497420005     
      2      7      2     10 -0.540229580826523     
      5      7      2     10   1.29162500000000     
      1      8      2     10 -0.540229580826523     
      4      8      2     10  -5.19482500000000     
      6      9      2     10  -2.82461375849544     
      2     10      2     10  -6.30602500000000     
      5     10      2     10   1.20683791949848     
      1     11      2     10  3.102500000000175E-002
      4     11      2     10  0.808887919498481     
      3     12      2     10  -3.22256375849544     
      3      7      3     10  0.397950000000000     
      1      9      3     10 -0.397950000000000     
      4      9      3     10  -4.18460000000000     
      3     10      3     10  -5.99359999999999     
      1      7      4     10  -3.61467310223207     
      4      7      4     10  -2.01572583899696     
      3      8      4     10   3.49133956727214     
      2      9      4     10   3.49133956727214     
      5      9      4     10  -1.32332145799877     
      1     10      4     10  -2.01572583899696     
      4     10      4     10  -8.65016000000000     
      3     11      4     10  -1.32332145799877     
      2      7      5     10  0.152607834178448     
      5      7      5     10  -1.20683791949848     
      1      8      5     10  -1.95994438529448     
      4      8      5     10  0.808887919498481     
      6      9      5     10 -0.180789999999998     
      2     10      5     10   1.20683791949848     
      5     10      5     10  -6.19482000000000     
      1     11      5     10 -0.808887919498481     
      4     11      5     10  -3.60137000000000     
      3     12      5     10 -0.965239999999998     
      6      7      6     10   2.82461375849544     
      2      8      6     10   3.13039873290928     
      5      8      6     10  -2.09030459307209     
      6     10      6     10  -4.84757000000000     
      2     11      6     10  -1.40103497420005     
      5     11      6     10  -1.32332145799877     
      1     12      6     10   3.22256375849544     
      4     12      6     10  -3.03857000000000     
      8      9      7     10  -1.09171162401066     
      7     10      7     10  -1.74150000000000     
      9     11      7     10 -0.689269618872035     
      7      8      8     10  0.000000000000000E+000
      8     10      8     10  -1.11120000000000     
      7     11      8     10  -1.26060000000000     
     10     11      8     10 -0.397950000000000     
      9     12      8     10 -0.397950000000000     
      7      9      9     10 -0.795900000000000     
      9     10      9     10  -1.80900000000000     
      2      7      1     11  0.540229580826523     
      5      7      1     11  -5.19482500000000     
      1      8      1     11  0.540229580826523     
      4      8      1     11   1.29162500000000     
      6      9      1     11   3.22256375849544     
      2     10      1     11  3.102500000000175E-002
      5     10      1     11 -0.808887919498481     
      1     11      1     11  -6.30602500000000     
      4     11      1     11  -1.20683791949848     
      3     12      1     11   2.82461375849544     
      6      7      2     11   1.11858006216308     
      2      8      2     11 -0.540229580826523     
      5      8      2     11  -4.54901250000000     
      6     10      2     11  -1.40103497420005     
      2     11      2     11  -6.29051250000000     
      5     11      2     11   2.01572583899696     
      1     12      2     11  2.686843815241335E-002
      4     12      2     11  -2.09030459307209     
      1      7      3     11   3.13039873290928     
      4      7      3     11   2.09030459307209     
      3      8      3     11  -2.82461375849544     
      2      9      3     11  -3.22256375849544     
      5      9      3     11  -3.03857000000000     
      1     10      3     11   1.40103497420005     
      4     10      3     11  -1.32332145799877     
      3     11      3     11  -4.84757000000000     
      2      7      4     11  -1.95994438529448     
      5      7      4     11 -0.808887919498481     
      1      8      4     11  0.152607834178448     
      4      8      4     11   1.20683791949848     
      6      9      4     11 -0.965239999999998     
      2     10      4     11  0.808887919498481     
      5     10      4     11  -3.60137000000000     
      1     11      4     11  -1.20683791949848     
      4     11      4     11  -6.19482000000000     
      3     12      4     11 -0.180789999999998     
      6      7      5     11  -3.49133956727214     
      2      8      5     11  -3.61467310223207     
      5      8      5     11   2.01572583899696     
      6     10      5     11  -1.32332145799877     
      2     11      5     11   2.01572583899696     
      5     11      5     11  -8.65016000000000     
      1     12      5     11  -3.49133956727214     
      4     12      5     11  -1.32332145799877     
      6      8      6     11 -0.397950000000000     
      6     11      6     11  -5.99360000000000     
      2     12      6     11  0.397950000000000     
      5     12      6     11  -4.18460000000000     
      7      8      7     11  0.000000000000000E+000
      8     10      7     11  -1.26060000000000     
      7     11      7     11  -1.11120000000000     
     10     11      7     11 -0.397950000000000     
      9     12      7     11 -0.397950000000000     
      8     11      8     11  -1.74150000000000     
      7     12      8     11  -1.09171162401066     
     10     12      8     11 -0.689269618872035     
      8      9      9     11 -0.397950000000000     
      7     10      9     11 -0.689269618872035     
      9     11      9     11  -1.80900000000000     
      7      8     10     11   2.11255221947293     
      8     10     10     11 -0.397950000000000     
      7     11     10     11 -0.397950000000000     
     10     11     10     11  -2.59345000000000     
      9     12     10     11  0.784450000000000     
      6      7      1     12  -5.84063750000000     
      2      8      1     12  0.935705081743174     
      5      8      1     12   1.11858006216308     
      6     10      1     12   3.22256375849544     
      2     11      1     12  2.686843815241335E-002
      5     11      1     12  -3.49133956727214     
      1     12      1     12  -6.32153750000000     
      4     12      1     12   2.82461375849544     
      6      8      2     12  -3.90320000000000     
      6     11      2     12  0.397950000000000     
      2     12      2     12  -6.27500000000000     
      5     12      2     12 -0.397950000000000     
      2      7      3     12   3.76728093641052     
      5      7      3     12   3.22256375849544     
      1      8      3     12   1.65472871693759     
      4      8      3     12  -2.82461375849544     
      6      9      3     12  -2.07333000000000     
      2     10      3     12  -3.22256375849544     
      5     10      3     12 -0.965239999999998     
      1     11      3     12   2.82461375849544     
      4     11      3     12 -0.180789999999998     
      3     12      3     12  -4.66678000000000     
      6      7      4     12   3.22256375849544     
      2      8      4     12   3.13039873290928     
      5      8      4     12  -1.40103497420005     
      6     10      4     12  -3.03857000000000     
      2     11      4     12  -2.09030459307209     
      5     11      4     12  -1.32332145799877     
      1     12      4     12   2.82461375849544     
      4     12      4     12  -4.84757000000000     
      6      8      5     12  0.397950000000000     
      6     11      5     12  -4.18460000000000     
      2     12      5     12 -0.397950000000000     
      5     12      5     12  -5.99359999999999     
      6     12      6     12  -10.1782000000000     
      8     11      7     12  -1.09171162401066     
      7     12      7     12 -0.480900000000000     
     10     12      7     12 -0.397950000000000     
      8     12      8     12  -2.37180000000000     
     11     12      8     12 -0.795900000000000     
      7      8      9     12  -2.11255221947293     
      8     10      9     12 -0.397950000000000     
      7     11      9     12 -0.397950000000000     
     10     11      9     12  0.784450000000000     
      9     12      9     12  -2.59345000000000     
      8     11     10     12 -0.689269618872035     
      7     12     10     12 -0.397950000000000     
     10     12     10     12  -1.80900000000000     
      8     12     11     12 -0.795900000000000     
     11     12     11     12  -1.80900000000000     
