      1      1      1      1           2           0   5.49181349555864     
      1      1      1      1           0           0  -12.0429000000000     
      1      1      1      2           2           0  -1.87141016348635     
      1      1      2      1           2           0  -1.87141016348635     
      1      1      2      2           4           0  -8.42389626415298     
      1      1      2      2           2           0   5.99647294338843     
      1      2      1      1           2           0   1.87141016348635     
      1      2      1      2           2           0 -8.496546173298580E-002
      1      2      1      2           0           0  -17.8141941714413     
      1      2      2      1           4           0   13.0600624819344     
      1      2      2      1           2           0  -5.64196064993977     
      1      2      2      2           4           0   10.1906413819584     
      1      2      2      2           2           0   4.43046160002740     
      2      1      1      1           2           0   1.87141016348635     
      2      1      1      2           4           0   13.0600624819344     
      2      1      1      2           2           0  -5.64196064993977     
      2      1      2      1           2           0 -8.496546173298580E-002
      2      1      2      1           0           0  -17.8141941714413     
      2      1      2      2           4           0   10.1906413819584     
      2      1      2      2           2           0   4.43046160002740     
      2      2      1      1           4           0  -8.42389626415298     
      2      2      1      1           2           0   5.99647294338843     
      2      2      1      2           4           0  -10.1906413819584     
      2      2      1      2           2           0  -4.43046160002740     
      2      2      2      1           4           0  -10.1906413819584     
      2      2      2      1           2           0  -4.43046160002740     
      2      2      2      2           6           0   5.48551556576955     
      2      2      2      2           4           0  -8.95279132899343     
      2      2      2      2           2           0   10.2077201908507     
      2      2      2      2           0           0  -25.6861500000000     
      1      1      1      1           2           0   5.49181349555864     
      1      1      1      1           0           0  -12.0429000000000     
      1      1      1      2           2           0  -1.87141016348635     
      1      1      2      1           2           0  -1.87141016348635     
      1      1      2      2           4           0  -8.42389626415298     
      1      1      2      2           2           0   5.99647294338843     
      1      2      1      1           2           0   1.87141016348635     
      1      2      1      2           2           0 -8.496546173298580E-002
      1      2      1      2           0           0  -17.8141941714413     
      1      2      2      1           4           0   13.0600624819344     
      1      2      2      1           2           0  -5.64196064993977     
      1      2      2      2           4           0   10.1906413819584     
      1      2      2      2           2           0   4.43046160002740     
      2      1      1      1           2           0   1.87141016348635     
      2      1      1      2           4           0   13.0600624819344     
      2      1      1      2           2           0  -5.64196064993977     
      2      1      2      1           2           0 -8.496546173298580E-002
      2      1      2      1           0           0  -17.8141941714413     
      2      1      2      2           4           0   10.1906413819584     
      2      1      2      2           2           0   4.43046160002740     
      2      2      1      1           4           0  -8.42389626415298     
      2      2      1      1           2           0   5.99647294338843     
      2      2      1      2           4           0  -10.1906413819584     
      2      2      1      2           2           0  -4.43046160002740     
      2      2      2      1           4           0  -10.1906413819584     
      2      2      2      1           2           0  -4.43046160002740     
      2      2      2      2           6           0   5.48551556576955     
      2      2      2      2           4           0  -8.95279132899343     
      2      2      2      2           2           0   10.2077201908507     
      2      2      2      2           0           0  -25.6861500000000     
          60           6
   1   1   3   3   0   0   0   0-12.0429   1   1
   1   1   3   3   2   0   0   0  5.4918   1   1
   1   1   3   4   2   0   0   0 -1.8714   1   1
   1   1   4   3   2   0   0   0  1.8714   1   1
   1   1   4   4   0   0   0   0-17.8142   1   1
   1   1   4   4   2   0   0   0 -0.0850   1   1
   1   2   3   3   2   0   0   0 -1.8714   1   1
   1   2   3   4   2   0   0   0  5.9965   1   1
   1   2   3   4   4   0   0   0 -8.4239   1   1
   1   2   4   3   2   0   0   0 -5.6420   1   1
   1   2   4   3   4   0   0   0 13.0601   1   1
   1   2   4   4   2   0   0   0  4.4305   1   1
   1   2   4   4   4   0   0   0 10.1906   1   1
   2   1   3   3   2   0   0   0  1.8714   1   1
   2   1   3   4   2   0   0   0 -5.6420   1   1
   2   1   3   4   4   0   0   0 13.0601   1   1
   2   1   4   3   2   0   0   0  5.9965   1   1
   2   1   4   3   4   0   0   0 -8.4239   1   1
   2   1   4   4   2   0   0   0 -4.4305   1   1
   2   1   4   4   4   0   0   0-10.1906   1   1
   2   2   3   3   0   0   0   0-17.8142   1   1
   2   2   3   3   2   0   0   0 -0.0850   1   1
   2   2   3   4   2   0   0   0  4.4305   1   1
   2   2   3   4   4   0   0   0 10.1906   1   1
   2   2   4   3   2   0   0   0 -4.4305   1   1
   2   2   4   3   4   0   0   0-10.1906   1   1
   2   2   4   4   0   0   0   0-25.6862   1   1
   2   2   4   4   2   0   0   0 10.2077   1   1
   2   2   4   4   4   0   0   0 -8.9528   1   1
   2   2   4   4   6   0   0   0  5.4855   1   1
   3   3   1   1   0   0   0   0-12.0429   1   1
   3   3   1   1   2   0   0   0  5.4918   1   1
   3   3   1   2   2   0   0   0 -1.8714   1   1
   3   3   2   1   2   0   0   0  1.8714   1   1
   3   3   2   2   0   0   0   0-17.8142   1   1
   3   3   2   2   2   0   0   0 -0.0850   1   1
   3   4   1   1   2   0   0   0 -1.8714   1   1
   3   4   1   2   2   0   0   0  5.9965   1   1
   3   4   1   2   4   0   0   0 -8.4239   1   1
   3   4   2   1   2   0   0   0 -5.6420   1   1
   3   4   2   1   4   0   0   0 13.0601   1   1
   3   4   2   2   2   0   0   0  4.4305   1   1
   3   4   2   2   4   0   0   0 10.1906   1   1
   4   3   1   1   2   0   0   0  1.8714   1   1
   4   3   1   2   2   0   0   0 -5.6420   1   1
   4   3   1   2   4   0   0   0 13.0601   1   1
   4   3   2   1   2   0   0   0  5.9965   1   1
   4   3   2   1   4   0   0   0 -8.4239   1   1
   4   3   2   2   2   0   0   0 -4.4305   1   1
   4   3   2   2   4   0   0   0-10.1906   1   1
   4   4   1   1   0   0   0   0-17.8142   1   1
   4   4   1   1   2   0   0   0 -0.0850   1   1
   4   4   1   2   2   0   0   0  4.4305   1   1
   4   4   1   2   4   0   0   0 10.1906   1   1
   4   4   2   1   2   0   0   0 -4.4305   1   1
   4   4   2   1   4   0   0   0-10.1906   1   1
   4   4   2   2   0   0   0   0-25.6862   1   1
   4   4   2   2   2   0   0   0 10.2077   1   1
   4   4   2   2   4   0   0   0 -8.9528   1   1
   4   4   2   2   6   0   0   0  5.4855   1   1
