 ! Total Interaction
  20
   1   1   1   1     1     0  -7.6068
   1   2   1   1     1     0  -1.5280
   2   2   1   1     1     0   5.7153
   1   1   1   2     1     0  -1.5280
   1   2   1   2     1     0 -12.8235
   2   2   1   2     1     0  -9.0146
   1   1   2   2     1     0   5.7153
   1   2   2   2     1     0  -9.0146
   2   2   2   2     1     0  -6.3581
   1   2   1   2     2     0 -10.1782
   2   2   2   2     3     0 -10.1782
   1   1   1   1     0     1  -1.2654
   2   2   1   1     0     1  -2.9876
   1   1   2   2     0     1  -2.9876
   2   2   2   2     0     1  -3.3779
   1   2   1   2     1     1   0.1494
   1   2   1   2     2     1  -2.3718
   2   2   1   2     2     1   0.7959
   1   2   2   2     2     1   0.7959
   2   2   2   2     2     1  -1.8090
