      1      1      1      1           2           0   5.75465220560722     
      1      1      1      1           0           0  -12.4603500000000     
      1      1      1      2           2           0 -0.371220170518791     
      1      1      2      1           2           0 -0.371220170518791     
      1      1      2      2           4           0  -6.74118908411375     
      1      1      2      2           2           0   2.84953699611457     
      1      2      1      1           2           0  0.371220170518791     
      1      2      1      2           2           0 -0.179516068222317     
      1      2      1      2           0           0  -17.2719670139579     
      1      2      2      1           4           0   13.1149859016318     
      1      2      2      1           2           0  -3.88949329347667     
      1      2      2      2           4           0   8.46699452181412     
      1      2      2      2           2           0   2.20878024089536     
      2      1      1      1           2           0  0.371220170518791     
      2      1      1      2           4           0   13.1149859016318     
      2      1      1      2           2           0  -3.88949329347667     
      2      1      2      1           2           0 -0.179516068222317     
      2      1      2      1           0           0  -17.2719670139579     
      2      1      2      2           4           0   8.46699452181412     
      2      1      2      2           2           0   2.20878024089536     
      2      2      1      1           4           0  -6.74118908411375     
      2      2      1      1           2           0   2.84953699611457     
      2      2      1      2           4           0  -8.46699452181412     
      2      2      1      2           2           0  -2.20878024089536     
      2      2      2      1           4           0  -8.46699452181412     
      2      2      2      1           2           0  -2.20878024089536     
      2      2      2      2           6           0   7.54160828213718     
      2      2      2      2           4           0  -9.01967212220045     
      2      2      2      2           2           0   6.24951644183771     
      2      2      2      2           0           0  -25.7331000000000     
      1      1      1      1           2           0   5.75465220560722     
      1      1      1      1           0           0  -12.4603500000000     
      1      1      1      2           2           0 -0.371220170518791     
      1      1      2      1           2           0 -0.371220170518791     
      1      1      2      2           4           0  -6.74118908411375     
      1      1      2      2           2           0   2.84953699611457     
      1      2      1      1           2           0  0.371220170518791     
      1      2      1      2           2           0 -0.179516068222317     
      1      2      1      2           0           0  -17.2719670139579     
      1      2      2      1           4           0   13.1149859016318     
      1      2      2      1           2           0  -3.88949329347667     
      1      2      2      2           4           0   8.46699452181412     
      1      2      2      2           2           0   2.20878024089536     
      2      1      1      1           2           0  0.371220170518791     
      2      1      1      2           4           0   13.1149859016318     
      2      1      1      2           2           0  -3.88949329347667     
      2      1      2      1           2           0 -0.179516068222317     
      2      1      2      1           0           0  -17.2719670139579     
      2      1      2      2           4           0   8.46699452181412     
      2      1      2      2           2           0   2.20878024089536     
      2      2      1      1           4           0  -6.74118908411375     
      2      2      1      1           2           0   2.84953699611457     
      2      2      1      2           4           0  -8.46699452181412     
      2      2      1      2           2           0  -2.20878024089536     
      2      2      2      1           4           0  -8.46699452181412     
      2      2      2      1           2           0  -2.20878024089536     
      2      2      2      2           6           0   7.54160828213718     
      2      2      2      2           4           0  -9.01967212220045     
      2      2      2      2           2           0   6.24951644183771     
      2      2      2      2           0           0  -25.7331000000000     
          60           6
   1   1   3   3   0   0   0   0-12.4604   1   1
   1   1   3   3   2   0   0   0  5.7547   1   1
   1   1   3   4   2   0   0   0 -0.3712   1   1
   1   1   4   3   2   0   0   0  0.3712   1   1
   1   1   4   4   0   0   0   0-17.2720   1   1
   1   1   4   4   2   0   0   0 -0.1795   1   1
   1   2   3   3   2   0   0   0 -0.3712   1   1
   1   2   3   4   2   0   0   0  2.8495   1   1
   1   2   3   4   4   0   0   0 -6.7412   1   1
   1   2   4   3   2   0   0   0 -3.8895   1   1
   1   2   4   3   4   0   0   0 13.1150   1   1
   1   2   4   4   2   0   0   0  2.2088   1   1
   1   2   4   4   4   0   0   0  8.4670   1   1
   2   1   3   3   2   0   0   0  0.3712   1   1
   2   1   3   4   2   0   0   0 -3.8895   1   1
   2   1   3   4   4   0   0   0 13.1150   1   1
   2   1   4   3   2   0   0   0  2.8495   1   1
   2   1   4   3   4   0   0   0 -6.7412   1   1
   2   1   4   4   2   0   0   0 -2.2088   1   1
   2   1   4   4   4   0   0   0 -8.4670   1   1
   2   2   3   3   0   0   0   0-17.2720   1   1
   2   2   3   3   2   0   0   0 -0.1795   1   1
   2   2   3   4   2   0   0   0  2.2088   1   1
   2   2   3   4   4   0   0   0  8.4670   1   1
   2   2   4   3   2   0   0   0 -2.2088   1   1
   2   2   4   3   4   0   0   0 -8.4670   1   1
   2   2   4   4   0   0   0   0-25.7331   1   1
   2   2   4   4   2   0   0   0  6.2495   1   1
   2   2   4   4   4   0   0   0 -9.0197   1   1
   2   2   4   4   6   0   0   0  7.5416   1   1
   3   3   1   1   0   0   0   0-12.4604   1   1
   3   3   1   1   2   0   0   0  5.7547   1   1
   3   3   1   2   2   0   0   0 -0.3712   1   1
   3   3   2   1   2   0   0   0  0.3712   1   1
   3   3   2   2   0   0   0   0-17.2720   1   1
   3   3   2   2   2   0   0   0 -0.1795   1   1
   3   4   1   1   2   0   0   0 -0.3712   1   1
   3   4   1   2   2   0   0   0  2.8495   1   1
   3   4   1   2   4   0   0   0 -6.7412   1   1
   3   4   2   1   2   0   0   0 -3.8895   1   1
   3   4   2   1   4   0   0   0 13.1150   1   1
   3   4   2   2   2   0   0   0  2.2088   1   1
   3   4   2   2   4   0   0   0  8.4670   1   1
   4   3   1   1   2   0   0   0  0.3712   1   1
   4   3   1   2   2   0   0   0 -3.8895   1   1
   4   3   1   2   4   0   0   0 13.1150   1   1
   4   3   2   1   2   0   0   0  2.8495   1   1
   4   3   2   1   4   0   0   0 -6.7412   1   1
   4   3   2   2   2   0   0   0 -2.2088   1   1
   4   3   2   2   4   0   0   0 -8.4670   1   1
   4   4   1   1   0   0   0   0-17.2720   1   1
   4   4   1   1   2   0   0   0 -0.1795   1   1
   4   4   1   2   2   0   0   0  2.2088   1   1
   4   4   1   2   4   0   0   0  8.4670   1   1
   4   4   2   1   2   0   0   0 -2.2088   1   1
   4   4   2   1   4   0   0   0 -8.4670   1   1
   4   4   2   2   0   0   0   0-25.7331   1   1
   4   4   2   2   2   0   0   0  6.2495   1   1
   4   4   2   2   4   0   0   0 -9.0197   1   1
   4   4   2   2   6   0   0   0  7.5416   1   1
