 ! Total Interaction
  20
   1   1   1   1     1     0  -7.8914
   1   2   1   1     1     0  -0.3031
   2   2   1   1     1     0   3.6840
   1   1   1   2     1     0  -0.3031
   1   2   1   2     1     0 -12.9586
   2   2   1   2     1     0  -6.8888
   1   1   2   2     1     0   3.6840
   1   2   2   2     1     0  -6.8888
   2   2   2   2     1     0  -8.4502
   1   2   1   2     2     0  -9.2079
   2   2   2   2     3     0  -9.2079
   1   1   1   1     0     1  -1.2465
   2   2   1   1     0     1  -3.5844
   1   1   2   2     0     1  -3.5844
   2   2   2   2     0     1  -3.7810
   1   2   1   2     1     1   0.5816
   1   2   1   2     2     1  -2.9069
   2   2   1   2     2     1   1.4677
   1   2   2   2     2     1   1.4677
   2   2   2   2     2     1  -1.8691
