      1      2      1      2  -1.24650000000000     
      2      4      1      2  0.000000000000000E+000
      1      5      1      2  0.000000000000000E+000
      4      5      1      2   2.53455354648506     
      3      6      1      2  -2.53455354648506     
      1      3      1      3  -2.90690000000000     
      3      4      1      3  -1.46770000000000     
      2      3      2      3 -0.290525000000000     
      1      4      2      3  -1.51056481055101     
      3      5      2      3 -0.733850000000000     
      2      3      1      4  -1.51056481055101     
      1      4      1      4  -2.03477500000000     
      3      5      1      4  -1.27106548513442     
      1      2      2      4  0.000000000000000E+000
      2      4      2      4  -1.16265000000000     
      1      5      2      4  -1.74425000000000     
      4      5      2      4 -0.733850000000000     
      3      6      2      4 -0.733850000000000     
      1      3      3      4  -1.46770000000000     
      3      4      3      4  -1.86910000000000     
      1      2      1      5  0.000000000000000E+000
      2      4      1      5  -1.74425000000000     
      1      5      1      5  -1.16265000000000     
      4      5      1      5 -0.733850000000000     
      3      6      1      5 -0.733850000000000     
      2      5      2      5  -2.03477500000000     
      1      6      2      5  -1.51056481055101     
      4      6      2      5  -1.27106548513442     
      2      3      3      5 -0.733850000000000     
      1      4      3      5  -1.27106548513442     
      3      5      3      5  -1.86910000000000     
      1      2      4      5   2.53455354648506     
      2      4      4      5 -0.733850000000000     
      1      5      4      5 -0.733850000000000     
      4      5      4      5  -2.82505000000000     
      3      6      4      5  0.955950000000000     
      2      5      1      6  -1.51056481055101     
      1      6      1      6 -0.290525000000000     
      4      6      1      6 -0.733850000000000     
      2      6      2      6  -2.90690000000000     
      5      6      2      6  -1.46770000000000     
      1      2      3      6  -2.53455354648506     
      2      4      3      6 -0.733850000000000     
      1      5      3      6 -0.733850000000000     
      4      5      3      6  0.955950000000000     
      3      6      3      6  -2.82505000000000     
      2      5      4      6  -1.27106548513442     
      1      6      4      6 -0.733850000000000     
      4      6      4      6  -1.86910000000000     
      2      6      5      6  -1.46770000000000     
      5      6      5      6  -1.86910000000000     
      1      7      1      7  -7.89140000000000     
      4      7      1      7  0.107162032688821     
      3      8      1      7 -0.185610085259395     
      2      9      1      7 -0.185610085259395     
      5      9      1      7   2.01780990184903     
      1     10      1      7  0.107162032688821     
      4     10      1      7  -2.32996618001206     
      3     11      1      7   2.01780990184903     
      2      7      2      7  -4.56895000000000     
      5      7      2      7  0.107162032688821     
      1      8      2      7  -3.32245000000000     
      4      8      2      7 -0.107162032688821     
      6      9      2      7  0.480197861766517     
      2     10      2      7 -0.107162032688821     
      5     10      2      7  0.684785228239515     
      1     11      2      7  0.107162032688821     
      4     11      2      7  -1.84976831824555     
      3     12      2      7   3.01475140825158     
      3      7      3      7  -6.05740000000000     
      1      9      3      7  -3.15050000000000     
      4      9      3      7 -0.733850000000000     
      3     10      3      7  0.733850000000000     
      1      7      4      7  0.107162032688821     
      4      7      4      7  -6.09017500000000     
      3      8      4      7  5.676796521807081E-002
      2      9      4      7   1.56733277576908     
      5      9      4      7  0.698477641200473     
      1     10      4      7  -4.05540000000000     
      4     10      4      7  -1.54038250834006     
      3     11      4      7   1.96954312633489     
      2      7      5      7  0.107162032688821     
      5      7      5      7  -6.12295000000000     
      1      8      5      7  0.107162032688821     
      4      8      5      7  6.555000000000255E-002
      6      9      5      7   1.94364876251008     
      2     10      5      7   1.80980000000000     
      5     10      5      7  -1.13711625417003     
      1     11      5      7  -4.96030000000000     
      4     11      5      7 -0.403266254170028     
      3     12      5      7   2.67749876251008     
      6      7      6      7  -6.15572500000000     
      2      8      6      7  0.185610085259395     
      5      8      6      7  5.676796521807148E-002
      6     10      6      7   1.94364876251008     
      2     11      6      7   1.56733277576908     
      5     11      6      7  -2.66802076753537     
      1     12      6      7  -5.86520000000001     
      4     12      6      7   2.67749876251008     
      2      7      1      8  -3.32245000000000     
      5      7      1      8  0.107162032688821     
      1      8      1      8  -4.56895000000000     
      4      8      1      8 -0.107162032688821     
      6      9      1      8   3.01475140825158     
      2     10      1      8 -0.107162032688821     
      5     10      1      8  -1.84976831824555     
      1     11      1      8  0.107162032688821     
      4     11      1      8  0.684785228239515     
      3     12      1      8  0.480197861766517     
      6      7      2      8  0.185610085259395     
      2      8      2      8  -7.89140000000000     
      5      8      2      8 -0.107162032688821     
      6     10      2      8   2.01780990184903     
      2     11      2      8 -0.107162032688821     
      5     11      2      8  -2.32996618001206     
      1     12      2      8  0.185610085259395     
      4     12      2      8   2.01780990184903     
      1      7      3      8 -0.185610085259395     
      4      7      3      8  5.676796521807148E-002
      3      8      3      8  -6.15572500000000     
      2      9      3      8  -5.86520000000001     
      5      9      3      8  -2.67749876251008     
      1     10      3      8   1.56733277576908     
      4     10      3      8   2.66802076753537     
      3     11      3      8  -1.94364876251008     
      2      7      4      8 -0.107162032688821     
      5      7      4      8  6.555000000000255E-002
      1      8      4      8 -0.107162032688821     
      4      8      4      8  -6.12295000000000     
      6      9      4      8  -2.67749876251008     
      2     10      4      8  -4.96030000000000     
      5     10      4      8  0.403266254170028     
      1     11      4      8   1.80980000000000     
      4     11      4      8   1.13711625417003     
      3     12      4      8  -1.94364876251008     
      6      7      5      8  5.676796521807081E-002
      2      8      5      8 -0.107162032688821     
      5      8      5      8  -6.09017500000000     
      6     10      5      8  -1.96954312633489     
      2     11      5      8  -4.05540000000000     
      5     11      5      8   1.54038250834006     
      1     12      5      8   1.56733277576908     
      4     12      5      8 -0.698477641200473     
      6      8      6      8  -6.05740000000000     
      6     11      6      8 -0.733850000000000     
      2     12      6      8  -3.15050000000000     
      5     12      6      8  0.733850000000000     
      7      8      7      8  -1.24650000000000     
      8     10      7      8  0.000000000000000E+000
      7     11      7      8  0.000000000000000E+000
     10     11      7      8   2.53455354648506     
      9     12      7      8  -2.53455354648506     
      3      7      1      9  -3.15050000000000     
      1      9      1      9  -6.05740000000000     
      4      9      1      9  0.733850000000000     
      3     10      1      9 -0.733850000000000     
      1      7      2      9 -0.185610085259395     
      4      7      2      9   1.56733277576908     
      3      8      2      9  -5.86520000000001     
      2      9      2      9  -6.15572500000000     
      5      9      2      9  -1.94364876251008     
      1     10      2      9  5.676796521807148E-002
      4     10      2      9   2.66802076753537     
      3     11      2      9  -2.67749876251008     
      3      9      3      9  -9.20790000000000     
      3      7      4      9 -0.733850000000000     
      1      9      4      9  0.733850000000000     
      4      9      4      9  -5.53850000000000     
      3     10      4      9  -3.66939999999999     
      1      7      5      9   2.01780990184903     
      4      7      5      9  0.698477641200473     
      3      8      5      9  -2.67749876251008     
      2      9      5      9  -1.94364876251008     
      5      9      5      9  -5.31119000000000     
      1     10      5      9   1.96954312633489     
      4     10      5      9 -0.262474979378984     
      3     11      5      9  -3.44209000000000     
      2      7      6      9  0.480197861766516     
      5      7      6      9   1.94364876251008     
      1      8      6      9   3.01475140825158     
      4      8      6      9  -2.67749876251008     
      6      9      6      9  -5.67551000000000     
      2     10      6      9  -1.94364876251008     
      5     10      6      9  0.364320000000003     
      1     11      6      9   2.67749876251008     
      4     11      6      9 -0.591629999999998     
      3     12      6      9  -2.85046000000000     
      7      9      7      9  -2.90690000000000     
      9     10      7      9  -1.46770000000000     
      8      9      8      9 -0.290525000000000     
      7     10      8      9  -1.51056481055101     
      9     11      8      9 -0.733850000000000     
      1      7      1     10  0.107162032688821     
      4      7      1     10  -4.05540000000000     
      3      8      1     10   1.56733277576908     
      2      9      1     10  5.676796521807081E-002
      5      9      1     10   1.96954312633489     
      1     10      1     10  -6.09017500000000     
      4     10      1     10  -1.54038250834006     
      3     11      1     10  0.698477641200473     
      2      7      2     10 -0.107162032688821     
      5      7      2     10   1.80980000000000     
      1      8      2     10 -0.107162032688821     
      4      8      2     10  -4.96030000000000     
      6      9      2     10  -1.94364876251008     
      2     10      2     10  -6.12295000000000     
      5     10      2     10   1.13711625417003     
      1     11      2     10  6.555000000000255E-002
      4     11      2     10  0.403266254170028     
      3     12      2     10  -2.67749876251008     
      3      7      3     10  0.733850000000000     
      1      9      3     10 -0.733850000000000     
      4      9      3     10  -3.66939999999999     
      3     10      3     10  -5.53849999999999     
      1      7      4     10  -2.32996618001206     
      4      7      4     10  -1.54038250834006     
      3      8      4     10   2.66802076753537     
      2      9      4     10   2.66802076753537     
      5      9      4     10 -0.262474979378983     
      1     10      4     10  -1.54038250834006     
      4     10      4     10  -8.90482000000000     
      3     11      4     10 -0.262474979378983     
      2      7      5     10  0.684785228239515     
      5      7      5     10  -1.13711625417003     
      1      8      5     10  -1.84976831824555     
      4      8      5     10  0.403266254170028     
      6      9      5     10  0.364320000000002     
      2     10      5     10   1.13711625417003     
      5     10      5     10  -5.97859000000000     
      1     11      5     10 -0.403266254170028     
      4     11      5     10  -3.15354000000000     
      3     12      5     10 -0.591629999999998     
      6      7      6     10   1.94364876251008     
      2      8      6     10   2.01780990184903     
      5      8      6     10  -1.96954312633489     
      6     10      6     10  -5.31119000000000     
      2     11      6     10 -0.698477641200473     
      5     11      6     10 -0.262474979378984     
      1     12      6     10   2.67749876251008     
      4     12      6     10  -3.44209000000000     
      8      9      7     10  -1.51056481055101     
      7     10      7     10  -2.03477500000000     
      9     11      7     10  -1.27106548513442     
      7      8      8     10  0.000000000000000E+000
      8     10      8     10  -1.16265000000000     
      7     11      8     10  -1.74425000000000     
     10     11      8     10 -0.733850000000000     
      9     12      8     10 -0.733850000000000     
      7      9      9     10  -1.46770000000000     
      9     10      9     10  -1.86910000000000     
      2      7      1     11  0.107162032688821     
      5      7      1     11  -4.96030000000000     
      1      8      1     11  0.107162032688821     
      4      8      1     11   1.80980000000000     
      6      9      1     11   2.67749876251008     
      2     10      1     11  6.555000000000255E-002
      5     10      1     11 -0.403266254170028     
      1     11      1     11  -6.12295000000000     
      4     11      1     11  -1.13711625417003     
      3     12      1     11   1.94364876251008     
      6      7      2     11   1.56733277576908     
      2      8      2     11 -0.107162032688821     
      5      8      2     11  -4.05540000000000     
      6     10      2     11 -0.698477641200473     
      2     11      2     11  -6.09017500000000     
      5     11      2     11   1.54038250834006     
      1     12      2     11  5.676796521807081E-002
      4     12      2     11  -1.96954312633489     
      1      7      3     11   2.01780990184903     
      4      7      3     11   1.96954312633489     
      3      8      3     11  -1.94364876251008     
      2      9      3     11  -2.67749876251008     
      5      9      3     11  -3.44209000000000     
      1     10      3     11  0.698477641200473     
      4     10      3     11 -0.262474979378984     
      3     11      3     11  -5.31119000000000     
      2      7      4     11  -1.84976831824555     
      5      7      4     11 -0.403266254170028     
      1      8      4     11  0.684785228239515     
      4      8      4     11   1.13711625417003     
      6      9      4     11 -0.591629999999998     
      2     10      4     11  0.403266254170028     
      5     10      4     11  -3.15354000000000     
      1     11      4     11  -1.13711625417003     
      4     11      4     11  -5.97859000000000     
      3     12      4     11  0.364320000000002     
      6      7      5     11  -2.66802076753537     
      2      8      5     11  -2.32996618001206     
      5      8      5     11   1.54038250834006     
      6     10      5     11 -0.262474979378983     
      2     11      5     11   1.54038250834006     
      5     11      5     11  -8.90482000000000     
      1     12      5     11  -2.66802076753537     
      4     12      5     11 -0.262474979378983     
      6      8      6     11 -0.733850000000000     
      6     11      6     11  -5.53850000000000     
      2     12      6     11  0.733850000000000     
      5     12      6     11  -3.66939999999999     
      7      8      7     11  0.000000000000000E+000
      8     10      7     11  -1.74425000000000     
      7     11      7     11  -1.16265000000000     
     10     11      7     11 -0.733850000000000     
      9     12      7     11 -0.733850000000000     
      8     11      8     11  -2.03477500000000     
      7     12      8     11  -1.51056481055101     
     10     12      8     11  -1.27106548513442     
      8      9      9     11 -0.733850000000000     
      7     10      9     11  -1.27106548513442     
      9     11      9     11  -1.86910000000000     
      7      8     10     11   2.53455354648506     
      8     10     10     11 -0.733850000000000     
      7     11     10     11 -0.733850000000000     
     10     11     10     11  -2.82505000000000     
      9     12     10     11  0.955950000000000     
      6      7      1     12  -5.86520000000001     
      2      8      1     12  0.185610085259395     
      5      8      1     12   1.56733277576908     
      6     10      1     12   2.67749876251008     
      2     11      1     12  5.676796521807148E-002
      5     11      1     12  -2.66802076753537     
      1     12      1     12  -6.15572500000000     
      4     12      1     12   1.94364876251008     
      6      8      2     12  -3.15050000000000     
      6     11      2     12  0.733850000000000     
      2     12      2     12  -6.05740000000000     
      5     12      2     12 -0.733850000000000     
      2      7      3     12   3.01475140825158     
      5      7      3     12   2.67749876251008     
      1      8      3     12  0.480197861766516     
      4      8      3     12  -1.94364876251008     
      6      9      3     12  -2.85046000000000     
      2     10      3     12  -2.67749876251008     
      5     10      3     12 -0.591629999999998     
      1     11      3     12   1.94364876251008     
      4     11      3     12  0.364320000000003     
      3     12      3     12  -5.67551000000000     
      6      7      4     12   2.67749876251008     
      2      8      4     12   2.01780990184903     
      5      8      4     12 -0.698477641200473     
      6     10      4     12  -3.44209000000000     
      2     11      4     12  -1.96954312633489     
      5     11      4     12 -0.262474979378984     
      1     12      4     12   1.94364876251008     
      4     12      4     12  -5.31119000000000     
      6      8      5     12  0.733850000000000     
      6     11      5     12  -3.66939999999999     
      2     12      5     12 -0.733850000000000     
      5     12      5     12  -5.53849999999999     
      6     12      6     12  -9.20790000000000     
      8     11      7     12  -1.51056481055101     
      7     12      7     12 -0.290525000000000     
     10     12      7     12 -0.733850000000000     
      8     12      8     12  -2.90690000000000     
     11     12      8     12  -1.46770000000000     
      7      8      9     12  -2.53455354648506     
      8     10      9     12 -0.733850000000000     
      7     11      9     12 -0.733850000000000     
     10     11      9     12  0.955950000000000     
      9     12      9     12  -2.82505000000000     
      8     11     10     12  -1.27106548513442     
      7     12     10     12 -0.733850000000000     
     10     12     10     12  -1.86910000000000     
      8     12     11     12  -1.46770000000000     
     11     12     11     12  -1.86910000000000     
