 ! Total Interaction
  20
   1   1   1   1     1     0  -7.3219
   1   2   1   1     1     0  -0.2718
   2   2   1   1     1     0   3.1191
   1   1   1   2     1     0  -0.2718
   1   2   1   2     1     0 -11.5740
   2   2   1   2     1     0  -5.8084
   1   1   2   2     1     0   3.1191
   1   2   2   2     1     0  -5.8084
   2   2   2   2     1     0  -7.7645
   1   2   1   2     2     0  -8.4441
   2   2   2   2     3     0  -8.4441
   1   1   1   1     0     1  -1.2143
   2   2   1   1     0     1  -3.6981
   1   1   2   2     0     1  -3.6981
   2   2   2   2     0     1  -3.8293
   1   2   1   2     1     1   0.6437
   1   2   1   2     2     1  -3.0039
   2   2   1   2     2     1   1.5087
   1   2   2   2     2     1   1.5087
   2   2   2   2     2     1  -1.9372
