      1      2      1      2  -1.21430000000000     
      2      4      1      2  0.000000000000000E+000
      1      5      1      2  0.000000000000000E+000
      4      5      1      2   2.61495158750597     
      3      6      1      2  -2.61495158750597     
      1      3      1      3  -3.00390000000000     
      3      4      1      3  -1.50870000000000     
      2      3      2      3 -0.268200000000000     
      1      4      2      3  -1.57945713142206     
      3      5      2      3 -0.754350000000000     
      2      3      1      4  -1.57945713142206     
      1      4      1      4  -2.09200000000000     
      3      5      1      4  -1.30657252668958     
      1      2      2      4  0.000000000000000E+000
      2      4      2      4  -1.18010000000000     
      1      5      2      4  -1.82380000000000     
      4      5      2      4 -0.754350000000000     
      3      6      2      4 -0.754350000000000     
      1      3      3      4  -1.50870000000000     
      3      4      3      4  -1.93720000000000     
      1      2      1      5  0.000000000000000E+000
      2      4      1      5  -1.82380000000000     
      1      5      1      5  -1.18010000000000     
      4      5      1      5 -0.754350000000000     
      3      6      1      5 -0.754350000000000     
      2      5      2      5  -2.09200000000000     
      1      6      2      5  -1.57945713142206     
      4      6      2      5  -1.30657252668958     
      2      3      3      5 -0.754350000000000     
      1      4      3      5  -1.30657252668958     
      3      5      3      5  -1.93720000000000     
      1      2      4      5   2.61495158750597     
      2      4      4      5 -0.754350000000000     
      1      5      4      5 -0.754350000000000     
      4      5      4      5  -2.88325000000000     
      3      6      4      5  0.946050000000000     
      2      5      1      6  -1.57945713142206     
      1      6      1      6 -0.268200000000000     
      4      6      1      6 -0.754350000000000     
      2      6      2      6  -3.00390000000000     
      5      6      2      6  -1.50870000000000     
      1      2      3      6  -2.61495158750597     
      2      4      3      6 -0.754350000000000     
      1      5      3      6 -0.754350000000000     
      4      5      3      6  0.946050000000000     
      3      6      3      6  -2.88325000000000     
      2      5      4      6  -1.30657252668958     
      1      6      4      6 -0.754350000000000     
      4      6      4      6  -1.93720000000000     
      2      6      5      6  -1.50870000000000     
      5      6      5      6  -1.93720000000000     
      1      7      1      7  -7.32190000000000     
      4      7      1      7  9.609581156325184E-002
      3      8      1      7 -0.166442828022117     
      2      9      1      7 -0.166442828022117     
      5      9      1      7   1.70840142911436     
      1     10      1      7  9.609581156325184E-002
      4     10      1      7  -1.97269204996624     
      3     11      1      7   1.70840142911436     
      2      7      2      7  -4.26810000000000     
      5      7      2      7  9.609581156325185E-002
      1      8      2      7  -3.05380000000000     
      4      8      2      7 -9.609581156325185E-002
      6      9      2      7  0.172043243721693     
      2     10      2      7 -9.609581156325185E-002
      5     10      2      7  0.814302781261426     
      1     11      2      7  9.609581156325185E-002
      4     11      2      7  -1.80064880624455     
      3     12      2      7   2.78699483122767     
      3      7      3      7  -5.72400000000000     
      1      9      3      7  -2.72010000000000     
      4      9      3      7 -0.754350000000000     
      3     10      3      7  0.754350000000000     
      1      7      4      7  9.609581156325184E-002
      4      7      4      7  -5.65928750000000     
      3      8      4      7 -0.112085337884800     
      2      9      4      7   1.46737179353726     
      5      9      4      7  0.471505560060767     
      1     10      4      7  -3.56728750000000     
      4     10      4      7  -1.29879772405098     
      3     11      4      7   1.77807808675035     
      2      7      5      7  9.609581156325184E-002
      5      7      5      7  -5.59457500000000     
      1      8      5      7  9.609581156325184E-002
      4      8      5      7 -0.129424999999999     
      6      9      5      7   1.57102158607647     
      2     10      5      7   1.69437500000000     
      5     10      5      7  -1.02657386202549     
      1     11      5      7  -4.41447500000000     
      4     11      5      7 -0.272223862025489     
      3     12      5      7   2.32537158607647     
      6      7      6      7  -5.52986250000000     
      2      8      6      7  0.166442828022117     
      5      8      6      7 -0.112085337884800     
      6     10      6      7   1.57102158607647     
      2     11      6      7   1.46737179353726     
      5     11      6      7  -2.24958364681112     
      1     12      6      7  -5.26166250000000     
      4     12      6      7   2.32537158607647     
      2      7      1      8  -3.05380000000000     
      5      7      1      8  9.609581156325185E-002
      1      8      1      8  -4.26810000000000     
      4      8      1      8 -9.609581156325185E-002
      6      9      1      8   2.78699483122767     
      2     10      1      8 -9.609581156325185E-002
      5     10      1      8  -1.80064880624455     
      1     11      1      8  9.609581156325185E-002
      4     11      1      8  0.814302781261426     
      3     12      1      8  0.172043243721693     
      6      7      2      8  0.166442828022117     
      2      8      2      8  -7.32190000000000     
      5      8      2      8 -9.609581156325184E-002
      6     10      2      8   1.70840142911436     
      2     11      2      8 -9.609581156325184E-002
      5     11      2      8  -1.97269204996624     
      1     12      2      8  0.166442828022117     
      4     12      2      8   1.70840142911436     
      1      7      3      8 -0.166442828022117     
      4      7      3      8 -0.112085337884800     
      3      8      3      8  -5.52986250000000     
      2      9      3      8  -5.26166250000000     
      5      9      3      8  -2.32537158607647     
      1     10      3      8   1.46737179353726     
      4     10      3      8   2.24958364681112     
      3     11      3      8  -1.57102158607647     
      2      7      4      8 -9.609581156325184E-002
      5      7      4      8 -0.129424999999999     
      1      8      4      8 -9.609581156325184E-002
      4      8      4      8  -5.59457500000000     
      6      9      4      8  -2.32537158607647     
      2     10      4      8  -4.41447500000000     
      5     10      4      8  0.272223862025489     
      1     11      4      8   1.69437500000000     
      4     11      4      8   1.02657386202549     
      3     12      4      8  -1.57102158607647     
      6      7      5      8 -0.112085337884800     
      2      8      5      8 -9.609581156325184E-002
      5      8      5      8  -5.65928750000000     
      6     10      5      8  -1.77807808675035     
      2     11      5      8  -3.56728750000000     
      5     11      5      8   1.29879772405098     
      1     12      5      8   1.46737179353726     
      4     12      5      8 -0.471505560060767     
      6      8      6      8  -5.72400000000000     
      6     11      6      8 -0.754350000000000     
      2     12      6      8  -2.72010000000000     
      5     12      6      8  0.754350000000000     
      7      8      7      8  -1.21430000000000     
      8     10      7      8  0.000000000000000E+000
      7     11      7      8  0.000000000000000E+000
     10     11      7      8   2.61495158750597     
      9     12      7      8  -2.61495158750597     
      3      7      1      9  -2.72010000000000     
      1      9      1      9  -5.72400000000000     
      4      9      1      9  0.754350000000000     
      3     10      1      9 -0.754350000000000     
      1      7      2      9 -0.166442828022117     
      4      7      2      9   1.46737179353726     
      3      8      2      9  -5.26166250000000     
      2      9      2      9  -5.52986250000000     
      5      9      2      9  -1.57102158607647     
      1     10      2      9 -0.112085337884800     
      4     10      2      9   2.24958364681112     
      3     11      2      9  -2.32537158607647     
      3      9      3      9  -8.44410000000000     
      3      7      4      9 -0.754350000000000     
      1      9      4      9  0.754350000000000     
      4      9      4      9  -5.19065000000000     
      3     10      4      9  -3.25344999999999     
      1      7      5      9   1.70840142911436     
      4      7      5      9  0.471505560060767     
      3      8      5      9  -2.32537158607647     
      2      9      5      9  -1.57102158607647     
      5      9      5      9  -4.98677000000000     
      1     10      5      9   1.77807808675035     
      4     10      5      9 -0.235420345764757     
      3     11      5      9  -3.04957000000000     
      2      7      6      9  0.172043243721693     
      5      7      6      9   1.57102158607647     
      1      8      6      9   2.78699483122767     
      4      8      6      9  -2.32537158607647     
      6      9      6      9  -5.35785500000000     
      2     10      6      9  -1.57102158607647     
      5     10      6      9  0.371085000000002     
      1     11      6      9   2.32537158607647     
      4     11      6      9 -0.574964999999998     
      3     12      6      9  -2.47460500000000     
      7      9      7      9  -3.00390000000000     
      9     10      7      9  -1.50870000000000     
      8      9      8      9 -0.268200000000000     
      7     10      8      9  -1.57945713142206     
      9     11      8      9 -0.754350000000000     
      1      7      1     10  9.609581156325184E-002
      4      7      1     10  -3.56728750000000     
      3      8      1     10   1.46737179353726     
      2      9      1     10 -0.112085337884800     
      5      9      1     10   1.77807808675035     
      1     10      1     10  -5.65928750000000     
      4     10      1     10  -1.29879772405098     
      3     11      1     10  0.471505560060767     
      2      7      2     10 -9.609581156325184E-002
      5      7      2     10   1.69437500000000     
      1      8      2     10 -9.609581156325184E-002
      4      8      2     10  -4.41447500000000     
      6      9      2     10  -1.57102158607647     
      2     10      2     10  -5.59457500000000     
      5     10      2     10   1.02657386202549     
      1     11      2     10 -0.129424999999999     
      4     11      2     10  0.272223862025489     
      3     12      2     10  -2.32537158607647     
      3      7      3     10  0.754350000000000     
      1      9      3     10 -0.754350000000000     
      4      9      3     10  -3.25344999999999     
      3     10      3     10  -5.19065000000000     
      1      7      4     10  -1.97269204996624     
      4      7      4     10  -1.29879772405098     
      3      8      4     10   2.24958364681112     
      2      9      4     10   2.24958364681112     
      5      9      4     10 -0.235420345764757     
      1     10      4     10  -1.29879772405098     
      4     10      4     10  -8.17226000000000     
      3     11      4     10 -0.235420345764757     
      2      7      5     10  0.814302781261426     
      5      7      5     10  -1.02657386202549     
      1      8      5     10  -1.80064880624455     
      4      8      5     10  0.272223862025489     
      6      9      5     10  0.371085000000002     
      2     10      5     10   1.02657386202549     
      5     10      5     10  -5.62969500000000     
      1     11      5     10 -0.272223862025489     
      4     11      5     10  -2.74644500000000     
      3     12      5     10 -0.574964999999998     
      6      7      6     10   1.57102158607647     
      2      8      6     10   1.70840142911436     
      5      8      6     10  -1.77807808675035     
      6     10      6     10  -4.98677000000000     
      2     11      6     10 -0.471505560060767     
      5     11      6     10 -0.235420345764757     
      1     12      6     10   2.32537158607647     
      4     12      6     10  -3.04957000000000     
      8      9      7     10  -1.57945713142206     
      7     10      7     10  -2.09200000000000     
      9     11      7     10  -1.30657252668958     
      7      8      8     10  0.000000000000000E+000
      8     10      8     10  -1.18010000000000     
      7     11      8     10  -1.82380000000000     
     10     11      8     10 -0.754350000000000     
      9     12      8     10 -0.754350000000000     
      7      9      9     10  -1.50870000000000     
      9     10      9     10  -1.93720000000000     
      2      7      1     11  9.609581156325184E-002
      5      7      1     11  -4.41447500000000     
      1      8      1     11  9.609581156325184E-002
      4      8      1     11   1.69437500000000     
      6      9      1     11   2.32537158607647     
      2     10      1     11 -0.129424999999999     
      5     10      1     11 -0.272223862025489     
      1     11      1     11  -5.59457500000000     
      4     11      1     11  -1.02657386202549     
      3     12      1     11   1.57102158607647     
      6      7      2     11   1.46737179353726     
      2      8      2     11 -9.609581156325184E-002
      5      8      2     11  -3.56728750000000     
      6     10      2     11 -0.471505560060767     
      2     11      2     11  -5.65928750000000     
      5     11      2     11   1.29879772405098     
      1     12      2     11 -0.112085337884800     
      4     12      2     11  -1.77807808675035     
      1      7      3     11   1.70840142911436     
      4      7      3     11   1.77807808675035     
      3      8      3     11  -1.57102158607647     
      2      9      3     11  -2.32537158607647     
      5      9      3     11  -3.04957000000000     
      1     10      3     11  0.471505560060767     
      4     10      3     11 -0.235420345764757     
      3     11      3     11  -4.98677000000000     
      2      7      4     11  -1.80064880624455     
      5      7      4     11 -0.272223862025489     
      1      8      4     11  0.814302781261426     
      4      8      4     11   1.02657386202549     
      6      9      4     11 -0.574964999999998     
      2     10      4     11  0.272223862025489     
      5     10      4     11  -2.74644500000000     
      1     11      4     11  -1.02657386202549     
      4     11      4     11  -5.62969500000000     
      3     12      4     11  0.371085000000002     
      6      7      5     11  -2.24958364681112     
      2      8      5     11  -1.97269204996624     
      5      8      5     11   1.29879772405098     
      6     10      5     11 -0.235420345764757     
      2     11      5     11   1.29879772405098     
      5     11      5     11  -8.17226000000000     
      1     12      5     11  -2.24958364681112     
      4     12      5     11 -0.235420345764757     
      6      8      6     11 -0.754350000000000     
      6     11      6     11  -5.19065000000000     
      2     12      6     11  0.754350000000000     
      5     12      6     11  -3.25344999999999     
      7      8      7     11  0.000000000000000E+000
      8     10      7     11  -1.82380000000000     
      7     11      7     11  -1.18010000000000     
     10     11      7     11 -0.754350000000000     
      9     12      7     11 -0.754350000000000     
      8     11      8     11  -2.09200000000000     
      7     12      8     11  -1.57945713142206     
     10     12      8     11  -1.30657252668958     
      8      9      9     11 -0.754350000000000     
      7     10      9     11  -1.30657252668958     
      9     11      9     11  -1.93720000000000     
      7      8     10     11   2.61495158750597     
      8     10     10     11 -0.754350000000000     
      7     11     10     11 -0.754350000000000     
     10     11     10     11  -2.88325000000000     
      9     12     10     11  0.946050000000000     
      6      7      1     12  -5.26166250000000     
      2      8      1     12  0.166442828022117     
      5      8      1     12   1.46737179353726     
      6     10      1     12   2.32537158607647     
      2     11      1     12 -0.112085337884800     
      5     11      1     12  -2.24958364681112     
      1     12      1     12  -5.52986250000000     
      4     12      1     12   1.57102158607647     
      6      8      2     12  -2.72010000000000     
      6     11      2     12  0.754350000000000     
      2     12      2     12  -5.72400000000000     
      5     12      2     12 -0.754350000000000     
      2      7      3     12   2.78699483122767     
      5      7      3     12   2.32537158607647     
      1      8      3     12  0.172043243721693     
      4      8      3     12  -1.57102158607647     
      6      9      3     12  -2.47460500000000     
      2     10      3     12  -2.32537158607647     
      5     10      3     12 -0.574964999999998     
      1     11      3     12   1.57102158607647     
      4     11      3     12  0.371085000000002     
      3     12      3     12  -5.35785500000000     
      6      7      4     12   2.32537158607647     
      2      8      4     12   1.70840142911436     
      5      8      4     12 -0.471505560060767     
      6     10      4     12  -3.04957000000000     
      2     11      4     12  -1.77807808675035     
      5     11      4     12 -0.235420345764757     
      1     12      4     12   1.57102158607647     
      4     12      4     12  -4.98677000000000     
      6      8      5     12  0.754350000000000     
      6     11      5     12  -3.25344999999999     
      2     12      5     12 -0.754350000000000     
      5     12      5     12  -5.19065000000000     
      6     12      6     12  -8.44410000000000     
      8     11      7     12  -1.57945713142206     
      7     12      7     12 -0.268200000000000     
     10     12      7     12 -0.754350000000000     
      8     12      8     12  -3.00390000000000     
     11     12      8     12  -1.50870000000000     
      7      8      9     12  -2.61495158750597     
      8     10      9     12 -0.754350000000000     
      7     11      9     12 -0.754350000000000     
     10     11      9     12  0.946050000000000     
      9     12      9     12  -2.88325000000000     
      8     11     10     12  -1.30657252668958     
      7     12     10     12 -0.754350000000000     
     10     12     10     12  -1.93720000000000     
      8     12     11     12  -1.50870000000000     
     11     12     11     12  -1.93720000000000     
