      1      1      1      1           2           0   5.28933675615384     
      1      1      1      1           0           0  -11.5900000000000     
      1      1      1      2           2           0 -0.332885656044234     
      1      1      2      1           2           0 -0.332885656044234     
      1      1      2      2           4           0  -6.23190989556561     
      1      1      2      2           2           0   2.00638906833929     
      1      2      1      1           2           0  0.332885656044234     
      1      2      1      2           2           0  0.354444960025533     
      1      2      1      2           0           0  -15.9153649765820     
      1      2      2      1           4           0   11.7654350246615     
      1      2      2      1           2           0  -3.24397960813085     
      1      2      2      2           4           0   7.35347061823992     
      1      2      2      2           2           0   1.49103149922534     
      2      1      1      1           2           0  0.332885656044234     
      2      1      1      2           4           0   11.7654350246615     
      2      1      1      2           2           0  -3.24397960813085     
      2      1      2      1           2           0  0.354444960025533     
      2      1      2      1           0           0  -15.9153649765820     
      2      1      2      2           4           0   7.35347061823992     
      2      1      2      2           2           0   1.49103149922534     
      2      2      1      1           4           0  -6.23190989556561     
      2      2      1      1           2           0   2.00638906833929     
      2      2      1      2           4           0  -7.35347061823992     
      2      2      1      2           2           0  -1.49103149922534     
      2      2      2      1           4           0  -7.35347061823992     
      2      2      2      1           2           0  -1.49103149922534     
      2      2      2      2           6           0   6.54718942311700     
      2      2      2      2           4           0  -8.10470664682720     
      2      2      2      2           2           0   5.46324331748779     
      2      2      2      2           0           0  -23.9793750000000     
      1      1      1      1           2           0   5.28933675615384     
      1      1      1      1           0           0  -11.5900000000000     
      1      1      1      2           2           0 -0.332885656044234     
      1      1      2      1           2           0 -0.332885656044234     
      1      1      2      2           4           0  -6.23190989556561     
      1      1      2      2           2           0   2.00638906833929     
      1      2      1      1           2           0  0.332885656044234     
      1      2      1      2           2           0  0.354444960025533     
      1      2      1      2           0           0  -15.9153649765820     
      1      2      2      1           4           0   11.7654350246615     
      1      2      2      1           2           0  -3.24397960813085     
      1      2      2      2           4           0   7.35347061823992     
      1      2      2      2           2           0   1.49103149922534     
      2      1      1      1           2           0  0.332885656044234     
      2      1      1      2           4           0   11.7654350246615     
      2      1      1      2           2           0  -3.24397960813085     
      2      1      2      1           2           0  0.354444960025533     
      2      1      2      1           0           0  -15.9153649765820     
      2      1      2      2           4           0   7.35347061823992     
      2      1      2      2           2           0   1.49103149922534     
      2      2      1      1           4           0  -6.23190989556561     
      2      2      1      1           2           0   2.00638906833929     
      2      2      1      2           4           0  -7.35347061823992     
      2      2      1      2           2           0  -1.49103149922534     
      2      2      2      1           4           0  -7.35347061823992     
      2      2      2      1           2           0  -1.49103149922534     
      2      2      2      2           6           0   6.54718942311700     
      2      2      2      2           4           0  -8.10470664682720     
      2      2      2      2           2           0   5.46324331748779     
      2      2      2      2           0           0  -23.9793750000000     
          60           6
   1   1   3   3   0   0   0   0-11.5900   1   1
   1   1   3   3   2   0   0   0  5.2893   1   1
   1   1   3   4   2   0   0   0 -0.3329   1   1
   1   1   4   3   2   0   0   0  0.3329   1   1
   1   1   4   4   0   0   0   0-15.9154   1   1
   1   1   4   4   2   0   0   0  0.3544   1   1
   1   2   3   3   2   0   0   0 -0.3329   1   1
   1   2   3   4   2   0   0   0  2.0064   1   1
   1   2   3   4   4   0   0   0 -6.2319   1   1
   1   2   4   3   2   0   0   0 -3.2440   1   1
   1   2   4   3   4   0   0   0 11.7654   1   1
   1   2   4   4   2   0   0   0  1.4910   1   1
   1   2   4   4   4   0   0   0  7.3535   1   1
   2   1   3   3   2   0   0   0  0.3329   1   1
   2   1   3   4   2   0   0   0 -3.2440   1   1
   2   1   3   4   4   0   0   0 11.7654   1   1
   2   1   4   3   2   0   0   0  2.0064   1   1
   2   1   4   3   4   0   0   0 -6.2319   1   1
   2   1   4   4   2   0   0   0 -1.4910   1   1
   2   1   4   4   4   0   0   0 -7.3535   1   1
   2   2   3   3   0   0   0   0-15.9154   1   1
   2   2   3   3   2   0   0   0  0.3544   1   1
   2   2   3   4   2   0   0   0  1.4910   1   1
   2   2   3   4   4   0   0   0  7.3535   1   1
   2   2   4   3   2   0   0   0 -1.4910   1   1
   2   2   4   3   4   0   0   0 -7.3535   1   1
   2   2   4   4   0   0   0   0-23.9794   1   1
   2   2   4   4   2   0   0   0  5.4632   1   1
   2   2   4   4   4   0   0   0 -8.1047   1   1
   2   2   4   4   6   0   0   0  6.5472   1   1
   3   3   1   1   0   0   0   0-11.5900   1   1
   3   3   1   1   2   0   0   0  5.2893   1   1
   3   3   1   2   2   0   0   0 -0.3329   1   1
   3   3   2   1   2   0   0   0  0.3329   1   1
   3   3   2   2   0   0   0   0-15.9154   1   1
   3   3   2   2   2   0   0   0  0.3544   1   1
   3   4   1   1   2   0   0   0 -0.3329   1   1
   3   4   1   2   2   0   0   0  2.0064   1   1
   3   4   1   2   4   0   0   0 -6.2319   1   1
   3   4   2   1   2   0   0   0 -3.2440   1   1
   3   4   2   1   4   0   0   0 11.7654   1   1
   3   4   2   2   2   0   0   0  1.4910   1   1
   3   4   2   2   4   0   0   0  7.3535   1   1
   4   3   1   1   2   0   0   0  0.3329   1   1
   4   3   1   2   2   0   0   0 -3.2440   1   1
   4   3   1   2   4   0   0   0 11.7654   1   1
   4   3   2   1   2   0   0   0  2.0064   1   1
   4   3   2   1   4   0   0   0 -6.2319   1   1
   4   3   2   2   2   0   0   0 -1.4910   1   1
   4   3   2   2   4   0   0   0 -7.3535   1   1
   4   4   1   1   0   0   0   0-15.9154   1   1
   4   4   1   1   2   0   0   0  0.3544   1   1
   4   4   1   2   2   0   0   0  1.4910   1   1
   4   4   1   2   4   0   0   0  7.3535   1   1
   4   4   2   1   2   0   0   0 -1.4910   1   1
   4   4   2   1   4   0   0   0 -7.3535   1   1
   4   4   2   2   0   0   0   0-23.9794   1   1
   4   4   2   2   2   0   0   0  5.4632   1   1
   4   4   2   2   4   0   0   0 -8.1047   1   1
   4   4   2   2   6   0   0   0  6.5472   1   1
