      1      2      1      2  -1.18190000000000     
      2      4      1      2  0.000000000000000E+000
      1      5      1      2  0.000000000000000E+000
      4      5      1      2   2.68608652969334     
      3      6      1      2  -2.68608652969334     
      1      3      1      3  -3.08890000000000     
      3      4      1      3  -1.54430000000000     
      2      3      2      3 -0.246325000000000     
      1      4      2      3  -1.64116144144170     
      3      5      2      3 -0.772150000000000     
      2      3      1      4  -1.64116144144170     
      1      4      1      4  -2.14137500000000     
      3      5      1      4  -1.33740303106431     
      1      2      2      4  0.000000000000000E+000
      2      4      2      4  -1.19385000000000     
      1      5      2      4  -1.89505000000000     
      4      5      2      4 -0.772150000000000     
      3      6      2      4 -0.772150000000000     
      1      3      3      4  -1.54430000000000     
      3      4      3      4  -1.99690000000000     
      1      2      1      5  0.000000000000000E+000
      2      4      1      5  -1.89505000000000     
      1      5      1      5  -1.19385000000000     
      4      5      1      5 -0.772150000000000     
      3      6      1      5 -0.772150000000000     
      2      5      2      5  -2.14137500000000     
      1      6      2      5  -1.64116144144170     
      4      6      2      5  -1.33740303106431     
      2      3      3      5 -0.772150000000000     
      1      4      3      5  -1.33740303106431     
      3      5      3      5  -1.99690000000000     
      1      2      4      5   2.68608652969334     
      2      4      4      5 -0.772150000000000     
      1      5      4      5 -0.772150000000000     
      4      5      4      5  -2.93245000000000     
      3      6      4      5  0.935550000000000     
      2      5      1      6  -1.64116144144170     
      1      6      1      6 -0.246325000000000     
      4      6      1      6 -0.772150000000000     
      2      6      2      6  -3.08890000000000     
      5      6      2      6  -1.54430000000000     
      1      2      3      6  -2.68608652969334     
      2      4      3      6 -0.772150000000000     
      1      5      3      6 -0.772150000000000     
      4      5      3      6  0.935550000000000     
      3      6      3      6  -2.93245000000000     
      2      5      4      6  -1.33740303106431     
      1      6      4      6 -0.772150000000000     
      4      6      4      6  -1.99690000000000     
      2      6      5      6  -1.54430000000000     
      5      6      5      6  -1.99690000000000     
      1      7      1      7  -7.48010000000000     
      4      7      1      7  8.506494577674170E-002
      3      8      1      7 -0.147336808028408     
      2      9      1      7 -0.147336808028408     
      5      9      1      7   1.65817527059114     
      1     10      1      7  8.506494577674170E-002
      4     10      1      7  -1.91469587767875     
      3     11      1      7   1.65817527059114     
      2      7      2      7  -4.33100000000000     
      5      7      2      7  8.506494577674170E-002
      1      8      2      7  -3.14910000000000     
      4      8      2      7 -8.506494577674170E-002
      6      9      2      7  9.297864341239381E-002
      2     10      2      7 -8.506494577674170E-002
      5     10      2      7  0.864369295426982     
      1     11      2      7  8.506494577674170E-002
      4     11      2      7  -1.82171723426636     
      3     12      2      7   2.77906517310573     
      3      7      3      7  -5.82335000000000     
      1      9      3      7  -2.73445000000000     
      4      9      3      7 -0.772150000000000     
      3     10      3      7  0.772150000000000     
      1      7      4      7  8.506494577674170E-002
      4      7      4      7  -5.73802500000000     
      3      8      4      7 -0.147787235155813     
      2      9      4      7   1.49337420628589     
      5      9      4      7  0.430141319453815     
      1     10      4      7  -3.59665000000000     
      4     10      4      7  -1.26883441315248     
      3     11      4      7   1.76754435051812     
      2      7      5      7  8.506494577674170E-002
      5      7      5      7  -5.65270000000000     
      1      8      5      7  8.506494577674170E-002
      4      8      5      7 -0.170649999999998     
      6      9      5      7   1.51717661972872     
      2     10      5      7   1.72440000000000     
      5     10      5      7  -1.02049220657624     
      1     11      5      7  -4.45885000000000     
      4     11      5      7 -0.248342206576241     
      3     12      5      7   2.28932661972872     
      6      7      6      7  -5.56737500000000     
      2      8      6      7  0.147336808028408     
      5      8      6      7 -0.147787235155813     
      6     10      6      7   1.51717661972872     
      2     11      6      7   1.49337420628589     
      5     11      6      7  -2.19768566997194     
      1     12      6      7  -5.32105000000000     
      4     12      6      7   2.28932661972872     
      2      7      1      8  -3.14910000000000     
      5      7      1      8  8.506494577674170E-002
      1      8      1      8  -4.33100000000000     
      4      8      1      8 -8.506494577674170E-002
      6      9      1      8   2.77906517310573     
      2     10      1      8 -8.506494577674170E-002
      5     10      1      8  -1.82171723426636     
      1     11      1      8  8.506494577674170E-002
      4     11      1      8  0.864369295426982     
      3     12      1      8  9.297864341239381E-002
      6      7      2      8  0.147336808028408     
      2      8      2      8  -7.48010000000000     
      5      8      2      8 -8.506494577674170E-002
      6     10      2      8   1.65817527059114     
      2     11      2      8 -8.506494577674170E-002
      5     11      2      8  -1.91469587767875     
      1     12      2      8  0.147336808028408     
      4     12      2      8   1.65817527059114     
      1      7      3      8 -0.147336808028408     
      4      7      3      8 -0.147787235155813     
      3      8      3      8  -5.56737500000000     
      2      9      3      8  -5.32105000000000     
      5      9      3      8  -2.28932661972872     
      1     10      3      8   1.49337420628589     
      4     10      3      8   2.19768566997194     
      3     11      3      8  -1.51717661972872     
      2      7      4      8 -8.506494577674170E-002
      5      7      4      8 -0.170649999999998     
      1      8      4      8 -8.506494577674170E-002
      4      8      4      8  -5.65270000000000     
      6      9      4      8  -2.28932661972872     
      2     10      4      8  -4.45885000000000     
      5     10      4      8  0.248342206576241     
      1     11      4      8   1.72440000000000     
      4     11      4      8   1.02049220657624     
      3     12      4      8  -1.51717661972872     
      6      7      5      8 -0.147787235155813     
      2      8      5      8 -8.506494577674170E-002
      5      8      5      8  -5.73802500000000     
      6     10      5      8  -1.76754435051812     
      2     11      5      8  -3.59665000000000     
      5     11      5      8   1.26883441315248     
      1     12      5      8   1.49337420628589     
      4     12      5      8 -0.430141319453815     
      6      8      6      8  -5.82335000000000     
      6     11      6      8 -0.772150000000000     
      2     12      6      8  -2.73445000000000     
      5     12      6      8  0.772150000000000     
      7      8      7      8  -1.18190000000000     
      8     10      7      8  0.000000000000000E+000
      7     11      7      8  0.000000000000000E+000
     10     11      7      8   2.68608652969334     
      9     12      7      8  -2.68608652969334     
      3      7      1      9  -2.73445000000000     
      1      9      1      9  -5.82335000000000     
      4      9      1      9  0.772150000000000     
      3     10      1      9 -0.772150000000000     
      1      7      2      9 -0.147336808028408     
      4      7      2      9   1.49337420628589     
      3      8      2      9  -5.32105000000000     
      2      9      2      9  -5.56737500000000     
      5      9      2      9  -1.51717661972872     
      1     10      2      9 -0.147787235155813     
      4     10      2      9   2.19768566997194     
      3     11      2      9  -2.28932661972872     
      3      9      3      9  -8.55780000000000     
      3      7      4      9 -0.772150000000000     
      1      9      4      9  0.772150000000000     
      4      9      4      9  -5.27735000000000     
      3     10      4      9  -3.28045000000000     
      1      7      5      9   1.65817527059114     
      4      7      5      9  0.430141319453815     
      3      8      5      9  -2.28932661972872     
      2      9      5      9  -1.51717661972872     
      5      9      5      9  -5.09687000000000     
      1     10      5      9   1.76754435051812     
      4     10      5      9 -0.208400353166684     
      3     11      5      9  -3.09997000000000     
      2      7      6      9  9.297864341239381E-002
      5      7      6      9   1.51717661972872     
      1      8      6      9   2.77906517310573     
      4      8      6      9  -2.28932661972872     
      6      9      6      9  -5.47440500000000     
      2     10      6      9  -1.51717661972872     
      5     10      6      9  0.377535000000002     
      1     11      6      9   2.28932661972872     
      4     11      6      9 -0.558014999999998     
      3     12      6      9  -2.54195500000000     
      7      9      7      9  -3.08890000000000     
      9     10      7      9  -1.54430000000000     
      8      9      8      9 -0.246325000000000     
      7     10      8      9  -1.64116144144170     
      9     11      8      9 -0.772150000000000     
      1      7      1     10  8.506494577674170E-002
      4      7      1     10  -3.59665000000000     
      3      8      1     10   1.49337420628589     
      2      9      1     10 -0.147787235155813     
      5      9      1     10   1.76754435051812     
      1     10      1     10  -5.73802500000000     
      4     10      1     10  -1.26883441315248     
      3     11      1     10  0.430141319453815     
      2      7      2     10 -8.506494577674170E-002
      5      7      2     10   1.72440000000000     
      1      8      2     10 -8.506494577674170E-002
      4      8      2     10  -4.45885000000000     
      6      9      2     10  -1.51717661972872     
      2     10      2     10  -5.65270000000000     
      5     10      2     10   1.02049220657624     
      1     11      2     10 -0.170649999999998     
      4     11      2     10  0.248342206576241     
      3     12      2     10  -2.28932661972872     
      3      7      3     10  0.772150000000000     
      1      9      3     10 -0.772150000000000     
      4      9      3     10  -3.28045000000000     
      3     10      3     10  -5.27735000000000     
      1      7      4     10  -1.91469587767875     
      4      7      4     10  -1.26883441315248     
      3      8      4     10   2.19768566997194     
      2      9      4     10   2.19768566997194     
      5      9      4     10 -0.208400353166684     
      1     10      4     10  -1.26883441315248     
      4     10      4     10  -8.31716000000000     
      3     11      4     10 -0.208400353166684     
      2      7      5     10  0.864369295426981     
      5      7      5     10  -1.02049220657624     
      1      8      5     10  -1.82171723426636     
      4      8      5     10  0.248342206576241     
      6      9      5     10  0.377535000000002     
      2     10      5     10   1.02049220657624     
      5     10      5     10  -5.71504500000000     
      1     11      5     10 -0.248342206576241     
      4     11      5     10  -2.78259500000000     
      3     12      5     10 -0.558014999999998     
      6      7      6     10   1.51717661972872     
      2      8      6     10   1.65817527059114     
      5      8      6     10  -1.76754435051812     
      6     10      6     10  -5.09687000000000     
      2     11      6     10 -0.430141319453815     
      5     11      6     10 -0.208400353166684     
      1     12      6     10   2.28932661972872     
      4     12      6     10  -3.09997000000000     
      8      9      7     10  -1.64116144144170     
      7     10      7     10  -2.14137500000000     
      9     11      7     10  -1.33740303106431     
      7      8      8     10  0.000000000000000E+000
      8     10      8     10  -1.19385000000000     
      7     11      8     10  -1.89505000000000     
     10     11      8     10 -0.772150000000000     
      9     12      8     10 -0.772150000000000     
      7      9      9     10  -1.54430000000000     
      9     10      9     10  -1.99690000000000     
      2      7      1     11  8.506494577674170E-002
      5      7      1     11  -4.45885000000000     
      1      8      1     11  8.506494577674170E-002
      4      8      1     11   1.72440000000000     
      6      9      1     11   2.28932661972872     
      2     10      1     11 -0.170649999999998     
      5     10      1     11 -0.248342206576241     
      1     11      1     11  -5.65270000000000     
      4     11      1     11  -1.02049220657624     
      3     12      1     11   1.51717661972872     
      6      7      2     11   1.49337420628589     
      2      8      2     11 -8.506494577674170E-002
      5      8      2     11  -3.59665000000000     
      6     10      2     11 -0.430141319453815     
      2     11      2     11  -5.73802500000000     
      5     11      2     11   1.26883441315248     
      1     12      2     11 -0.147787235155813     
      4     12      2     11  -1.76754435051812     
      1      7      3     11   1.65817527059114     
      4      7      3     11   1.76754435051812     
      3      8      3     11  -1.51717661972872     
      2      9      3     11  -2.28932661972872     
      5      9      3     11  -3.09997000000000     
      1     10      3     11  0.430141319453815     
      4     10      3     11 -0.208400353166684     
      3     11      3     11  -5.09687000000000     
      2      7      4     11  -1.82171723426636     
      5      7      4     11 -0.248342206576241     
      1      8      4     11  0.864369295426981     
      4      8      4     11   1.02049220657624     
      6      9      4     11 -0.558014999999998     
      2     10      4     11  0.248342206576241     
      5     10      4     11  -2.78259500000000     
      1     11      4     11  -1.02049220657624     
      4     11      4     11  -5.71504500000000     
      3     12      4     11  0.377535000000002     
      6      7      5     11  -2.19768566997194     
      2      8      5     11  -1.91469587767875     
      5      8      5     11   1.26883441315248     
      6     10      5     11 -0.208400353166684     
      2     11      5     11   1.26883441315248     
      5     11      5     11  -8.31716000000000     
      1     12      5     11  -2.19768566997194     
      4     12      5     11 -0.208400353166684     
      6      8      6     11 -0.772150000000000     
      6     11      6     11  -5.27735000000000     
      2     12      6     11  0.772150000000000     
      5     12      6     11  -3.28045000000000     
      7      8      7     11  0.000000000000000E+000
      8     10      7     11  -1.89505000000000     
      7     11      7     11  -1.19385000000000     
     10     11      7     11 -0.772150000000000     
      9     12      7     11 -0.772150000000000     
      8     11      8     11  -2.14137500000000     
      7     12      8     11  -1.64116144144170     
     10     12      8     11  -1.33740303106431     
      8      9      9     11 -0.772150000000000     
      7     10      9     11  -1.33740303106431     
      9     11      9     11  -1.99690000000000     
      7      8     10     11   2.68608652969334     
      8     10     10     11 -0.772150000000000     
      7     11     10     11 -0.772150000000000     
     10     11     10     11  -2.93245000000000     
      9     12     10     11  0.935550000000000     
      6      7      1     12  -5.32105000000000     
      2      8      1     12  0.147336808028408     
      5      8      1     12   1.49337420628589     
      6     10      1     12   2.28932661972872     
      2     11      1     12 -0.147787235155813     
      5     11      1     12  -2.19768566997194     
      1     12      1     12  -5.56737500000000     
      4     12      1     12   1.51717661972872     
      6      8      2     12  -2.73445000000000     
      6     11      2     12  0.772150000000000     
      2     12      2     12  -5.82335000000000     
      5     12      2     12 -0.772150000000000     
      2      7      3     12   2.77906517310573     
      5      7      3     12   2.28932661972872     
      1      8      3     12  9.297864341239381E-002
      4      8      3     12  -1.51717661972872     
      6      9      3     12  -2.54195500000000     
      2     10      3     12  -2.28932661972872     
      5     10      3     12 -0.558014999999998     
      1     11      3     12   1.51717661972872     
      4     11      3     12  0.377535000000002     
      3     12      3     12  -5.47440500000000     
      6      7      4     12   2.28932661972872     
      2      8      4     12   1.65817527059114     
      5      8      4     12 -0.430141319453815     
      6     10      4     12  -3.09997000000000     
      2     11      4     12  -1.76754435051812     
      5     11      4     12 -0.208400353166684     
      1     12      4     12   1.51717661972872     
      4     12      4     12  -5.09687000000000     
      6      8      5     12  0.772150000000000     
      6     11      5     12  -3.28045000000000     
      2     12      5     12 -0.772150000000000     
      5     12      5     12  -5.27735000000000     
      6     12      6     12  -8.55780000000000     
      8     11      7     12  -1.64116144144170     
      7     12      7     12 -0.246325000000000     
     10     12      7     12 -0.772150000000000     
      8     12      8     12  -3.08890000000000     
     11     12      8     12  -1.54430000000000     
      7      8      9     12  -2.68608652969334     
      8     10      9     12 -0.772150000000000     
      7     11      9     12 -0.772150000000000     
     10     11      9     12  0.935550000000000     
      9     12      9     12  -2.93245000000000     
      8     11     10     12  -1.33740303106431     
      7     12     10     12 -0.772150000000000     
     10     12     10     12  -1.99690000000000     
      8     12     11     12  -1.54430000000000     
     11     12     11     12  -1.99690000000000     
