      1      1      1      1           2           0   5.45440119811515     
      1      1      1      1           0           0  -11.8111000000000     
      1      1      1      2           2           0 -0.294673616056816     
      1      1      2      1           2           0 -0.294673616056816     
      1      1      2      2           4           0  -6.21417864096664     
      1      1      2      2           2           0   1.81921900500023     
      1      2      1      1           2           0  0.294673616056816     
      1      2      1      2           2           0  0.467344272191284     
      1      2      1      2           0           0  -16.1089177802623     
      1      2      2      1           4           0   11.8982295116753     
      1      2      2      1           2           0  -3.24283212447083     
      1      2      2      2           4           0   7.23948642639693     
      1      2      2      2           2           0   1.36022628522415     
      2      1      1      1           2           0  0.294673616056816     
      2      1      1      2           4           0   11.8982295116753     
      2      1      1      2           2           0  -3.24283212447083     
      2      1      2      1           2           0  0.467344272191284     
      2      1      2      1           0           0  -16.1089177802623     
      2      1      2      2           4           0   7.23948642639693     
      2      1      2      2           2           0   1.36022628522415     
      2      2      1      1           4           0  -6.21417864096664     
      2      2      1      1           2           0   1.81921900500023     
      2      2      1      2           4           0  -7.23948642639693     
      2      2      1      2           2           0  -1.36022628522415     
      2      2      2      1           4           0  -7.23948642639693     
      2      2      2      1           2           0  -1.36022628522415     
      2      2      2      2           6           0   6.72538077391719     
      2      2      2      2           4           0  -8.17950312067457     
      2      2      2      2           2           0   5.44479697638718     
      2      2      2      2           0           0  -24.4064250000000     
      1      1      1      1           2           0   5.45440119811515     
      1      1      1      1           0           0  -11.8111000000000     
      1      1      1      2           2           0 -0.294673616056816     
      1      1      2      1           2           0 -0.294673616056816     
      1      1      2      2           4           0  -6.21417864096664     
      1      1      2      2           2           0   1.81921900500023     
      1      2      1      1           2           0  0.294673616056816     
      1      2      1      2           2           0  0.467344272191284     
      1      2      1      2           0           0  -16.1089177802623     
      1      2      2      1           4           0   11.8982295116753     
      1      2      2      1           2           0  -3.24283212447083     
      1      2      2      2           4           0   7.23948642639693     
      1      2      2      2           2           0   1.36022628522415     
      2      1      1      1           2           0  0.294673616056816     
      2      1      1      2           4           0   11.8982295116753     
      2      1      1      2           2           0  -3.24283212447083     
      2      1      2      1           2           0  0.467344272191284     
      2      1      2      1           0           0  -16.1089177802623     
      2      1      2      2           4           0   7.23948642639693     
      2      1      2      2           2           0   1.36022628522415     
      2      2      1      1           4           0  -6.21417864096664     
      2      2      1      1           2           0   1.81921900500023     
      2      2      1      2           4           0  -7.23948642639693     
      2      2      1      2           2           0  -1.36022628522415     
      2      2      2      1           4           0  -7.23948642639693     
      2      2      2      1           2           0  -1.36022628522415     
      2      2      2      2           6           0   6.72538077391719     
      2      2      2      2           4           0  -8.17950312067457     
      2      2      2      2           2           0   5.44479697638718     
      2      2      2      2           0           0  -24.4064250000000     
          60           6
   1   1   3   3   0   0   0   0-11.8111   1   1
   1   1   3   3   2   0   0   0  5.4544   1   1
   1   1   3   4   2   0   0   0 -0.2947   1   1
   1   1   4   3   2   0   0   0  0.2947   1   1
   1   1   4   4   0   0   0   0-16.1089   1   1
   1   1   4   4   2   0   0   0  0.4673   1   1
   1   2   3   3   2   0   0   0 -0.2947   1   1
   1   2   3   4   2   0   0   0  1.8192   1   1
   1   2   3   4   4   0   0   0 -6.2142   1   1
   1   2   4   3   2   0   0   0 -3.2428   1   1
   1   2   4   3   4   0   0   0 11.8982   1   1
   1   2   4   4   2   0   0   0  1.3602   1   1
   1   2   4   4   4   0   0   0  7.2395   1   1
   2   1   3   3   2   0   0   0  0.2947   1   1
   2   1   3   4   2   0   0   0 -3.2428   1   1
   2   1   3   4   4   0   0   0 11.8982   1   1
   2   1   4   3   2   0   0   0  1.8192   1   1
   2   1   4   3   4   0   0   0 -6.2142   1   1
   2   1   4   4   2   0   0   0 -1.3602   1   1
   2   1   4   4   4   0   0   0 -7.2395   1   1
   2   2   3   3   0   0   0   0-16.1089   1   1
   2   2   3   3   2   0   0   0  0.4673   1   1
   2   2   3   4   2   0   0   0  1.3602   1   1
   2   2   3   4   4   0   0   0  7.2395   1   1
   2   2   4   3   2   0   0   0 -1.3602   1   1
   2   2   4   3   4   0   0   0 -7.2395   1   1
   2   2   4   4   0   0   0   0-24.4064   1   1
   2   2   4   4   2   0   0   0  5.4448   1   1
   2   2   4   4   4   0   0   0 -8.1795   1   1
   2   2   4   4   6   0   0   0  6.7254   1   1
   3   3   1   1   0   0   0   0-11.8111   1   1
   3   3   1   1   2   0   0   0  5.4544   1   1
   3   3   1   2   2   0   0   0 -0.2947   1   1
   3   3   2   1   2   0   0   0  0.2947   1   1
   3   3   2   2   0   0   0   0-16.1089   1   1
   3   3   2   2   2   0   0   0  0.4673   1   1
   3   4   1   1   2   0   0   0 -0.2947   1   1
   3   4   1   2   2   0   0   0  1.8192   1   1
   3   4   1   2   4   0   0   0 -6.2142   1   1
   3   4   2   1   2   0   0   0 -3.2428   1   1
   3   4   2   1   4   0   0   0 11.8982   1   1
   3   4   2   2   2   0   0   0  1.3602   1   1
   3   4   2   2   4   0   0   0  7.2395   1   1
   4   3   1   1   2   0   0   0  0.2947   1   1
   4   3   1   2   2   0   0   0 -3.2428   1   1
   4   3   1   2   4   0   0   0 11.8982   1   1
   4   3   2   1   2   0   0   0  1.8192   1   1
   4   3   2   1   4   0   0   0 -6.2142   1   1
   4   3   2   2   2   0   0   0 -1.3602   1   1
   4   3   2   2   4   0   0   0 -7.2395   1   1
   4   4   1   1   0   0   0   0-16.1089   1   1
   4   4   1   1   2   0   0   0  0.4673   1   1
   4   4   1   2   2   0   0   0  1.3602   1   1
   4   4   1   2   4   0   0   0  7.2395   1   1
   4   4   2   1   2   0   0   0 -1.3602   1   1
   4   4   2   1   4   0   0   0 -7.2395   1   1
   4   4   2   2   0   0   0   0-24.4064   1   1
   4   4   2   2   2   0   0   0  5.4448   1   1
   4   4   2   2   4   0   0   0 -8.1795   1   1
   4   4   2   2   6   0   0   0  6.7254   1   1
