 ! Total Interaction
  20
   1   1   1   1     1     0  -7.4801
   1   2   1   1     1     0  -0.2406
   2   2   1   1     1     0   3.0274
   1   1   1   2     1     0  -0.2406
   1   2   1   2     1     0 -11.6653
   2   2   1   2     1     0  -5.6744
   1   1   2   2     1     0   3.0274
   1   2   2   2     1     0  -5.6744
   2   2   2   2     1     0  -7.9562
   1   2   1   2     2     0  -8.5578
   2   2   2   2     3     0  -8.5578
   1   1   1   1     0     1  -1.1819
   2   2   1   1     0     1  -3.7987
   1   1   2   2     0     1  -3.7987
   2   2   2   2     0     1  -3.8680
   1   2   1   2     1     1   0.7012
   1   2   1   2     2     1  -3.0889
   2   2   1   2     2     1   1.5443
   1   2   2   2     2     1   1.5443
   2   2   2   2     2     1  -1.9969
