      1      2      1      2  -1.03150000000000     
      2      4      1      2  0.000000000000000E+000
      1      5      1      2  0.000000000000000E+000
      4      5      1      2   2.94870598822602     
      3      6      1      2  -2.94870598822602     
      1      3      1      3  -3.39460000000000     
      3      4      1      3  -1.67120000000000     
      2      3      2      3 -0.147850000000000     
      1      4      2      3  -1.87451198649142     
      3      5      2      3 -0.835600000000000     
      2      3      1      4  -1.87451198649142     
      1      4      1      4  -2.31235000000000     
      3      5      1      4  -1.44730165480455     
      1      2      2      4  0.000000000000000E+000
      2      4      2      4  -1.23010000000000     
      1      5      2      4  -2.16450000000000     
      4      5      2      4 -0.835600000000000     
      3      6      2      4 -0.835600000000000     
      1      3      3      4  -1.67120000000000     
      3      4      3      4  -2.21280000000000     
      1      2      1      5  0.000000000000000E+000
      2      4      1      5  -2.16450000000000     
      1      5      1      5  -1.23010000000000     
      4      5      1      5 -0.835600000000000     
      3      6      1      5 -0.835600000000000     
      2      5      2      5  -2.31235000000000     
      1      6      2      5  -1.87451198649142     
      4      6      2      5  -1.44730165480455     
      2      3      3      5 -0.835600000000000     
      1      4      3      5  -1.44730165480455     
      3      5      3      5  -2.21280000000000     
      1      2      4      5   2.94870598822602     
      2      4      4      5 -0.835600000000000     
      1      5      4      5 -0.835600000000000     
      4      5      4      5  -3.09650000000000     
      3      6      4      5  0.883700000000000     
      2      5      1      6  -1.87451198649142     
      1      6      1      6 -0.147850000000000     
      4      6      1      6 -0.835600000000000     
      2      6      2      6  -3.39460000000000     
      5      6      2      6  -1.67120000000000     
      1      2      3      6  -2.94870598822602     
      2      4      3      6 -0.835600000000000     
      1      5      3      6 -0.835600000000000     
      4      5      3      6  0.883700000000000     
      3      6      3      6  -3.09650000000000     
      2      5      4      6  -1.44730165480455     
      1      6      4      6 -0.835600000000000     
      4      6      4      6  -2.21280000000000     
      2      6      5      6  -1.67120000000000     
      5      6      5      6  -2.21280000000000     
      1      7      1      7  -9.01420000000000     
      4      7      1      7  3.418861287036958E-002
      3      8      1      7 -5.921641453178335E-002
      2      9      1      7 -5.921641453178335E-002
      5      9      1      7   1.75550556905981     
      1     10      1      7  3.418861287036958E-002
      4     10      1      7  -2.02708322572114     
      3     11      1      7   1.75550556905981     
      2      7      2      7  -5.02285000000000     
      5      7      2      7  3.418861287036958E-002
      1      8      2      7  -3.99135000000000     
      4      8      2      7 -3.418861287036958E-002
      6      9      2      7  4.595942517784057E-002
      2     10      2      7 -3.418861287036958E-002
      5     10      2      7  0.967582187682727     
      1     11      2      7  3.418861287036958E-002
      4     11      2      7  -1.98112380054329     
      3     12      2      7   2.99466541340386     
      3      7      3      7  -6.73530000000000     
      1      9      3      7  -3.34070000000000     
      4      9      3      7 -0.835600000000000     
      3     10      3      7  0.835600000000000     
      1      7      4      7  3.418861287036958E-002
      4      7      4      7  -6.66468750000000     
      3      8      4      7 -0.122304437649457     
      2      9      4      7   1.75220754884196     
      5      9      4      7  0.488070107208907     
      1     10      4      7  -4.35233750000000     
      4     10      4      7  -1.39917481556094     
      3     11      4      7   1.93537176201346     
      2      7      5      7  3.418861287036959E-002
      5      7      5      7  -6.59407500000000     
      1      8      5      7  3.418861287036959E-002
      4      8      5      7 -0.141224999999998     
      6      9      5      7   1.68096222334142     
      2     10      5      7   2.02327500000000     
      5     10      5      7  -1.11738740778047     
      1     11      5      7  -5.36397500000000     
      4     11      5      7 -0.281787407780472     
      3     12      5      7   2.51656222334142     
      6      7      6      7  -6.52346250000000     
      2      8      6      7  5.921641453178335E-002
      5      8      6      7 -0.122304437649456     
      6     10      6      7   1.68096222334142     
      2     11      6      7   1.75220754884196     
      5     11      6      7  -2.42344186922237     
      1     12      6      7  -6.37561250000000     
      4     12      6      7   2.51656222334142     
      2      7      1      8  -3.99135000000000     
      5      7      1      8  3.418861287036958E-002
      1      8      1      8  -5.02285000000000     
      4      8      1      8 -3.418861287036958E-002
      6      9      1      8   2.99466541340386     
      2     10      1      8 -3.418861287036958E-002
      5     10      1      8  -1.98112380054329     
      1     11      1      8  3.418861287036958E-002
      4     11      1      8  0.967582187682727     
      3     12      1      8  4.595942517784057E-002
      6      7      2      8  5.921641453178335E-002
      2      8      2      8  -9.01420000000000     
      5      8      2      8 -3.418861287036958E-002
      6     10      2      8   1.75550556905981     
      2     11      2      8 -3.418861287036958E-002
      5     11      2      8  -2.02708322572114     
      1     12      2      8  5.921641453178335E-002
      4     12      2      8   1.75550556905981     
      1      7      3      8 -5.921641453178335E-002
      4      7      3      8 -0.122304437649456     
      3      8      3      8  -6.52346250000000     
      2      9      3      8  -6.37561250000000     
      5      9      3      8  -2.51656222334142     
      1     10      3      8   1.75220754884196     
      4     10      3      8   2.42344186922237     
      3     11      3      8  -1.68096222334142     
      2      7      4      8 -3.418861287036959E-002
      5      7      4      8 -0.141224999999998     
      1      8      4      8 -3.418861287036959E-002
      4      8      4      8  -6.59407500000000     
      6      9      4      8  -2.51656222334142     
      2     10      4      8  -5.36397500000000     
      5     10      4      8  0.281787407780472     
      1     11      4      8   2.02327500000000     
      4     11      4      8   1.11738740778047     
      3     12      4      8  -1.68096222334142     
      6      7      5      8 -0.122304437649457     
      2      8      5      8 -3.418861287036958E-002
      5      8      5      8  -6.66468750000000     
      6     10      5      8  -1.93537176201346     
      2     11      5      8  -4.35233750000000     
      5     11      5      8   1.39917481556094     
      1     12      5      8   1.75220754884196     
      4     12      5      8 -0.488070107208907     
      6      8      6      8  -6.73530000000000     
      6     11      6      8 -0.835600000000000     
      2     12      6      8  -3.34070000000000     
      5     12      6      8  0.835600000000000     
      7      8      7      8  -1.03150000000000     
      8     10      7      8  0.000000000000000E+000
      7     11      7      8  0.000000000000000E+000
     10     11      7      8   2.94870598822602     
      9     12      7      8  -2.94870598822602     
      3      7      1      9  -3.34070000000000     
      1      9      1      9  -6.73530000000000     
      4      9      1      9  0.835600000000000     
      3     10      1      9 -0.835600000000000     
      1      7      2      9 -5.921641453178335E-002
      4      7      2      9   1.75220754884196     
      3      8      2      9  -6.37561250000000     
      2      9      2      9  -6.52346250000000     
      5      9      2      9  -1.68096222334142     
      1     10      2      9 -0.122304437649456     
      4     10      2      9   2.42344186922237     
      3     11      2      9  -2.51656222334142     
      3      9      3      9  -10.0760000000000     
      3      7      4      9 -0.835600000000000     
      1      9      4      9  0.835600000000000     
      4      9      4      9  -6.14440000000000     
      3     10      4      9  -3.93159999999999     
      1      7      5      9   1.75550556905981     
      4      7      5      9  0.488070107208907     
      3      8      5      9  -2.51656222334142     
      2      9      5      9  -1.68096222334142     
      5      9      5      9  -6.07189000000000     
      1     10      5      9   1.93537176201346     
      4     10      5      9 -8.372733603787452E-002
      3     11      5      9  -3.85909000000000     
      2      7      6      9  4.595942517784057E-002
      5      7      6      9   1.68096222334142     
      1      8      6      9   2.99466541340386     
      4      8      6      9  -2.51656222334142     
      6      9      6      9  -6.47748500000000     
      2     10      6      9  -1.68096222334142     
      5     10      6      9  0.405595000000002     
      1     11      6      9   2.51656222334142     
      4     11      6      9 -0.478104999999998     
      3     12      6      9  -3.38098500000000     
      7      9      7      9  -3.39460000000000     
      9     10      7      9  -1.67120000000000     
      8      9      8      9 -0.147850000000000     
      7     10      8      9  -1.87451198649142     
      9     11      8      9 -0.835600000000000     
      1      7      1     10  3.418861287036958E-002
      4      7      1     10  -4.35233750000000     
      3      8      1     10   1.75220754884196     
      2      9      1     10 -0.122304437649457     
      5      9      1     10   1.93537176201346     
      1     10      1     10  -6.66468750000000     
      4     10      1     10  -1.39917481556094     
      3     11      1     10  0.488070107208907     
      2      7      2     10 -3.418861287036959E-002
      5      7      2     10   2.02327500000000     
      1      8      2     10 -3.418861287036959E-002
      4      8      2     10  -5.36397500000000     
      6      9      2     10  -1.68096222334142     
      2     10      2     10  -6.59407500000000     
      5     10      2     10   1.11738740778047     
      1     11      2     10 -0.141224999999998     
      4     11      2     10  0.281787407780472     
      3     12      2     10  -2.51656222334142     
      3      7      3     10  0.835600000000000     
      1      9      3     10 -0.835600000000000     
      4      9      3     10  -3.93160000000000     
      3     10      3     10  -6.14440000000000     
      1      7      4     10  -2.02708322572114     
      4      7      4     10  -1.39917481556094     
      3      8      4     10   2.42344186922237     
      2      9      4     10   2.42344186922237     
      5      9      4     10 -8.372733603787363E-002
      1     10      4     10  -1.39917481556094     
      4     10      4     10  -9.97932000000000     
      3     11      4     10 -8.372733603787363E-002
      2      7      5     10  0.967582187682727     
      5      7      5     10  -1.11738740778047     
      1      8      5     10  -1.98112380054329     
      4      8      5     10  0.281787407780472     
      6      9      5     10  0.405595000000002     
      2     10      5     10   1.11738740778047     
      5     10      5     10  -6.57416500000000     
      1     11      5     10 -0.281787407780472     
      4     11      5     10  -3.47766500000000     
      3     12      5     10 -0.478104999999998     
      6      7      6     10   1.68096222334142     
      2      8      6     10   1.75550556905981     
      5      8      6     10  -1.93537176201346     
      6     10      6     10  -6.07189000000000     
      2     11      6     10 -0.488070107208907     
      5     11      6     10 -8.372733603787452E-002
      1     12      6     10   2.51656222334142     
      4     12      6     10  -3.85909000000000     
      8      9      7     10  -1.87451198649142     
      7     10      7     10  -2.31235000000000     
      9     11      7     10  -1.44730165480455     
      7      8      8     10  0.000000000000000E+000
      8     10      8     10  -1.23010000000000     
      7     11      8     10  -2.16450000000000     
     10     11      8     10 -0.835600000000000     
      9     12      8     10 -0.835600000000000     
      7      9      9     10  -1.67120000000000     
      9     10      9     10  -2.21280000000000     
      2      7      1     11  3.418861287036959E-002
      5      7      1     11  -5.36397500000000     
      1      8      1     11  3.418861287036959E-002
      4      8      1     11   2.02327500000000     
      6      9      1     11   2.51656222334142     
      2     10      1     11 -0.141224999999998     
      5     10      1     11 -0.281787407780472     
      1     11      1     11  -6.59407500000000     
      4     11      1     11  -1.11738740778047     
      3     12      1     11   1.68096222334142     
      6      7      2     11   1.75220754884196     
      2      8      2     11 -3.418861287036958E-002
      5      8      2     11  -4.35233750000000     
      6     10      2     11 -0.488070107208907     
      2     11      2     11  -6.66468750000000     
      5     11      2     11   1.39917481556094     
      1     12      2     11 -0.122304437649457     
      4     12      2     11  -1.93537176201346     
      1      7      3     11   1.75550556905981     
      4      7      3     11   1.93537176201346     
      3      8      3     11  -1.68096222334142     
      2      9      3     11  -2.51656222334142     
      5      9      3     11  -3.85909000000000     
      1     10      3     11  0.488070107208907     
      4     10      3     11 -8.372733603787452E-002
      3     11      3     11  -6.07189000000000     
      2      7      4     11  -1.98112380054329     
      5      7      4     11 -0.281787407780472     
      1      8      4     11  0.967582187682727     
      4      8      4     11   1.11738740778047     
      6      9      4     11 -0.478104999999998     
      2     10      4     11  0.281787407780472     
      5     10      4     11  -3.47766500000000     
      1     11      4     11  -1.11738740778047     
      4     11      4     11  -6.57416500000000     
      3     12      4     11  0.405595000000002     
      6      7      5     11  -2.42344186922237     
      2      8      5     11  -2.02708322572114     
      5      8      5     11   1.39917481556094     
      6     10      5     11 -8.372733603787363E-002
      2     11      5     11   1.39917481556094     
      5     11      5     11  -9.97932000000000     
      1     12      5     11  -2.42344186922237     
      4     12      5     11 -8.372733603787363E-002
      6      8      6     11 -0.835600000000000     
      6     11      6     11  -6.14440000000000     
      2     12      6     11  0.835600000000000     
      5     12      6     11  -3.93159999999999     
      7      8      7     11  0.000000000000000E+000
      8     10      7     11  -2.16450000000000     
      7     11      7     11  -1.23010000000000     
     10     11      7     11 -0.835600000000000     
      9     12      7     11 -0.835600000000000     
      8     11      8     11  -2.31235000000000     
      7     12      8     11  -1.87451198649142     
     10     12      8     11  -1.44730165480455     
      8      9      9     11 -0.835600000000000     
      7     10      9     11  -1.44730165480455     
      9     11      9     11  -2.21280000000000     
      7      8     10     11   2.94870598822602     
      8     10     10     11 -0.835600000000000     
      7     11     10     11 -0.835600000000000     
     10     11     10     11  -3.09650000000000     
      9     12     10     11  0.883700000000000     
      6      7      1     12  -6.37561250000000     
      2      8      1     12  5.921641453178335E-002
      5      8      1     12   1.75220754884196     
      6     10      1     12   2.51656222334142     
      2     11      1     12 -0.122304437649456     
      5     11      1     12  -2.42344186922237     
      1     12      1     12  -6.52346250000000     
      4     12      1     12   1.68096222334142     
      6      8      2     12  -3.34070000000000     
      6     11      2     12  0.835600000000000     
      2     12      2     12  -6.73530000000000     
      5     12      2     12 -0.835600000000000     
      2      7      3     12   2.99466541340386     
      5      7      3     12   2.51656222334142     
      1      8      3     12  4.595942517784057E-002
      4      8      3     12  -1.68096222334142     
      6      9      3     12  -3.38098500000000     
      2     10      3     12  -2.51656222334142     
      5     10      3     12 -0.478104999999998     
      1     11      3     12   1.68096222334142     
      4     11      3     12  0.405595000000002     
      3     12      3     12  -6.47748500000000     
      6      7      4     12   2.51656222334142     
      2      8      4     12   1.75550556905981     
      5      8      4     12 -0.488070107208907     
      6     10      4     12  -3.85909000000000     
      2     11      4     12  -1.93537176201346     
      5     11      4     12 -8.372733603787452E-002
      1     12      4     12   1.68096222334142     
      4     12      4     12  -6.07189000000000     
      6      8      5     12  0.835600000000000     
      6     11      5     12  -3.93160000000000     
      2     12      5     12 -0.835600000000000     
      5     12      5     12  -6.14440000000000     
      6     12      6     12  -10.0760000000000     
      8     11      7     12  -1.87451198649142     
      7     12      7     12 -0.147850000000000     
     10     12      7     12 -0.835600000000000     
      8     12      8     12  -3.39460000000000     
     11     12      8     12  -1.67120000000000     
      7      8      9     12  -2.94870598822602     
      8     10      9     12 -0.835600000000000     
      7     11      9     12 -0.835600000000000     
     10     11      9     12  0.883700000000000     
      9     12      9     12  -3.09650000000000     
      8     11     10     12  -1.44730165480455     
      7     12     10     12 -0.835600000000000     
     10     12     10     12  -2.21280000000000     
      8     12     11     12  -1.67120000000000     
     11     12     11     12  -2.21280000000000     
