 ! Total Interaction
  20
   1   1   1   1     1     0  -9.0142
   1   2   1   1     1     0  -0.0967
   2   2   1   1     1     0   3.2051
   1   1   1   2     1     0  -0.0967
   1   2   1   2     1     0 -13.8401
   2   2   1   2     1     0  -6.2573
   1   1   2   2     1     0   3.2051
   1   2   2   2     1     0  -6.2573
   2   2   2   2     1     0  -9.8343
   1   2   1   2     2     0 -10.0760
   2   2   2   2     3     0 -10.0760
   1   1   1   1     0     1  -1.0315
   2   2   1   1     0     1  -4.1701
   1   1   2   2     0     1  -4.1701
   2   2   2   2     0     1  -3.9802
   1   2   1   2     1     1   0.9344
   1   2   1   2     2     1  -3.3946
   2   2   1   2     2     1   1.6712
   1   2   2   2     2     1   1.6712
   2   2   2   2     2     1  -2.2128
