      1      1      1      1           2           0   6.91322099079004     
      1      1      1      1           0           0  -14.0370500000000     
      1      1      1      2           2           0 -0.118432829063567     
      1      1      2      1           2           0 -0.118432829063567     
      1      1      2      2           4           0  -6.69627543423855     
      1      1      2      2           2           0   1.83510962855449     
      1      2      1      1           2           0  0.118432829063567     
      1      2      1      2           2           0  0.386760590918337     
      1      2      1      2           0           0  -18.7507217477838     
      1      2      2      1           4           0   14.2563029481974     
      1      2      2      1           2           0  -4.03405458400339     
      1      2      2      2           4           0   7.95806849929623     
      1      2      2      2           2           0   1.54341319662271     
      2      1      1      1           2           0  0.118432829063567     
      2      1      1      2           4           0   14.2563029481974     
      2      1      1      2           2           0  -4.03405458400339     
      2      1      2      1           2           0  0.386760590918337     
      2      1      2      1           0           0  -18.7507217477838     
      2      1      2      2           4           0   7.95806849929623     
      2      1      2      2           2           0   1.54341319662271     
      2      2      1      1           4           0  -6.69627543423855     
      2      2      1      1           2           0   1.83510962855449     
      2      2      1      2           4           0  -7.95806849929623     
      2      2      1      2           2           0  -1.54341319662271     
      2      2      2      1           4           0  -7.95806849929622     
      2      2      2      1           2           0  -1.54341319662271     
      2      2      2      2           6           0   8.94524549643972     
      2      2      2      2           4           0  -9.69826285167220     
      2      2      2      2           2           0   6.27467447981766     
      2      2      2      2           0           0  -28.7697750000000     
      1      1      1      1           2           0   6.91322099079004     
      1      1      1      1           0           0  -14.0370500000000     
      1      1      1      2           2           0 -0.118432829063567     
      1      1      2      1           2           0 -0.118432829063567     
      1      1      2      2           4           0  -6.69627543423855     
      1      1      2      2           2           0   1.83510962855449     
      1      2      1      1           2           0  0.118432829063567     
      1      2      1      2           2           0  0.386760590918337     
      1      2      1      2           0           0  -18.7507217477838     
      1      2      2      1           4           0   14.2563029481974     
      1      2      2      1           2           0  -4.03405458400339     
      1      2      2      2           4           0   7.95806849929623     
      1      2      2      2           2           0   1.54341319662271     
      2      1      1      1           2           0  0.118432829063567     
      2      1      1      2           4           0   14.2563029481974     
      2      1      1      2           2           0  -4.03405458400339     
      2      1      2      1           2           0  0.386760590918337     
      2      1      2      1           0           0  -18.7507217477838     
      2      1      2      2           4           0   7.95806849929623     
      2      1      2      2           2           0   1.54341319662271     
      2      2      1      1           4           0  -6.69627543423855     
      2      2      1      1           2           0   1.83510962855449     
      2      2      1      2           4           0  -7.95806849929623     
      2      2      1      2           2           0  -1.54341319662271     
      2      2      2      1           4           0  -7.95806849929622     
      2      2      2      1           2           0  -1.54341319662271     
      2      2      2      2           6           0   8.94524549643972     
      2      2      2      2           4           0  -9.69826285167220     
      2      2      2      2           2           0   6.27467447981766     
      2      2      2      2           0           0  -28.7697750000000     
          60           6
   1   1   3   3   0   0   0   0-14.0371   1   1
   1   1   3   3   2   0   0   0  6.9132   1   1
   1   1   3   4   2   0   0   0 -0.1184   1   1
   1   1   4   3   2   0   0   0  0.1184   1   1
   1   1   4   4   0   0   0   0-18.7507   1   1
   1   1   4   4   2   0   0   0  0.3868   1   1
   1   2   3   3   2   0   0   0 -0.1184   1   1
   1   2   3   4   2   0   0   0  1.8351   1   1
   1   2   3   4   4   0   0   0 -6.6963   1   1
   1   2   4   3   2   0   0   0 -4.0341   1   1
   1   2   4   3   4   0   0   0 14.2563   1   1
   1   2   4   4   2   0   0   0  1.5434   1   1
   1   2   4   4   4   0   0   0  7.9581   1   1
   2   1   3   3   2   0   0   0  0.1184   1   1
   2   1   3   4   2   0   0   0 -4.0341   1   1
   2   1   3   4   4   0   0   0 14.2563   1   1
   2   1   4   3   2   0   0   0  1.8351   1   1
   2   1   4   3   4   0   0   0 -6.6963   1   1
   2   1   4   4   2   0   0   0 -1.5434   1   1
   2   1   4   4   4   0   0   0 -7.9581   1   1
   2   2   3   3   0   0   0   0-18.7507   1   1
   2   2   3   3   2   0   0   0  0.3868   1   1
   2   2   3   4   2   0   0   0  1.5434   1   1
   2   2   3   4   4   0   0   0  7.9581   1   1
   2   2   4   3   2   0   0   0 -1.5434   1   1
   2   2   4   3   4   0   0   0 -7.9581   1   1
   2   2   4   4   0   0   0   0-28.7698   1   1
   2   2   4   4   2   0   0   0  6.2747   1   1
   2   2   4   4   4   0   0   0 -9.6983   1   1
   2   2   4   4   6   0   0   0  8.9452   1   1
   3   3   1   1   0   0   0   0-14.0371   1   1
   3   3   1   1   2   0   0   0  6.9132   1   1
   3   3   1   2   2   0   0   0 -0.1184   1   1
   3   3   2   1   2   0   0   0  0.1184   1   1
   3   3   2   2   0   0   0   0-18.7507   1   1
   3   3   2   2   2   0   0   0  0.3868   1   1
   3   4   1   1   2   0   0   0 -0.1184   1   1
   3   4   1   2   2   0   0   0  1.8351   1   1
   3   4   1   2   4   0   0   0 -6.6963   1   1
   3   4   2   1   2   0   0   0 -4.0341   1   1
   3   4   2   1   4   0   0   0 14.2563   1   1
   3   4   2   2   2   0   0   0  1.5434   1   1
   3   4   2   2   4   0   0   0  7.9581   1   1
   4   3   1   1   2   0   0   0  0.1184   1   1
   4   3   1   2   2   0   0   0 -4.0341   1   1
   4   3   1   2   4   0   0   0 14.2563   1   1
   4   3   2   1   2   0   0   0  1.8351   1   1
   4   3   2   1   4   0   0   0 -6.6963   1   1
   4   3   2   2   2   0   0   0 -1.5434   1   1
   4   3   2   2   4   0   0   0 -7.9581   1   1
   4   4   1   1   0   0   0   0-18.7507   1   1
   4   4   1   1   2   0   0   0  0.3868   1   1
   4   4   1   2   2   0   0   0  1.5434   1   1
   4   4   1   2   4   0   0   0  7.9581   1   1
   4   4   2   1   2   0   0   0 -1.5434   1   1
   4   4   2   1   4   0   0   0 -7.9581   1   1
   4   4   2   2   0   0   0   0-28.7698   1   1
   4   4   2   2   2   0   0   0  6.2747   1   1
   4   4   2   2   4   0   0   0 -9.6983   1   1
   4   4   2   2   6   0   0   0  8.9452   1   1
