 ! Total Interaction
  20
   1   1   1   1     1     0  -6.7739
   1   2   1   1     1     0  -1.4929
   2   2   1   1     1     0   5.2229
   1   1   1   2     1     0  -1.4929
   1   2   1   2     1     0 -11.2997
   2   2   1   2     1     0  -8.0852
   1   1   2   2     1     0   5.2229
   1   2   2   2     1     0  -8.0852
   2   2   2   2     1     0  -5.4397
   1   2   1   2     2     0  -9.1719
   2   2   2   2     3     0  -9.1719
   1   1   1   1     0     1  -1.2686
   2   2   1   1     0     1  -2.9060
   1   1   2   2     0     1  -2.9060
   2   2   2   2     0     1  -3.3234
   1   2   1   2     1     1   0.1248
   1   2   1   2     2     1  -2.3045
   2   2   1   2     2     1   0.7824
   1   2   2   2     2     1   0.7824
   2   2   2   2     2     1  -1.7513
