      1      2      1      2  -1.26860000000000     
      2      4      1      2  0.000000000000000E+000
      1      5      1      2  0.000000000000000E+000
      4      5      1      2   2.05485230612811     
      3      6      1      2  -2.05485230612811     
      1      3      1      3  -2.30450000000000     
      3      4      1      3 -0.782400000000000     
      2      3      2      3 -0.482525000000000     
      1      4      2      3  -1.05191775670677     
      3      5      2      3 -0.391200000000000     
      2      3      1      4  -1.05191775670677     
      1      4      1      4  -1.69717500000000     
      3      5      1      4 -0.677578275920945     
      1      2      2      4  0.000000000000000E+000
      2      4      2      4  -1.08985000000000     
      1      5      2      4  -1.21465000000000     
      4      5      2      4 -0.391200000000000     
      3      6      2      4 -0.391200000000000     
      1      3      3      4 -0.782400000000000     
      3      4      3      4  -1.75130000000000     
      1      2      1      5  0.000000000000000E+000
      2      4      1      5  -1.21465000000000     
      1      5      1      5  -1.08985000000000     
      4      5      1      5 -0.391200000000000     
      3      6      1      5 -0.391200000000000     
      2      5      2      5  -1.69717500000000     
      1      6      2      5  -1.05191775670677     
      4      6      2      5 -0.677578275920945     
      2      3      3      5 -0.391200000000000     
      1      4      3      5 -0.677578275920945     
      3      5      3      5  -1.75130000000000     
      1      2      4      5   2.05485230612811     
      2      4      4      5 -0.391200000000000     
      1      5      4      5 -0.391200000000000     
      4      5      4      5  -2.53735000000000     
      3      6      4      5  0.786050000000000     
      2      5      1      6  -1.05191775670677     
      1      6      1      6 -0.482525000000000     
      4      6      1      6 -0.391200000000000     
      2      6      2      6  -2.30450000000000     
      5      6      2      6 -0.782400000000000     
      1      2      3      6  -2.05485230612811     
      2      4      3      6 -0.391200000000000     
      1      5      3      6 -0.391200000000000     
      4      5      3      6  0.786050000000000     
      3      6      3      6  -2.53735000000000     
      2      5      4      6 -0.677578275920945     
      1      6      4      6 -0.391200000000000     
      4      6      4      6  -1.75130000000000     
      2      6      5      6 -0.782400000000000     
      5      6      5      6  -1.75130000000000     
      1      7      1      7  -6.77390000000000     
      4      7      1      7  0.527819856816699     
      3      8      1      7 -0.914210809250252     
      2      9      1      7 -0.914210809250252     
      5      9      1      7   2.86070014559373     
      1     10      1      7  0.527819856816699     
      4     10      1      7  -3.30325199825869     
      3     11      1      7   2.86070014559373     
      2      7      2      7  -4.02125000000000     
      5      7      2      7  0.527819856816699     
      1      8      2      7  -2.75265000000000     
      4      8      2      7 -0.527819856816699     
      6      9      2      7   1.45001284562996     
      2     10      2      7 -0.527819856816699     
      5     10      2      7  0.201613153499382     
      1     11      2      7  0.527819856816699     
      4     11      2      7  -1.85323915262873     
      3     12      2      7   3.50486515175807     
      3      7      3      7  -5.73820000000000     
      1      9      3      7  -3.43370000000000     
      4      9      3      7 -0.391200000000000     
      3     10      3      7  0.391200000000000     
      1      7      4      7  0.527819856816699     
      4      7      4      7  -5.70051250000000     
      3      8      4      7 -6.527666481025135E-002
      2      9      4      7  0.986641091896518     
      5      9      4      7   1.22690310957734     
      1     10      4      7  -4.00333750000000     
      4     10      4      7  -1.80790568116813     
      3     11      4      7   1.90448138549828     
      2      7      5      7  0.527819856816699     
      5      7      5      7  -5.66282500000000     
      1      8      5      7  0.527819856816699     
      4      8      5      7 -7.537499999999875E-002
      6      9      5      7   2.51625852175220     
      2     10      5      7   1.13927500000000     
      5     10      5      7  -1.09955284058407     
      1     11      5      7  -4.57297500000000     
      4     11      5      7 -0.708352840584066     
      3     12      5      7   2.90745852175220     
      6      7      6      7  -5.62513750000000     
      2      8      6      7  0.914210809250252     
      5      8      6      7 -6.527666481025135E-002
      6     10      6      7   2.51625852175220     
      2     11      6      7  0.986641091896518     
      5     11      6      7  -3.13138449507562     
      1     12      6      7  -5.14261250000000     
      4     12      6      7   2.90745852175220     
      2      7      1      8  -2.75265000000000     
      5      7      1      8  0.527819856816699     
      1      8      1      8  -4.02125000000000     
      4      8      1      8 -0.527819856816699     
      6      9      1      8   3.50486515175807     
      2     10      1      8 -0.527819856816699     
      5     10      1      8  -1.85323915262873     
      1     11      1      8  0.527819856816699     
      4     11      1      8  0.201613153499382     
      3     12      1      8   1.45001284562996     
      6      7      2      8  0.914210809250252     
      2      8      2      8  -6.77390000000000     
      5      8      2      8 -0.527819856816699     
      6     10      2      8   2.86070014559373     
      2     11      2      8 -0.527819856816699     
      5     11      2      8  -3.30325199825869     
      1     12      2      8  0.914210809250252     
      4     12      2      8   2.86070014559373     
      1      7      3      8 -0.914210809250252     
      4      7      3      8 -6.527666481025135E-002
      3      8      3      8  -5.62513750000000     
      2      9      3      8  -5.14261250000000     
      5      9      3      8  -2.90745852175220     
      1     10      3      8  0.986641091896518     
      4     10      3      8   3.13138449507562     
      3     11      3      8  -2.51625852175220     
      2      7      4      8 -0.527819856816699     
      5      7      4      8 -7.537499999999875E-002
      1      8      4      8 -0.527819856816699     
      4      8      4      8  -5.66282500000000     
      6      9      4      8  -2.90745852175220     
      2     10      4      8  -4.57297500000000     
      5     10      4      8  0.708352840584066     
      1     11      4      8   1.13927500000000     
      4     11      4      8   1.09955284058407     
      3     12      4      8  -2.51625852175220     
      6      7      5      8 -6.527666481025135E-002
      2      8      5      8 -0.527819856816699     
      5      8      5      8  -5.70051250000000     
      6     10      5      8  -1.90448138549828     
      2     11      5      8  -4.00333750000000     
      5     11      5      8   1.80790568116813     
      1     12      5      8  0.986641091896518     
      4     12      5      8  -1.22690310957734     
      6      8      6      8  -5.73820000000000     
      6     11      6      8 -0.391200000000000     
      2     12      6      8  -3.43370000000000     
      5     12      6      8  0.391200000000000     
      7      8      7      8  -1.26860000000000     
      8     10      7      8  0.000000000000000E+000
      7     11      7      8  0.000000000000000E+000
     10     11      7      8   2.05485230612811     
      9     12      7      8  -2.05485230612811     
      3      7      1      9  -3.43370000000000     
      1      9      1      9  -5.73820000000000     
      4      9      1      9  0.391200000000000     
      3     10      1      9 -0.391200000000000     
      1      7      2      9 -0.914210809250252     
      4      7      2      9  0.986641091896518     
      3      8      2      9  -5.14261250000000     
      2      9      2      9  -5.62513750000000     
      5      9      2      9  -2.51625852175220     
      1     10      2      9 -6.527666481025135E-002
      4     10      2      9   3.13138449507562     
      3     11      2      9  -2.90745852175220     
      3      9      3      9  -9.17190000000000     
      3      7      4      9 -0.391200000000000     
      1      9      4      9  0.391200000000000     
      4      9      4      9  -5.46160000000000     
      3     10      4      9  -3.71030000000000     
      1      7      5      9   2.86070014559373     
      4      7      5      9   1.22690310957734     
      3      8      5      9  -2.90745852175220     
      2      9      5      9  -2.51625852175220     
      5      9      5      9  -4.34194000000000     
      1     10      5      9   1.90448138549828     
      4     10      5      9  -1.29287200480171     
      3     11      5      9  -2.59064000000000     
      2      7      6      9   1.45001284562996     
      5      7      6      9   2.51625852175220     
      1      8      6      9   3.50486515175807     
      4      8      6      9  -2.90745852175220     
      6      9      6      9  -4.17513500000000     
      2     10      6      9  -2.51625852175220     
      5     10      6      9 -0.166804999999998     
      1     11      6      9   2.90745852175220     
      4     11      6      9 -0.952854999999998     
      3     12      6      9  -1.63778500000000     
      7      9      7      9  -2.30450000000000     
      9     10      7      9 -0.782400000000000     
      8      9      8      9 -0.482525000000000     
      7     10      8      9  -1.05191775670677     
      9     11      8      9 -0.391200000000000     
      1      7      1     10  0.527819856816699     
      4      7      1     10  -4.00333750000000     
      3      8      1     10  0.986641091896518     
      2      9      1     10 -6.527666481025135E-002
      5      9      1     10   1.90448138549828     
      1     10      1     10  -5.70051250000000     
      4     10      1     10  -1.80790568116813     
      3     11      1     10   1.22690310957734     
      2      7      2     10 -0.527819856816699     
      5      7      2     10   1.13927500000000     
      1      8      2     10 -0.527819856816699     
      4      8      2     10  -4.57297500000000     
      6      9      2     10  -2.51625852175220     
      2     10      2     10  -5.66282500000000     
      5     10      2     10   1.09955284058407     
      1     11      2     10 -7.537499999999875E-002
      4     11      2     10  0.708352840584066     
      3     12      2     10  -2.90745852175220     
      3      7      3     10  0.391200000000000     
      1      9      3     10 -0.391200000000000     
      4      9      3     10  -3.71030000000000     
      3     10      3     10  -5.46160000000000     
      1      7      4     10  -3.30325199825869     
      4      7      4     10  -1.80790568116813     
      3      8      4     10   3.13138449507562     
      2      9      4     10   3.13138449507562     
      5      9      4     10  -1.29287200480171     
      1     10      4     10  -1.80790568116813     
      4     10      4     10  -7.67902000000000     
      3     11      4     10  -1.29287200480171     
      2      7      5     10  0.201613153499382     
      5      7      5     10  -1.09955284058407     
      1      8      5     10  -1.85323915262873     
      4      8      5     10  0.708352840584066     
      6      9      5     10 -0.166804999999998     
      2     10      5     10   1.09955284058407     
      5     10      5     10  -5.66801500000000     
      1     11      5     10 -0.708352840584066     
      4     11      5     10  -3.13066500000000     
      3     12      5     10 -0.952854999999998     
      6      7      6     10   2.51625852175220     
      2      8      6     10   2.86070014559373     
      5      8      6     10  -1.90448138549828     
      6     10      6     10  -4.34194000000000     
      2     11      6     10  -1.22690310957734     
      5     11      6     10  -1.29287200480171     
      1     12      6     10   2.90745852175220     
      4     12      6     10  -2.59064000000000     
      8      9      7     10  -1.05191775670677     
      7     10      7     10  -1.69717500000000     
      9     11      7     10 -0.677578275920945     
      7      8      8     10  0.000000000000000E+000
      8     10      8     10  -1.08985000000000     
      7     11      8     10  -1.21465000000000     
     10     11      8     10 -0.391200000000000     
      9     12      8     10 -0.391200000000000     
      7      9      9     10 -0.782400000000000     
      9     10      9     10  -1.75130000000000     
      2      7      1     11  0.527819856816699     
      5      7      1     11  -4.57297500000000     
      1      8      1     11  0.527819856816699     
      4      8      1     11   1.13927500000000     
      6      9      1     11   2.90745852175220     
      2     10      1     11 -7.537499999999875E-002
      5     10      1     11 -0.708352840584066     
      1     11      1     11  -5.66282500000000     
      4     11      1     11  -1.09955284058407     
      3     12      1     11   2.51625852175220     
      6      7      2     11  0.986641091896518     
      2      8      2     11 -0.527819856816699     
      5      8      2     11  -4.00333750000000     
      6     10      2     11  -1.22690310957734     
      2     11      2     11  -5.70051250000000     
      5     11      2     11   1.80790568116813     
      1     12      2     11 -6.527666481025135E-002
      4     12      2     11  -1.90448138549828     
      1      7      3     11   2.86070014559373     
      4      7      3     11   1.90448138549828     
      3      8      3     11  -2.51625852175220     
      2      9      3     11  -2.90745852175220     
      5      9      3     11  -2.59064000000000     
      1     10      3     11   1.22690310957734     
      4     10      3     11  -1.29287200480171     
      3     11      3     11  -4.34194000000000     
      2      7      4     11  -1.85323915262873     
      5      7      4     11 -0.708352840584066     
      1      8      4     11  0.201613153499382     
      4      8      4     11   1.09955284058407     
      6      9      4     11 -0.952854999999998     
      2     10      4     11  0.708352840584066     
      5     10      4     11  -3.13066500000000     
      1     11      4     11  -1.09955284058407     
      4     11      4     11  -5.66801500000000     
      3     12      4     11 -0.166804999999998     
      6      7      5     11  -3.13138449507562     
      2      8      5     11  -3.30325199825869     
      5      8      5     11   1.80790568116813     
      6     10      5     11  -1.29287200480171     
      2     11      5     11   1.80790568116813     
      5     11      5     11  -7.67902000000000     
      1     12      5     11  -3.13138449507562     
      4     12      5     11  -1.29287200480171     
      6      8      6     11 -0.391200000000000     
      6     11      6     11  -5.46160000000000     
      2     12      6     11  0.391200000000000     
      5     12      6     11  -3.71030000000000     
      7      8      7     11  0.000000000000000E+000
      8     10      7     11  -1.21465000000000     
      7     11      7     11  -1.08985000000000     
     10     11      7     11 -0.391200000000000     
      9     12      7     11 -0.391200000000000     
      8     11      8     11  -1.69717500000000     
      7     12      8     11  -1.05191775670677     
     10     12      8     11 -0.677578275920945     
      8      9      9     11 -0.391200000000000     
      7     10      9     11 -0.677578275920945     
      9     11      9     11  -1.75130000000000     
      7      8     10     11   2.05485230612811     
      8     10     10     11 -0.391200000000000     
      7     11     10     11 -0.391200000000000     
     10     11     10     11  -2.53735000000000     
      9     12     10     11  0.786050000000000     
      6      7      1     12  -5.14261250000000     
      2      8      1     12  0.914210809250252     
      5      8      1     12  0.986641091896518     
      6     10      1     12   2.90745852175220     
      2     11      1     12 -6.527666481025135E-002
      5     11      1     12  -3.13138449507562     
      1     12      1     12  -5.62513750000000     
      4     12      1     12   2.51625852175220     
      6      8      2     12  -3.43370000000000     
      6     11      2     12  0.391200000000000     
      2     12      2     12  -5.73820000000000     
      5     12      2     12 -0.391200000000000     
      2      7      3     12   3.50486515175807     
      5      7      3     12   2.90745852175220     
      1      8      3     12   1.45001284562996     
      4      8      3     12  -2.51625852175220     
      6      9      3     12  -1.63778500000000     
      2     10      3     12  -2.90745852175220     
      5     10      3     12 -0.952854999999998     
      1     11      3     12   2.51625852175220     
      4     11      3     12 -0.166804999999998     
      3     12      3     12  -4.17513500000000     
      6      7      4     12   2.90745852175220     
      2      8      4     12   2.86070014559373     
      5      8      4     12  -1.22690310957734     
      6     10      4     12  -2.59064000000000     
      2     11      4     12  -1.90448138549828     
      5     11      4     12  -1.29287200480171     
      1     12      4     12   2.51625852175220     
      4     12      4     12  -4.34194000000000     
      6      8      5     12  0.391200000000000     
      6     11      5     12  -3.71030000000000     
      2     12      5     12 -0.391200000000000     
      5     12      5     12  -5.46160000000000     
      6     12      6     12  -9.17190000000000     
      8     11      7     12  -1.05191775670677     
      7     12      7     12 -0.482525000000000     
     10     12      7     12 -0.391200000000000     
      8     12      8     12  -2.30450000000000     
     11     12      8     12 -0.782400000000000     
      7      8      9     12  -2.05485230612811     
      8     10      9     12 -0.391200000000000     
      7     11      9     12 -0.391200000000000     
     10     11      9     12  0.786050000000000     
      9     12      9     12  -2.53735000000000     
      8     11     10     12 -0.677578275920945     
      7     12     10     12 -0.391200000000000     
     10     12     10     12  -1.75130000000000     
      8     12     11     12 -0.782400000000000     
     11     12     11     12  -1.75130000000000     
