      1      1      1      1           2           0   4.76772965545447     
      1      1      1      1           0           0  -10.7951500000000     
      1      1      1      2           2           0  -1.82842161850050     
      1      1      2      1           2           0  -1.82842161850050     
      1      1      2      2           4           0  -7.83711673130116     
      1      1      2      2           2           0   5.37219606585235     
      1      2      1      1           2           0   1.82842161850050     
      1      2      1      2           2           0  0.206422938859761     
      1      2      1      2           0           0  -16.0701860063228     
      1      2      2      1           4           0   11.4992311319401     
      1      2      2      1           2           0  -4.96070176605274     
      1      2      2      2           4           0   9.19419113120315     
      1      2      2      2           2           0   3.87980829460753     
      2      1      1      1           2           0   1.82842161850050     
      2      1      1      2           4           0   11.4992311319401     
      2      1      1      2           2           0  -4.96070176605274     
      2      1      2      1           2           0  0.206422938859761     
      2      1      2      1           0           0  -16.0701860063228     
      2      1      2      2           4           0   9.19419113120315     
      2      1      2      2           2           0   3.87980829460753     
      2      2      1      1           4           0  -7.83711673130116     
      2      2      1      1           2           0   5.37219606585235     
      2      2      1      2           4           0  -9.19419113120315     
      2      2      1      2           2           0  -3.87980829460753     
      2      2      2      1           4           0  -9.19419113120315     
      2      2      2      1           2           0  -3.87980829460753     
      2      2      2      2           6           0   4.33317181099192     
      2      2      2      2           4           0  -7.92349569793062     
      2      2      2      2           2           0   9.30108685588276     
      2      2      2      2           0           0  -23.1505750000000     
      1      1      1      1           2           0   4.76772965545447     
      1      1      1      1           0           0  -10.7951500000000     
      1      1      1      2           2           0  -1.82842161850050     
      1      1      2      1           2           0  -1.82842161850050     
      1      1      2      2           4           0  -7.83711673130116     
      1      1      2      2           2           0   5.37219606585235     
      1      2      1      1           2           0   1.82842161850050     
      1      2      1      2           2           0  0.206422938859761     
      1      2      1      2           0           0  -16.0701860063228     
      1      2      2      1           4           0   11.4992311319401     
      1      2      2      1           2           0  -4.96070176605274     
      1      2      2      2           4           0   9.19419113120315     
      1      2      2      2           2           0   3.87980829460753     
      2      1      1      1           2           0   1.82842161850050     
      2      1      1      2           4           0   11.4992311319401     
      2      1      1      2           2           0  -4.96070176605274     
      2      1      2      1           2           0  0.206422938859761     
      2      1      2      1           0           0  -16.0701860063228     
      2      1      2      2           4           0   9.19419113120315     
      2      1      2      2           2           0   3.87980829460753     
      2      2      1      1           4           0  -7.83711673130116     
      2      2      1      1           2           0   5.37219606585235     
      2      2      1      2           4           0  -9.19419113120315     
      2      2      1      2           2           0  -3.87980829460753     
      2      2      2      1           4           0  -9.19419113120315     
      2      2      2      1           2           0  -3.87980829460753     
      2      2      2      2           6           0   4.33317181099192     
      2      2      2      2           4           0  -7.92349569793062     
      2      2      2      2           2           0   9.30108685588276     
      2      2      2      2           0           0  -23.1505750000000     
          60           6
   1   1   3   3   0   0   0   0-10.7952   1   1
   1   1   3   3   2   0   0   0  4.7677   1   1
   1   1   3   4   2   0   0   0 -1.8284   1   1
   1   1   4   3   2   0   0   0  1.8284   1   1
   1   1   4   4   0   0   0   0-16.0702   1   1
   1   1   4   4   2   0   0   0  0.2064   1   1
   1   2   3   3   2   0   0   0 -1.8284   1   1
   1   2   3   4   2   0   0   0  5.3722   1   1
   1   2   3   4   4   0   0   0 -7.8371   1   1
   1   2   4   3   2   0   0   0 -4.9607   1   1
   1   2   4   3   4   0   0   0 11.4992   1   1
   1   2   4   4   2   0   0   0  3.8798   1   1
   1   2   4   4   4   0   0   0  9.1942   1   1
   2   1   3   3   2   0   0   0  1.8284   1   1
   2   1   3   4   2   0   0   0 -4.9607   1   1
   2   1   3   4   4   0   0   0 11.4992   1   1
   2   1   4   3   2   0   0   0  5.3722   1   1
   2   1   4   3   4   0   0   0 -7.8371   1   1
   2   1   4   4   2   0   0   0 -3.8798   1   1
   2   1   4   4   4   0   0   0 -9.1942   1   1
   2   2   3   3   0   0   0   0-16.0702   1   1
   2   2   3   3   2   0   0   0  0.2064   1   1
   2   2   3   4   2   0   0   0  3.8798   1   1
   2   2   3   4   4   0   0   0  9.1942   1   1
   2   2   4   3   2   0   0   0 -3.8798   1   1
   2   2   4   3   4   0   0   0 -9.1942   1   1
   2   2   4   4   0   0   0   0-23.1506   1   1
   2   2   4   4   2   0   0   0  9.3011   1   1
   2   2   4   4   4   0   0   0 -7.9235   1   1
   2   2   4   4   6   0   0   0  4.3332   1   1
   3   3   1   1   0   0   0   0-10.7952   1   1
   3   3   1   1   2   0   0   0  4.7677   1   1
   3   3   1   2   2   0   0   0 -1.8284   1   1
   3   3   2   1   2   0   0   0  1.8284   1   1
   3   3   2   2   0   0   0   0-16.0702   1   1
   3   3   2   2   2   0   0   0  0.2064   1   1
   3   4   1   1   2   0   0   0 -1.8284   1   1
   3   4   1   2   2   0   0   0  5.3722   1   1
   3   4   1   2   4   0   0   0 -7.8371   1   1
   3   4   2   1   2   0   0   0 -4.9607   1   1
   3   4   2   1   4   0   0   0 11.4992   1   1
   3   4   2   2   2   0   0   0  3.8798   1   1
   3   4   2   2   4   0   0   0  9.1942   1   1
   4   3   1   1   2   0   0   0  1.8284   1   1
   4   3   1   2   2   0   0   0 -4.9607   1   1
   4   3   1   2   4   0   0   0 11.4992   1   1
   4   3   2   1   2   0   0   0  5.3722   1   1
   4   3   2   1   4   0   0   0 -7.8371   1   1
   4   3   2   2   2   0   0   0 -3.8798   1   1
   4   3   2   2   4   0   0   0 -9.1942   1   1
   4   4   1   1   0   0   0   0-16.0702   1   1
   4   4   1   1   2   0   0   0  0.2064   1   1
   4   4   1   2   2   0   0   0  3.8798   1   1
   4   4   1   2   4   0   0   0  9.1942   1   1
   4   4   2   1   2   0   0   0 -3.8798   1   1
   4   4   2   1   4   0   0   0 -9.1942   1   1
   4   4   2   2   0   0   0   0-23.1506   1   1
   4   4   2   2   2   0   0   0  9.3011   1   1
   4   4   2   2   4   0   0   0 -7.9235   1   1
   4   4   2   2   6   0   0   0  4.3332   1   1
