 ! Total Interaction
  20
   1   1   1   1     1     0  -8.6310
   1   2   1   1     1     0  -1.7316
   2   2   1   1     1     0   5.8847
   1   1   1   2     1     0  -1.7316
   1   2   1   2     1     0 -13.6066
   2   2   1   2     1     0  -9.0316
   1   1   2   2     1     0   5.8847
   1   2   2   2     1     0  -9.0316
   2   2   2   2     1     0  -7.0288
   1   2   1   2     2     0 -11.3577
   2   2   2   2     3     0 -11.3577
   1   1   1   1     0     1  -1.1596
   2   2   1   1     0     1  -3.6369
   1   1   2   2     0     1  -3.6369
   2   2   2   2     0     1  -3.7313
   1   2   1   2     1     1   0.3995
   1   2   1   2     2     1  -2.8890
   2   2   1   2     2     1   0.8934
   1   2   2   2     2     1   0.8934
   2   2   2   2     2     1  -2.2573
