      1      2      1      2  -1.15960000000000     
      2      4      1      2  0.000000000000000E+000
      1      5      1      2  0.000000000000000E+000
      4      5      1      2   2.57167665249735     
      3      6      1      2  -2.57167665249735     
      1      3      1      3  -2.88900000000000     
      3      4      1      3 -0.893400000000000     
      2      3      2      3 -0.422625000000000     
      1      4      2      3  -1.42396227017256     
      3      5      2      3 -0.446700000000000     
      2      3      1      4  -1.42396227017256     
      1      4      1      4  -2.06687500000000     
      3      5      1      4 -0.773707095741018     
      1      2      2      4  0.000000000000000E+000
      2      4      2      4  -1.24475000000000     
      1      5      2      4  -1.64425000000000     
      4      5      2      4 -0.446700000000000     
      3      6      2      4 -0.446700000000000     
      1      3      3      4 -0.893400000000000     
      3      4      3      4  -2.25730000000000     
      1      2      1      5  0.000000000000000E+000
      2      4      1      5  -1.64425000000000     
      1      5      1      5  -1.24475000000000     
      4      5      1      5 -0.446700000000000     
      3      6      1      5 -0.446700000000000     
      2      5      2      5  -2.06687500000000     
      1      6      2      5  -1.42396227017256     
      4      6      2      5 -0.773707095741018     
      2      3      3      5 -0.446700000000000     
      1      4      3      5 -0.773707095741018     
      3      5      3      5  -2.25730000000000     
      1      2      4      5   2.57167665249735     
      2      4      4      5 -0.446700000000000     
      1      5      4      5 -0.446700000000000     
      4      5      4      5  -2.99430000000000     
      3      6      4      5  0.737000000000000     
      2      5      1      6  -1.42396227017256     
      1      6      1      6 -0.422625000000000     
      4      6      1      6 -0.446700000000000     
      2      6      2      6  -2.88900000000000     
      5      6      2      6 -0.893400000000000     
      1      2      3      6  -2.57167665249735     
      2      4      3      6 -0.446700000000000     
      1      5      3      6 -0.446700000000000     
      4      5      3      6  0.737000000000000     
      3      6      3      6  -2.99430000000000     
      2      5      4      6 -0.773707095741018     
      1      6      4      6 -0.446700000000000     
      4      6      4      6  -2.25730000000000     
      2      6      5      6 -0.893400000000000     
      5      6      5      6  -2.25730000000000     
      1      7      1      7  -8.63100000000000     
      4      7      1      7  0.612213051151313     
      3      8      1      7  -1.06038410965084     
      2      9      1      7  -1.06038410965084     
      5      9      1      7   3.22318293415065     
      1     10      1      7  0.612213051151313     
      4     10      1      7  -3.72181106935857     
      3     11      1      7   3.22318293415065     
      2      7      2      7  -4.89530000000000     
      5      7      2      7  0.612213051151313     
      1      8      2      7  -3.73570000000000     
      4      8      2      7 -0.612213051151313     
      6      9      2      7   1.50551997577025     
      2     10      2      7 -0.612213051151313     
      5     10      2      7  0.355385558909034     
      1     11      2      7  0.612213051151313     
      4     11      2      7  -2.21629109358832     
      3     12      2      7   4.07719662826761     
      3      7      3      7  -7.12335000000000     
      1      9      3      7  -4.23435000000000     
      4      9      3      7 -0.446700000000000     
      3     10      3      7  0.446700000000000     
      1      7      4      7  0.612213051151313     
      4      7      4      7  -6.99340000000000     
      3      8      4      7 -0.225080002443574     
      2      9      4      7   1.19888226772899     
      5      9      4      7   1.36210827160984     
      1     10      4      7  -4.92652500000000     
      4     10      4      7  -2.01952715455871     
      3     11      4      7   2.13581536735086     
      2      7      5      7  0.612213051151313     
      5      7      5      7  -6.86345000000000     
      1      8      5      7  0.612213051151313     
      4      8      5      7 -0.259899999999998     
      6      9      5      7   2.80594073183807     
      2     10      5      7   1.38435000000000     
      5     10      5      7  -1.23311357727936     
      1     11      5      7  -5.61870000000000     
      4     11      5      7 -0.786413577279356     
      3     12      5      7   3.25264073183807     
      6      7      6      7  -6.73350000000000     
      2      8      6      7   1.06038410965084     
      5      8      6      7 -0.225080002443574     
      6     10      6      7   2.80594073183807     
      2     11      6      7   1.19888226772899     
      5     11      6      7  -3.49792363896069     
      1     12      6      7  -6.31087500000000     
      4     12      6      7   3.25264073183807     
      2      7      1      8  -3.73570000000000     
      5      7      1      8  0.612213051151313     
      1      8      1      8  -4.89530000000000     
      4      8      1      8 -0.612213051151313     
      6      9      1      8   4.07719662826761     
      2     10      1      8 -0.612213051151313     
      5     10      1      8  -2.21629109358832     
      1     11      1      8  0.612213051151313     
      4     11      1      8  0.355385558909034     
      3     12      1      8   1.50551997577025     
      6      7      2      8   1.06038410965084     
      2      8      2      8  -8.63100000000000     
      5      8      2      8 -0.612213051151313     
      6     10      2      8   3.22318293415065     
      2     11      2      8 -0.612213051151313     
      5     11      2      8  -3.72181106935857     
      1     12      2      8   1.06038410965084     
      4     12      2      8   3.22318293415065     
      1      7      3      8  -1.06038410965084     
      4      7      3      8 -0.225080002443574     
      3      8      3      8  -6.73350000000000     
      2      9      3      8  -6.31087500000000     
      5      9      3      8  -3.25264073183807     
      1     10      3      8   1.19888226772899     
      4     10      3      8   3.49792363896069     
      3     11      3      8  -2.80594073183807     
      2      7      4      8 -0.612213051151313     
      5      7      4      8 -0.259899999999998     
      1      8      4      8 -0.612213051151313     
      4      8      4      8  -6.86345000000000     
      6      9      4      8  -3.25264073183807     
      2     10      4      8  -5.61870000000000     
      5     10      4      8  0.786413577279356     
      1     11      4      8   1.38435000000000     
      4     11      4      8   1.23311357727936     
      3     12      4      8  -2.80594073183807     
      6      7      5      8 -0.225080002443574     
      2      8      5      8 -0.612213051151313     
      5      8      5      8  -6.99340000000000     
      6     10      5      8  -2.13581536735086     
      2     11      5      8  -4.92652500000000     
      5     11      5      8   2.01952715455871     
      1     12      5      8   1.19888226772899     
      4     12      5      8  -1.36210827160984     
      6      8      6      8  -7.12335000000000     
      6     11      6      8 -0.446700000000000     
      2     12      6      8  -4.23435000000000     
      5     12      6      8  0.446700000000000     
      7      8      7      8  -1.15960000000000     
      8     10      7      8  0.000000000000000E+000
      7     11      7      8  0.000000000000000E+000
     10     11      7      8   2.57167665249735     
      9     12      7      8  -2.57167665249735     
      3      7      1      9  -4.23435000000000     
      1      9      1      9  -7.12335000000000     
      4      9      1      9  0.446700000000000     
      3     10      1      9 -0.446700000000000     
      1      7      2      9  -1.06038410965084     
      4      7      2      9   1.19888226772899     
      3      8      2      9  -6.31087500000000     
      2      9      2      9  -6.73350000000000     
      5      9      2      9  -2.80594073183807     
      1     10      2      9 -0.225080002443574     
      4     10      2      9   3.49792363896069     
      3     11      2      9  -3.25264073183807     
      3      9      3      9  -11.3577000000000     
      3      7      4      9 -0.446700000000000     
      1      9      4      9  0.446700000000000     
      4      9      4      9  -6.80749999999999     
      3     10      4      9  -4.55019999999999     
      1      7      5      9   3.22318293415065     
      4      7      5      9   1.36210827160984     
      3      8      5      9  -3.25264073183807     
      2      9      5      9  -2.80594073183807     
      5      9      5      9  -5.50883000000000     
      1     10      5      9   2.13581536735086     
      4     10      5      9  -1.49957494817698     
      3     11      5      9  -3.25153000000000     
      2      7      6      9   1.50551997577025     
      5      7      6      9   2.80594073183807     
      1      8      6      9   4.07719662826761     
      4      8      6      9  -3.25264073183807     
      6      9      6      9  -5.22799500000000     
      2     10      6      9  -2.80594073183807     
      5     10      6      9 -0.280834999999998     
      1     11      6      9   3.25264073183807     
      4     11      6      9  -1.01783500000000     
      3     12      6      9  -2.23369500000000     
      7      9      7      9  -2.88900000000000     
      9     10      7      9 -0.893400000000000     
      8      9      8      9 -0.422625000000000     
      7     10      8      9  -1.42396227017256     
      9     11      8      9 -0.446700000000000     
      1      7      1     10  0.612213051151313     
      4      7      1     10  -4.92652500000000     
      3      8      1     10   1.19888226772899     
      2      9      1     10 -0.225080002443574     
      5      9      1     10   2.13581536735086     
      1     10      1     10  -6.99340000000000     
      4     10      1     10  -2.01952715455871     
      3     11      1     10   1.36210827160984     
      2      7      2     10 -0.612213051151313     
      5      7      2     10   1.38435000000000     
      1      8      2     10 -0.612213051151313     
      4      8      2     10  -5.61870000000000     
      6      9      2     10  -2.80594073183807     
      2     10      2     10  -6.86345000000000     
      5     10      2     10   1.23311357727936     
      1     11      2     10 -0.259899999999998     
      4     11      2     10  0.786413577279356     
      3     12      2     10  -3.25264073183807     
      3      7      3     10  0.446700000000000     
      1      9      3     10 -0.446700000000000     
      4      9      3     10  -4.55019999999999     
      3     10      3     10  -6.80749999999999     
      1      7      4     10  -3.72181106935857     
      4      7      4     10  -2.01952715455871     
      3      8      4     10   3.49792363896069     
      2      9      4     10   3.49792363896069     
      5      9      4     10  -1.49957494817698     
      1     10      4     10  -2.01952715455871     
      4     10      4     10  -9.62614000000000     
      3     11      4     10  -1.49957494817698     
      2      7      5     10  0.355385558909034     
      5      7      5     10  -1.23311357727936     
      1      8      5     10  -2.21629109358832     
      4      8      5     10  0.786413577279356     
      6      9      5     10 -0.280834999999998     
      2     10      5     10   1.23311357727936     
      5     10      5     10  -6.95955500000000     
      1     11      5     10 -0.786413577279356     
      4     11      5     10  -3.96525500000000     
      3     12      5     10  -1.01783500000000     
      6      7      6     10   2.80594073183807     
      2      8      6     10   3.22318293415065     
      5      8      6     10  -2.13581536735086     
      6     10      6     10  -5.50883000000000     
      2     11      6     10  -1.36210827160984     
      5     11      6     10  -1.49957494817698     
      1     12      6     10   3.25264073183807     
      4     12      6     10  -3.25153000000000     
      8      9      7     10  -1.42396227017256     
      7     10      7     10  -2.06687500000000     
      9     11      7     10 -0.773707095741018     
      7      8      8     10  0.000000000000000E+000
      8     10      8     10  -1.24475000000000     
      7     11      8     10  -1.64425000000000     
     10     11      8     10 -0.446700000000000     
      9     12      8     10 -0.446700000000000     
      7      9      9     10 -0.893400000000000     
      9     10      9     10  -2.25730000000000     
      2      7      1     11  0.612213051151313     
      5      7      1     11  -5.61870000000000     
      1      8      1     11  0.612213051151313     
      4      8      1     11   1.38435000000000     
      6      9      1     11   3.25264073183807     
      2     10      1     11 -0.259899999999998     
      5     10      1     11 -0.786413577279356     
      1     11      1     11  -6.86345000000000     
      4     11      1     11  -1.23311357727936     
      3     12      1     11   2.80594073183807     
      6      7      2     11   1.19888226772899     
      2      8      2     11 -0.612213051151313     
      5      8      2     11  -4.92652500000000     
      6     10      2     11  -1.36210827160984     
      2     11      2     11  -6.99340000000000     
      5     11      2     11   2.01952715455871     
      1     12      2     11 -0.225080002443574     
      4     12      2     11  -2.13581536735086     
      1      7      3     11   3.22318293415065     
      4      7      3     11   2.13581536735086     
      3      8      3     11  -2.80594073183807     
      2      9      3     11  -3.25264073183807     
      5      9      3     11  -3.25153000000000     
      1     10      3     11   1.36210827160984     
      4     10      3     11  -1.49957494817698     
      3     11      3     11  -5.50883000000000     
      2      7      4     11  -2.21629109358832     
      5      7      4     11 -0.786413577279356     
      1      8      4     11  0.355385558909034     
      4      8      4     11   1.23311357727936     
      6      9      4     11  -1.01783500000000     
      2     10      4     11  0.786413577279356     
      5     10      4     11  -3.96525500000000     
      1     11      4     11  -1.23311357727936     
      4     11      4     11  -6.95955500000000     
      3     12      4     11 -0.280834999999998     
      6      7      5     11  -3.49792363896069     
      2      8      5     11  -3.72181106935857     
      5      8      5     11   2.01952715455871     
      6     10      5     11  -1.49957494817698     
      2     11      5     11   2.01952715455871     
      5     11      5     11  -9.62614000000000     
      1     12      5     11  -3.49792363896069     
      4     12      5     11  -1.49957494817698     
      6      8      6     11 -0.446700000000000     
      6     11      6     11  -6.80749999999999     
      2     12      6     11  0.446700000000000     
      5     12      6     11  -4.55019999999999     
      7      8      7     11  0.000000000000000E+000
      8     10      7     11  -1.64425000000000     
      7     11      7     11  -1.24475000000000     
     10     11      7     11 -0.446700000000000     
      9     12      7     11 -0.446700000000000     
      8     11      8     11  -2.06687500000000     
      7     12      8     11  -1.42396227017256     
     10     12      8     11 -0.773707095741018     
      8      9      9     11 -0.446700000000000     
      7     10      9     11 -0.773707095741018     
      9     11      9     11  -2.25730000000000     
      7      8     10     11   2.57167665249735     
      8     10     10     11 -0.446700000000000     
      7     11     10     11 -0.446700000000000     
     10     11     10     11  -2.99430000000000     
      9     12     10     11  0.737000000000000     
      6      7      1     12  -6.31087500000000     
      2      8      1     12   1.06038410965084     
      5      8      1     12   1.19888226772899     
      6     10      1     12   3.25264073183807     
      2     11      1     12 -0.225080002443574     
      5     11      1     12  -3.49792363896069     
      1     12      1     12  -6.73350000000000     
      4     12      1     12   2.80594073183807     
      6      8      2     12  -4.23435000000000     
      6     11      2     12  0.446700000000000     
      2     12      2     12  -7.12335000000000     
      5     12      2     12 -0.446700000000000     
      2      7      3     12   4.07719662826761     
      5      7      3     12   3.25264073183807     
      1      8      3     12   1.50551997577025     
      4      8      3     12  -2.80594073183807     
      6      9      3     12  -2.23369500000000     
      2     10      3     12  -3.25264073183807     
      5     10      3     12  -1.01783500000000     
      1     11      3     12   2.80594073183807     
      4     11      3     12 -0.280834999999998     
      3     12      3     12  -5.22799500000000     
      6      7      4     12   3.25264073183807     
      2      8      4     12   3.22318293415065     
      5      8      4     12  -1.36210827160984     
      6     10      4     12  -3.25153000000000     
      2     11      4     12  -2.13581536735086     
      5     11      4     12  -1.49957494817698     
      1     12      4     12   2.80594073183807     
      4     12      4     12  -5.50883000000000     
      6      8      5     12  0.446700000000000     
      6     11      5     12  -4.55019999999999     
      2     12      5     12 -0.446700000000000     
      5     12      5     12  -6.80749999999999     
      6     12      6     12  -11.3577000000000     
      8     11      7     12  -1.42396227017256     
      7     12      7     12 -0.422625000000000     
     10     12      7     12 -0.446700000000000     
      8     12      8     12  -2.88900000000000     
     11     12      8     12 -0.893400000000000     
      7      8      9     12  -2.57167665249735     
      8     10      9     12 -0.446700000000000     
      7     11      9     12 -0.446700000000000     
     10     11      9     12  0.737000000000000     
      9     12      9     12  -2.99430000000000     
      8     11     10     12 -0.773707095741018     
      7     12     10     12 -0.446700000000000     
     10     12     10     12  -2.25730000000000     
      8     12     11     12 -0.893400000000000     
     11     12     11     12  -2.25730000000000     
