      1      1      1      1           2           0   6.47042220183506     
      1      1      1      1           0           0  -13.5263000000000     
      1      1      1      2           2           0  -2.12076821930168     
      1      1      2      1           2           0  -2.12076821930168     
      1      1      2      2           4           0  -9.11688881843931     
      1      1      2      2           2           0   5.83082002399459     
      1      2      1      1           2           0   2.12076821930168     
      1      2      1      2           2           0  0.711765463477964     
      1      2      1      2           0           0  -19.5965452017696     
      1      2      2      1           4           0   14.1115454975040     
      1      2      2      1           2           0  -6.13522706930029     
      1      2      2      2           4           0   10.2857531228452     
      1      2      2      2           2           0   4.30736455804235     
      2      1      1      1           2           0   2.12076821930168     
      2      1      1      2           4           0   14.1115454975040     
      2      1      1      2           2           0  -6.13522706930029     
      2      1      2      1           2           0  0.711765463477964     
      2      1      2      1           0           0  -19.5965452017696     
      2      1      2      2           4           0   10.2857531228452     
      2      1      2      2           2           0   4.30736455804235     
      2      2      1      1           4           0  -9.11688881843931     
      2      2      1      1           2           0   5.83082002399459     
      2      2      1      2           4           0  -10.2857531228452     
      2      2      1      2           2           0  -4.30736455804235     
      2      2      2      1           4           0  -10.2857531228452     
      2      2      2      1           2           0  -4.30736455804235     
      2      2      2      2           6           0   5.90980147476842     
      2      2      2      2           4           0  -9.54659036075839     
      2      2      2      2           2           0   11.3667479694975     
      2      2      2      2           0           0  -28.9020250000000     
      1      1      1      1           2           0   6.47042220183506     
      1      1      1      1           0           0  -13.5263000000000     
      1      1      1      2           2           0  -2.12076821930168     
      1      1      2      1           2           0  -2.12076821930168     
      1      1      2      2           4           0  -9.11688881843931     
      1      1      2      2           2           0   5.83082002399459     
      1      2      1      1           2           0   2.12076821930168     
      1      2      1      2           2           0  0.711765463477964     
      1      2      1      2           0           0  -19.5965452017696     
      1      2      2      1           4           0   14.1115454975040     
      1      2      2      1           2           0  -6.13522706930029     
      1      2      2      2           4           0   10.2857531228452     
      1      2      2      2           2           0   4.30736455804235     
      2      1      1      1           2           0   2.12076821930168     
      2      1      1      2           4           0   14.1115454975040     
      2      1      1      2           2           0  -6.13522706930029     
      2      1      2      1           2           0  0.711765463477964     
      2      1      2      1           0           0  -19.5965452017696     
      2      1      2      2           4           0   10.2857531228452     
      2      1      2      2           2           0   4.30736455804235     
      2      2      1      1           4           0  -9.11688881843931     
      2      2      1      1           2           0   5.83082002399459     
      2      2      1      2           4           0  -10.2857531228452     
      2      2      1      2           2           0  -4.30736455804235     
      2      2      2      1           4           0  -10.2857531228452     
      2      2      2      1           2           0  -4.30736455804235     
      2      2      2      2           6           0   5.90980147476842     
      2      2      2      2           4           0  -9.54659036075839     
      2      2      2      2           2           0   11.3667479694975     
      2      2      2      2           0           0  -28.9020250000000     
          60           6
   1   1   3   3   0   0   0   0-13.5263   1   1
   1   1   3   3   2   0   0   0  6.4704   1   1
   1   1   3   4   2   0   0   0 -2.1208   1   1
   1   1   4   3   2   0   0   0  2.1208   1   1
   1   1   4   4   0   0   0   0-19.5965   1   1
   1   1   4   4   2   0   0   0  0.7118   1   1
   1   2   3   3   2   0   0   0 -2.1208   1   1
   1   2   3   4   2   0   0   0  5.8308   1   1
   1   2   3   4   4   0   0   0 -9.1169   1   1
   1   2   4   3   2   0   0   0 -6.1352   1   1
   1   2   4   3   4   0   0   0 14.1115   1   1
   1   2   4   4   2   0   0   0  4.3074   1   1
   1   2   4   4   4   0   0   0 10.2858   1   1
   2   1   3   3   2   0   0   0  2.1208   1   1
   2   1   3   4   2   0   0   0 -6.1352   1   1
   2   1   3   4   4   0   0   0 14.1115   1   1
   2   1   4   3   2   0   0   0  5.8308   1   1
   2   1   4   3   4   0   0   0 -9.1169   1   1
   2   1   4   4   2   0   0   0 -4.3074   1   1
   2   1   4   4   4   0   0   0-10.2858   1   1
   2   2   3   3   0   0   0   0-19.5965   1   1
   2   2   3   3   2   0   0   0  0.7118   1   1
   2   2   3   4   2   0   0   0  4.3074   1   1
   2   2   3   4   4   0   0   0 10.2858   1   1
   2   2   4   3   2   0   0   0 -4.3074   1   1
   2   2   4   3   4   0   0   0-10.2858   1   1
   2   2   4   4   0   0   0   0-28.9020   1   1
   2   2   4   4   2   0   0   0 11.3667   1   1
   2   2   4   4   4   0   0   0 -9.5466   1   1
   2   2   4   4   6   0   0   0  5.9098   1   1
   3   3   1   1   0   0   0   0-13.5263   1   1
   3   3   1   1   2   0   0   0  6.4704   1   1
   3   3   1   2   2   0   0   0 -2.1208   1   1
   3   3   2   1   2   0   0   0  2.1208   1   1
   3   3   2   2   0   0   0   0-19.5965   1   1
   3   3   2   2   2   0   0   0  0.7118   1   1
   3   4   1   1   2   0   0   0 -2.1208   1   1
   3   4   1   2   2   0   0   0  5.8308   1   1
   3   4   1   2   4   0   0   0 -9.1169   1   1
   3   4   2   1   2   0   0   0 -6.1352   1   1
   3   4   2   1   4   0   0   0 14.1115   1   1
   3   4   2   2   2   0   0   0  4.3074   1   1
   3   4   2   2   4   0   0   0 10.2858   1   1
   4   3   1   1   2   0   0   0  2.1208   1   1
   4   3   1   2   2   0   0   0 -6.1352   1   1
   4   3   1   2   4   0   0   0 14.1115   1   1
   4   3   2   1   2   0   0   0  5.8308   1   1
   4   3   2   1   4   0   0   0 -9.1169   1   1
   4   3   2   2   2   0   0   0 -4.3074   1   1
   4   3   2   2   4   0   0   0-10.2858   1   1
   4   4   1   1   0   0   0   0-19.5965   1   1
   4   4   1   1   2   0   0   0  0.7118   1   1
   4   4   1   2   2   0   0   0  4.3074   1   1
   4   4   1   2   4   0   0   0 10.2858   1   1
   4   4   2   1   2   0   0   0 -4.3074   1   1
   4   4   2   1   4   0   0   0-10.2858   1   1
   4   4   2   2   0   0   0   0-28.9020   1   1
   4   4   2   2   2   0   0   0 11.3667   1   1
   4   4   2   2   4   0   0   0 -9.5466   1   1
   4   4   2   2   6   0   0   0  5.9098   1   1
