 ! Total Interaction
  20
   1   1   1   1     1     0  -7.5927
   1   2   1   1     1     0  -0.3372
   2   2   1   1     1     0   3.7411
   1   1   1   2     1     0  -0.3372
   1   2   1   2     1     0 -12.6649
   2   2   1   2     1     0  -6.9491
   1   1   2   2     1     0   3.7411
   1   2   2   2     1     0  -6.9491
   2   2   2   2     1     0  -8.1013
   1   2   1   2     2     0  -8.9443
   2   2   2   2     3     0  -8.9443
   1   1   1   1     0     1  -1.2809
   2   2   1   1     0     1  -3.4366
   1   1   2   2     0     1  -3.4366
   2   2   2   2     0     1  -3.7109
   1   2   1   2     1     1   0.5059
   1   2   1   2     2     1  -2.7794
   2   2   1   2     2     1   1.4134
   1   2   2   2     2     1   1.4134
   2   2   2   2     2     1  -1.7799
