      1      2      1      2  -1.28090000000000     
      2      4      1      2  0.000000000000000E+000
      1      5      1      2  0.000000000000000E+000
      4      5      1      2   2.43004316422569     
      3      6      1      2  -2.43004316422569     
      1      3      1      3  -2.77940000000000     
      3      4      1      3  -1.41340000000000     
      2      3      2      3 -0.315425000000000     
      1      4      2      3  -1.42257662952651     
      3      5      2      3 -0.706700000000000     
      2      3      1      4  -1.42257662952651     
      1      4      1      4  -1.95807500000000     
      3      5      1      4  -1.22404030570893     
      1      2      2      4  0.000000000000000E+000
      2      4      2      4  -1.13675000000000     
      1      5      2      4  -1.64265000000000     
      4      5      2      4 -0.706700000000000     
      3      6      2      4 -0.706700000000000     
      1      3      3      4  -1.41340000000000     
      3      4      3      4  -1.77990000000000     
      1      2      1      5  0.000000000000000E+000
      2      4      1      5  -1.64265000000000     
      1      5      1      5  -1.13675000000000     
      4      5      1      5 -0.706700000000000     
      3      6      1      5 -0.706700000000000     
      2      5      2      5  -1.95807500000000     
      1      6      2      5  -1.42257662952651     
      4      6      2      5  -1.22404030570893     
      2      3      3      5 -0.706700000000000     
      1      4      3      5  -1.22404030570893     
      3      5      3      5  -1.77990000000000     
      1      2      4      5   2.43004316422569     
      2      4      4      5 -0.706700000000000     
      1      5      4      5 -0.706700000000000     
      4      5      4      5  -2.74540000000000     
      3      6      4      5  0.965500000000000     
      2      5      1      6  -1.42257662952651     
      1      6      1      6 -0.315425000000000     
      4      6      1      6 -0.706700000000000     
      2      6      2      6  -2.77940000000000     
      5      6      2      6  -1.41340000000000     
      1      2      3      6  -2.43004316422569     
      2      4      3      6 -0.706700000000000     
      1      5      3      6 -0.706700000000000     
      4      5      3      6  0.965500000000000     
      3      6      3      6  -2.74540000000000     
      2      5      4      6  -1.22404030570893     
      1      6      4      6 -0.706700000000000     
      4      6      4      6  -1.77990000000000     
      2      6      5      6  -1.41340000000000     
      5      6      5      6  -1.77990000000000     
      1      7      1      7  -7.59270000000000     
      4      7      1      7  0.119218203308052     
      3      8      1      7 -0.206491985316622     
      2      9      1      7 -0.206491985316622     
      5      9      1      7   2.04908485988258     
      1     10      1      7  0.119218203308052     
      4     10      1      7  -2.36607939089119     
      3     11      1      7   2.04908485988258     
      2      7      2      7  -4.43680000000000     
      5      7      2      7  0.119218203308052     
      1      8      2      7  -3.15590000000000     
      4      8      2      7 -0.119218203308052     
      6      9      2      7  0.559537961055544     
      2     10      2      7 -0.119218203308052     
      5     10      2      7  0.623501734390049     
      1     11      2      7  0.119218203308052     
      4     11      2      7  -1.80654142983564     
      3     12      2      7   2.98958112528123     
      3      7      3      7  -5.86185000000000     
      1      9      3      7  -3.08245000000000     
      4      9      3      7 -0.706700000000000     
      3     10      3      7  0.706700000000000     
      1      7      4      7  0.119218203308052     
      4      7      4      7  -5.91626250000000     
      3      8      4      7  9.424521456684221E-002
      2      9      4      7   1.51682184409335     
      5      9      4      7  0.733667275702036     
      1     10      4      7  -3.95818750000000     
      4     10      4      7  -1.55386599824438     
      3     11      4      7   1.95770758141096     
      2      7      5      7  0.119218203308052     
      5      7      5      7  -5.97067500000000     
      1      8      5      7  0.119218203308052     
      4      8      5      7  0.108825000000001     
      6      9      5      7   1.97744899736657     
      2     10      5      7   1.75147500000000     
      5     10      5      7  -1.13028299912219     
      1     11      5      7  -4.83392500000000     
      4     11      5      7 -0.423582999122190     
      3     12      5      7   2.68414899736657     
      6      7      6      7  -6.02508750000000     
      2      8      6      7  0.206491985316622     
      5      8      6      7  9.424521456684276E-002
      6     10      6      7   1.97744899736657     
      2     11      6      7   1.51682184409335     
      5     11      6      7  -2.69137485711300     
      1     12      6      7  -5.70966250000000     
      4     12      6      7   2.68414899736657     
      2      7      1      8  -3.15590000000000     
      5      7      1      8  0.119218203308052     
      1      8      1      8  -4.43680000000000     
      4      8      1      8 -0.119218203308052     
      6      9      1      8   2.98958112528123     
      2     10      1      8 -0.119218203308052     
      5     10      1      8  -1.80654142983564     
      1     11      1      8  0.119218203308052     
      4     11      1      8  0.623501734390049     
      3     12      1      8  0.559537961055544     
      6      7      2      8  0.206491985316622     
      2      8      2      8  -7.59270000000000     
      5      8      2      8 -0.119218203308052     
      6     10      2      8   2.04908485988258     
      2     11      2      8 -0.119218203308052     
      5     11      2      8  -2.36607939089119     
      1     12      2      8  0.206491985316622     
      4     12      2      8   2.04908485988258     
      1      7      3      8 -0.206491985316622     
      4      7      3      8  9.424521456684276E-002
      3      8      3      8  -6.02508750000000     
      2      9      3      8  -5.70966250000000     
      5      9      3      8  -2.68414899736657     
      1     10      3      8   1.51682184409335     
      4     10      3      8   2.69137485711300     
      3     11      3      8  -1.97744899736657     
      2      7      4      8 -0.119218203308052     
      5      7      4      8  0.108825000000001     
      1      8      4      8 -0.119218203308052     
      4      8      4      8  -5.97067500000000     
      6      9      4      8  -2.68414899736657     
      2     10      4      8  -4.83392500000000     
      5     10      4      8  0.423582999122190     
      1     11      4      8   1.75147500000000     
      4     11      4      8   1.13028299912219     
      3     12      4      8  -1.97744899736657     
      6      7      5      8  9.424521456684221E-002
      2      8      5      8 -0.119218203308052     
      5      8      5      8  -5.91626250000000     
      6     10      5      8  -1.95770758141096     
      2     11      5      8  -3.95818750000000     
      5     11      5      8   1.55386599824438     
      1     12      5      8   1.51682184409335     
      4     12      5      8 -0.733667275702036     
      6      8      6      8  -5.86185000000000     
      6     11      6      8 -0.706700000000000     
      2     12      6      8  -3.08245000000000     
      5     12      6      8  0.706700000000000     
      7      8      7      8  -1.28090000000000     
      8     10      7      8  0.000000000000000E+000
      7     11      7      8  0.000000000000000E+000
     10     11      7      8   2.43004316422569     
      9     12      7      8  -2.43004316422569     
      3      7      1      9  -3.08245000000000     
      1      9      1      9  -5.86185000000000     
      4      9      1      9  0.706700000000000     
      3     10      1      9 -0.706700000000000     
      1      7      2      9 -0.206491985316622     
      4      7      2      9   1.51682184409335     
      3      8      2      9  -5.70966250000000     
      2      9      2      9  -6.02508750000000     
      5      9      2      9  -1.97744899736657     
      1     10      2      9  9.424521456684276E-002
      4     10      2      9   2.69137485711300     
      3     11      2      9  -2.68414899736657     
      3      9      3      9  -8.94430000000000     
      3      7      4      9 -0.706700000000000     
      1      9      4      9  0.706700000000000     
      4      9      4      9  -5.36210000000000     
      3     10      4      9  -3.58220000000000     
      1      7      5      9   2.04908485988258     
      4      7      5      9  0.733667275702036     
      3      8      5      9  -2.68414899736657     
      2      9      5      9  -1.97744899736657     
      5      9      5      9  -5.10920000000000     
      1     10      5      9   1.95770758141096     
      4     10      5      9 -0.292023766156108     
      3     11      5      9  -3.32930000000000     
      2      7      6      9  0.559537961055544     
      5      7      6      9   1.97744899736657     
      1      8      6      9   2.98958112528123     
      4      8      6      9  -2.68414899736657     
      6      9      6      9  -5.46550000000000     
      2     10      6      9  -1.97744899736657     
      5     10      6      9  0.356300000000002     
      1     11      6      9   2.68414899736657     
      4     11      6      9 -0.609199999999998     
      3     12      6      9  -2.72010000000000     
      7      9      7      9  -2.77940000000000     
      9     10      7      9  -1.41340000000000     
      8      9      8      9 -0.315425000000000     
      7     10      8      9  -1.42257662952651     
      9     11      8      9 -0.706700000000000     
      1      7      1     10  0.119218203308052     
      4      7      1     10  -3.95818750000000     
      3      8      1     10   1.51682184409335     
      2      9      1     10  9.424521456684221E-002
      5      9      1     10   1.95770758141096     
      1     10      1     10  -5.91626250000000     
      4     10      1     10  -1.55386599824438     
      3     11      1     10  0.733667275702036     
      2      7      2     10 -0.119218203308052     
      5      7      2     10   1.75147500000000     
      1      8      2     10 -0.119218203308052     
      4      8      2     10  -4.83392500000000     
      6      9      2     10  -1.97744899736657     
      2     10      2     10  -5.97067500000000     
      5     10      2     10   1.13028299912219     
      1     11      2     10  0.108825000000001     
      4     11      2     10  0.423582999122190     
      3     12      2     10  -2.68414899736657     
      3      7      3     10  0.706700000000000     
      1      9      3     10 -0.706700000000000     
      4      9      3     10  -3.58220000000000     
      3     10      3     10  -5.36209999999999     
      1      7      4     10  -2.36607939089119     
      4      7      4     10  -1.55386599824438     
      3      8      4     10   2.69137485711300     
      2      9      4     10   2.69137485711300     
      5      9      4     10 -0.292023766156108     
      1     10      4     10  -1.55386599824438     
      4     10      4     10  -8.60710000000000     
      3     11      4     10 -0.292023766156108     
      2      7      5     10  0.623501734390049     
      5      7      5     10  -1.13028299912219     
      1      8      5     10  -1.80654142983564     
      4      8      5     10  0.423582999122190     
      6      9      5     10  0.356300000000002     
      2     10      5     10   1.13028299912219     
      5     10      5     10  -5.80270000000000     
      1     11      5     10 -0.423582999122190     
      4     11      5     10  -3.05730000000000     
      3     12      5     10 -0.609199999999998     
      6      7      6     10   1.97744899736657     
      2      8      6     10   2.04908485988258     
      5      8      6     10  -1.95770758141096     
      6     10      6     10  -5.10920000000000     
      2     11      6     10 -0.733667275702036     
      5     11      6     10 -0.292023766156108     
      1     12      6     10   2.68414899736657     
      4     12      6     10  -3.32930000000000     
      8      9      7     10  -1.42257662952651     
      7     10      7     10  -1.95807500000000     
      9     11      7     10  -1.22404030570893     
      7      8      8     10  0.000000000000000E+000
      8     10      8     10  -1.13675000000000     
      7     11      8     10  -1.64265000000000     
     10     11      8     10 -0.706700000000000     
      9     12      8     10 -0.706700000000000     
      7      9      9     10  -1.41340000000000     
      9     10      9     10  -1.77990000000000     
      2      7      1     11  0.119218203308052     
      5      7      1     11  -4.83392500000000     
      1      8      1     11  0.119218203308052     
      4      8      1     11   1.75147500000000     
      6      9      1     11   2.68414899736657     
      2     10      1     11  0.108825000000001     
      5     10      1     11 -0.423582999122190     
      1     11      1     11  -5.97067500000000     
      4     11      1     11  -1.13028299912219     
      3     12      1     11   1.97744899736657     
      6      7      2     11   1.51682184409335     
      2      8      2     11 -0.119218203308052     
      5      8      2     11  -3.95818750000000     
      6     10      2     11 -0.733667275702036     
      2     11      2     11  -5.91626250000000     
      5     11      2     11   1.55386599824438     
      1     12      2     11  9.424521456684221E-002
      4     12      2     11  -1.95770758141096     
      1      7      3     11   2.04908485988258     
      4      7      3     11   1.95770758141096     
      3      8      3     11  -1.97744899736657     
      2      9      3     11  -2.68414899736657     
      5      9      3     11  -3.32930000000000     
      1     10      3     11  0.733667275702036     
      4     10      3     11 -0.292023766156108     
      3     11      3     11  -5.10920000000000     
      2      7      4     11  -1.80654142983564     
      5      7      4     11 -0.423582999122190     
      1      8      4     11  0.623501734390049     
      4      8      4     11   1.13028299912219     
      6      9      4     11 -0.609199999999998     
      2     10      4     11  0.423582999122190     
      5     10      4     11  -3.05730000000000     
      1     11      4     11  -1.13028299912219     
      4     11      4     11  -5.80270000000000     
      3     12      4     11  0.356300000000002     
      6      7      5     11  -2.69137485711300     
      2      8      5     11  -2.36607939089119     
      5      8      5     11   1.55386599824438     
      6     10      5     11 -0.292023766156108     
      2     11      5     11   1.55386599824438     
      5     11      5     11  -8.60710000000000     
      1     12      5     11  -2.69137485711300     
      4     12      5     11 -0.292023766156108     
      6      8      6     11 -0.706700000000000     
      6     11      6     11  -5.36210000000000     
      2     12      6     11  0.706700000000000     
      5     12      6     11  -3.58220000000000     
      7      8      7     11  0.000000000000000E+000
      8     10      7     11  -1.64265000000000     
      7     11      7     11  -1.13675000000000     
     10     11      7     11 -0.706700000000000     
      9     12      7     11 -0.706700000000000     
      8     11      8     11  -1.95807500000000     
      7     12      8     11  -1.42257662952651     
     10     12      8     11  -1.22404030570893     
      8      9      9     11 -0.706700000000000     
      7     10      9     11  -1.22404030570893     
      9     11      9     11  -1.77990000000000     
      7      8     10     11   2.43004316422569     
      8     10     10     11 -0.706700000000000     
      7     11     10     11 -0.706700000000000     
     10     11     10     11  -2.74540000000000     
      9     12     10     11  0.965500000000000     
      6      7      1     12  -5.70966250000000     
      2      8      1     12  0.206491985316622     
      5      8      1     12   1.51682184409335     
      6     10      1     12   2.68414899736657     
      2     11      1     12  9.424521456684276E-002
      5     11      1     12  -2.69137485711300     
      1     12      1     12  -6.02508750000000     
      4     12      1     12   1.97744899736657     
      6      8      2     12  -3.08245000000000     
      6     11      2     12  0.706700000000000     
      2     12      2     12  -5.86185000000000     
      5     12      2     12 -0.706700000000000     
      2      7      3     12   2.98958112528123     
      5      7      3     12   2.68414899736657     
      1      8      3     12  0.559537961055544     
      4      8      3     12  -1.97744899736657     
      6      9      3     12  -2.72010000000000     
      2     10      3     12  -2.68414899736657     
      5     10      3     12 -0.609199999999998     
      1     11      3     12   1.97744899736657     
      4     11      3     12  0.356300000000002     
      3     12      3     12  -5.46550000000000     
      6      7      4     12   2.68414899736657     
      2      8      4     12   2.04908485988258     
      5      8      4     12 -0.733667275702036     
      6     10      4     12  -3.32930000000000     
      2     11      4     12  -1.95770758141096     
      5     11      4     12 -0.292023766156108     
      1     12      4     12   1.97744899736657     
      4     12      4     12  -5.10920000000000     
      6      8      5     12  0.706700000000000     
      6     11      5     12  -3.58220000000000     
      2     12      5     12 -0.706700000000000     
      5     12      5     12  -5.36209999999999     
      6     12      6     12  -8.94430000000000     
      8     11      7     12  -1.42257662952651     
      7     12      7     12 -0.315425000000000     
     10     12      7     12 -0.706700000000000     
      8     12      8     12  -2.77940000000000     
     11     12      8     12  -1.41340000000000     
      7      8      9     12  -2.43004316422569     
      8     10      9     12 -0.706700000000000     
      7     11      9     12 -0.706700000000000     
     10     11      9     12  0.965500000000000     
      9     12      9     12  -2.74540000000000     
      8     11     10     12  -1.22404030570893     
      7     12     10     12 -0.706700000000000     
     10     12     10     12  -1.77990000000000     
      8     12     11     12  -1.41340000000000     
     11     12     11     12  -1.77990000000000     
