      1      1      1      1           2           0   5.46617914360662     
      1      1      1      1           0           0  -12.0295000000000     
      1      1      1      2           2           0 -0.412983970633244     
      1      1      2      1           2           0 -0.412983970633244     
      1      1      2      2           4           0  -6.68490662037915     
      1      1      2      2           2           0   3.01823303719427     
      1      2      1      1           2           0  0.412983970633244     
      1      2      1      2           2           0 -0.298029536602497     
      1      2      1      2           0           0  -16.8106682275813     
      1      2      2      1           4           0   12.7671934785814     
      1      2      2      1           2           0  -3.82213816769734     
      1      2      2      2           4           0   8.48802441093565     
      1      2      2      2           2           0   2.32005963594914     
      2      1      1      1           2           0  0.412983970633244     
      2      1      1      2           4           0   12.7671934785814     
      2      1      1      2           2           0  -3.82213816769734     
      2      1      2      1           2           0 -0.298029536602497     
      2      1      2      1           0           0  -16.8106682275813     
      2      1      2      2           4           0   8.48802441093565     
      2      1      2      2           2           0   2.32005963594914     
      2      2      1      1           4           0  -6.68490662037915     
      2      2      1      1           2           0   3.01823303719428     
      2      2      1      2           4           0  -8.48802441093565     
      2      2      1      2           2           0  -2.32005963594914     
      2      2      2      1           4           0  -8.48802441093565     
      2      2      2      1           2           0  -2.32005963594914     
      2      2      2      2           6           0   7.19670814122680     
      2      2      2      2           4           0  -8.80675372938292     
      2      2      2      2           2           0   6.17147023244867     
      2      2      2      2           0           0  -24.8811000000000     
      1      1      1      1           2           0   5.46617914360662     
      1      1      1      1           0           0  -12.0295000000000     
      1      1      1      2           2           0 -0.412983970633244     
      1      1      2      1           2           0 -0.412983970633244     
      1      1      2      2           4           0  -6.68490662037915     
      1      1      2      2           2           0   3.01823303719427     
      1      2      1      1           2           0  0.412983970633244     
      1      2      1      2           2           0 -0.298029536602497     
      1      2      1      2           0           0  -16.8106682275813     
      1      2      2      1           4           0   12.7671934785814     
      1      2      2      1           2           0  -3.82213816769734     
      1      2      2      2           4           0   8.48802441093565     
      1      2      2      2           2           0   2.32005963594914     
      2      1      1      1           2           0  0.412983970633244     
      2      1      1      2           4           0   12.7671934785814     
      2      1      1      2           2           0  -3.82213816769734     
      2      1      2      1           2           0 -0.298029536602497     
      2      1      2      1           0           0  -16.8106682275813     
      2      1      2      2           4           0   8.48802441093565     
      2      1      2      2           2           0   2.32005963594914     
      2      2      1      1           4           0  -6.68490662037915     
      2      2      1      1           2           0   3.01823303719428     
      2      2      1      2           4           0  -8.48802441093565     
      2      2      1      2           2           0  -2.32005963594914     
      2      2      2      1           4           0  -8.48802441093565     
      2      2      2      1           2           0  -2.32005963594914     
      2      2      2      2           6           0   7.19670814122680     
      2      2      2      2           4           0  -8.80675372938292     
      2      2      2      2           2           0   6.17147023244867     
      2      2      2      2           0           0  -24.8811000000000     
          60           6
   1   1   3   3   0   0   0   0-12.0295   1   1
   1   1   3   3   2   0   0   0  5.4662   1   1
   1   1   3   4   2   0   0   0 -0.4130   1   1
   1   1   4   3   2   0   0   0  0.4130   1   1
   1   1   4   4   0   0   0   0-16.8107   1   1
   1   1   4   4   2   0   0   0 -0.2980   1   1
   1   2   3   3   2   0   0   0 -0.4130   1   1
   1   2   3   4   2   0   0   0  3.0182   1   1
   1   2   3   4   4   0   0   0 -6.6849   1   1
   1   2   4   3   2   0   0   0 -3.8221   1   1
   1   2   4   3   4   0   0   0 12.7672   1   1
   1   2   4   4   2   0   0   0  2.3201   1   1
   1   2   4   4   4   0   0   0  8.4880   1   1
   2   1   3   3   2   0   0   0  0.4130   1   1
   2   1   3   4   2   0   0   0 -3.8221   1   1
   2   1   3   4   4   0   0   0 12.7672   1   1
   2   1   4   3   2   0   0   0  3.0182   1   1
   2   1   4   3   4   0   0   0 -6.6849   1   1
   2   1   4   4   2   0   0   0 -2.3201   1   1
   2   1   4   4   4   0   0   0 -8.4880   1   1
   2   2   3   3   0   0   0   0-16.8107   1   1
   2   2   3   3   2   0   0   0 -0.2980   1   1
   2   2   3   4   2   0   0   0  2.3201   1   1
   2   2   3   4   4   0   0   0  8.4880   1   1
   2   2   4   3   2   0   0   0 -2.3201   1   1
   2   2   4   3   4   0   0   0 -8.4880   1   1
   2   2   4   4   0   0   0   0-24.8811   1   1
   2   2   4   4   2   0   0   0  6.1715   1   1
   2   2   4   4   4   0   0   0 -8.8068   1   1
   2   2   4   4   6   0   0   0  7.1967   1   1
   3   3   1   1   0   0   0   0-12.0295   1   1
   3   3   1   1   2   0   0   0  5.4662   1   1
   3   3   1   2   2   0   0   0 -0.4130   1   1
   3   3   2   1   2   0   0   0  0.4130   1   1
   3   3   2   2   0   0   0   0-16.8107   1   1
   3   3   2   2   2   0   0   0 -0.2980   1   1
   3   4   1   1   2   0   0   0 -0.4130   1   1
   3   4   1   2   2   0   0   0  3.0182   1   1
   3   4   1   2   4   0   0   0 -6.6849   1   1
   3   4   2   1   2   0   0   0 -3.8221   1   1
   3   4   2   1   4   0   0   0 12.7672   1   1
   3   4   2   2   2   0   0   0  2.3201   1   1
   3   4   2   2   4   0   0   0  8.4880   1   1
   4   3   1   1   2   0   0   0  0.4130   1   1
   4   3   1   2   2   0   0   0 -3.8221   1   1
   4   3   1   2   4   0   0   0 12.7672   1   1
   4   3   2   1   2   0   0   0  3.0182   1   1
   4   3   2   1   4   0   0   0 -6.6849   1   1
   4   3   2   2   2   0   0   0 -2.3201   1   1
   4   3   2   2   4   0   0   0 -8.4880   1   1
   4   4   1   1   0   0   0   0-16.8107   1   1
   4   4   1   1   2   0   0   0 -0.2980   1   1
   4   4   1   2   2   0   0   0  2.3201   1   1
   4   4   1   2   4   0   0   0  8.4880   1   1
   4   4   2   1   2   0   0   0 -2.3201   1   1
   4   4   2   1   4   0   0   0 -8.4880   1   1
   4   4   2   2   0   0   0   0-24.8811   1   1
   4   4   2   2   2   0   0   0  6.1715   1   1
   4   4   2   2   4   0   0   0 -8.8068   1   1
   4   4   2   2   6   0   0   0  7.1967   1   1
