 ! Total Interaction
  20
   1   1   1   1     1     0  -8.1386
   1   2   1   1     1     0  -0.2686
   2   2   1   1     1     0   3.6155
   1   1   1   2     1     0  -0.2686
   1   2   1   2     1     0 -13.1836
   2   2   1   2     1     0  -6.8063
   1   1   2   2     1     0   3.6155
   1   2   2   2     1     0  -6.8063
   2   2   2   2     1     0  -8.7446
   1   2   1   2     2     0  -9.4163
   2   2   2   2     3     0  -9.4163
   1   1   1   1     0     1  -1.2110
   2   2   1   1     0     1  -3.7089
   1   1   2   2     0     1  -3.7089
   2   2   2   2     0     1  -3.8336
   1   2   1   2     1     1   0.6497
   1   2   1   2     2     1  -3.0131
   2   2   1   2     2     1   1.5125
   1   2   2   2     2     1   1.5125
   2   2   2   2     2     1  -1.9436
