      1      1      1      1           2           0   5.99947758725708     
      1      1      1      1           0           0  -12.8134000000000     
      1      1      1      2           2           0 -0.328966472455781     
      1      1      2      1           2           0 -0.328966472455781     
      1      1      2      2           4           0  -6.76695975451957     
      1      1      2      2           2           0   2.67949913989769     
      1      2      1      1           2           0  0.328966472455781     
      1      2      1      2           2           0 -7.154625907410939E-002
      1      2      1      2           0           0  -17.6332455461356     
      1      2      2      1           4           0   13.3893234916213     
      1      2      2      1           2           0  -3.93667002734782     
      1      2      2      2           4           0   8.41490756743617     
      1      2      2      2           2           0   2.09691458850988     
      2      1      1      1           2           0  0.328966472455781     
      2      1      1      2           4           0   13.3893234916213     
      2      1      1      2           2           0  -3.93667002734782     
      2      1      2      1           2           0 -7.154625907410939E-002
      2      1      2      1           0           0  -17.6332455461356     
      2      1      2      2           4           0   8.41490756743617     
      2      1      2      2           2           0   2.09691458850988     
      2      2      1      1           4           0  -6.76695975451957     
      2      2      1      1           2           0   2.67949913989769     
      2      2      1      2           4           0  -8.41490756743617     
      2      2      1      2           2           0  -2.09691458850988     
      2      2      2      1           4           0  -8.41490756743617     
      2      2      2      1           2           0  -2.09691458850988     
      2      2      2      2           6           0   7.83561739657923     
      2      2      2      2           4           0  -9.18597967802700     
      2      2      2      2           2           0   6.29303421837789     
      2      2      2      2           0           0  -26.4248750000000     
      1      1      1      1           2           0   5.99947758725708     
      1      1      1      1           0           0  -12.8134000000000     
      1      1      1      2           2           0 -0.328966472455781     
      1      1      2      1           2           0 -0.328966472455781     
      1      1      2      2           4           0  -6.76695975451957     
      1      1      2      2           2           0   2.67949913989769     
      1      2      1      1           2           0  0.328966472455781     
      1      2      1      2           2           0 -7.154625907410939E-002
      1      2      1      2           0           0  -17.6332455461356     
      1      2      2      1           4           0   13.3893234916213     
      1      2      2      1           2           0  -3.93667002734782     
      1      2      2      2           4           0   8.41490756743617     
      1      2      2      2           2           0   2.09691458850988     
      2      1      1      1           2           0  0.328966472455781     
      2      1      1      2           4           0   13.3893234916213     
      2      1      1      2           2           0  -3.93667002734782     
      2      1      2      1           2           0 -7.154625907410939E-002
      2      1      2      1           0           0  -17.6332455461356     
      2      1      2      2           4           0   8.41490756743617     
      2      1      2      2           2           0   2.09691458850988     
      2      2      1      1           4           0  -6.76695975451957     
      2      2      1      1           2           0   2.67949913989769     
      2      2      1      2           4           0  -8.41490756743617     
      2      2      1      2           2           0  -2.09691458850988     
      2      2      2      1           4           0  -8.41490756743617     
      2      2      2      1           2           0  -2.09691458850988     
      2      2      2      2           6           0   7.83561739657923     
      2      2      2      2           4           0  -9.18597967802700     
      2      2      2      2           2           0   6.29303421837789     
      2      2      2      2           0           0  -26.4248750000000     
          60           6
   1   1   3   3   0   0   0   0-12.8134   1   1
   1   1   3   3   2   0   0   0  5.9995   1   1
   1   1   3   4   2   0   0   0 -0.3290   1   1
   1   1   4   3   2   0   0   0  0.3290   1   1
   1   1   4   4   0   0   0   0-17.6332   1   1
   1   1   4   4   2   0   0   0 -0.0715   1   1
   1   2   3   3   2   0   0   0 -0.3290   1   1
   1   2   3   4   2   0   0   0  2.6795   1   1
   1   2   3   4   4   0   0   0 -6.7670   1   1
   1   2   4   3   2   0   0   0 -3.9367   1   1
   1   2   4   3   4   0   0   0 13.3893   1   1
   1   2   4   4   2   0   0   0  2.0969   1   1
   1   2   4   4   4   0   0   0  8.4149   1   1
   2   1   3   3   2   0   0   0  0.3290   1   1
   2   1   3   4   2   0   0   0 -3.9367   1   1
   2   1   3   4   4   0   0   0 13.3893   1   1
   2   1   4   3   2   0   0   0  2.6795   1   1
   2   1   4   3   4   0   0   0 -6.7670   1   1
   2   1   4   4   2   0   0   0 -2.0969   1   1
   2   1   4   4   4   0   0   0 -8.4149   1   1
   2   2   3   3   0   0   0   0-17.6332   1   1
   2   2   3   3   2   0   0   0 -0.0715   1   1
   2   2   3   4   2   0   0   0  2.0969   1   1
   2   2   3   4   4   0   0   0  8.4149   1   1
   2   2   4   3   2   0   0   0 -2.0969   1   1
   2   2   4   3   4   0   0   0 -8.4149   1   1
   2   2   4   4   0   0   0   0-26.4249   1   1
   2   2   4   4   2   0   0   0  6.2930   1   1
   2   2   4   4   4   0   0   0 -9.1860   1   1
   2   2   4   4   6   0   0   0  7.8356   1   1
   3   3   1   1   0   0   0   0-12.8134   1   1
   3   3   1   1   2   0   0   0  5.9995   1   1
   3   3   1   2   2   0   0   0 -0.3290   1   1
   3   3   2   1   2   0   0   0  0.3290   1   1
   3   3   2   2   0   0   0   0-17.6332   1   1
   3   3   2   2   2   0   0   0 -0.0715   1   1
   3   4   1   1   2   0   0   0 -0.3290   1   1
   3   4   1   2   2   0   0   0  2.6795   1   1
   3   4   1   2   4   0   0   0 -6.7670   1   1
   3   4   2   1   2   0   0   0 -3.9367   1   1
   3   4   2   1   4   0   0   0 13.3893   1   1
   3   4   2   2   2   0   0   0  2.0969   1   1
   3   4   2   2   4   0   0   0  8.4149   1   1
   4   3   1   1   2   0   0   0  0.3290   1   1
   4   3   1   2   2   0   0   0 -3.9367   1   1
   4   3   1   2   4   0   0   0 13.3893   1   1
   4   3   2   1   2   0   0   0  2.6795   1   1
   4   3   2   1   4   0   0   0 -6.7670   1   1
   4   3   2   2   2   0   0   0 -2.0969   1   1
   4   3   2   2   4   0   0   0 -8.4149   1   1
   4   4   1   1   0   0   0   0-17.6332   1   1
   4   4   1   1   2   0   0   0 -0.0715   1   1
   4   4   1   2   2   0   0   0  2.0969   1   1
   4   4   1   2   4   0   0   0  8.4149   1   1
   4   4   2   1   2   0   0   0 -2.0969   1   1
   4   4   2   1   4   0   0   0 -8.4149   1   1
   4   4   2   2   0   0   0   0-26.4249   1   1
   4   4   2   2   2   0   0   0  6.2930   1   1
   4   4   2   2   4   0   0   0 -9.1860   1   1
   4   4   2   2   6   0   0   0  7.8356   1   1
