      1      2      1      2  -1.21100000000000     
      2      4      1      2  0.000000000000000E+000
      1      5      1      2  0.000000000000000E+000
      4      5      1      2   2.62258834074279     
      3      6      1      2  -2.62258834074279     
      1      3      1      3  -3.01310000000000     
      3      4      1      3  -1.51250000000000     
      2      3      2      3 -0.266000000000000     
      1      4      2      3  -1.58603892449082     
      3      5      2      3 -0.756250000000000     
      2      3      1      4  -1.58603892449082     
      1      4      1      4  -2.09740000000000     
      3      5      1      4  -1.30986342322396     
      1      2      2      4  0.000000000000000E+000
      2      4      2      4  -1.18170000000000     
      1      5      2      4  -1.83140000000000     
      4      5      2      4 -0.756250000000000     
      3      6      2      4 -0.756250000000000     
      1      3      3      4  -1.51250000000000     
      3      4      3      4  -1.94360000000000     
      1      2      1      5  0.000000000000000E+000
      2      4      1      5  -1.83140000000000     
      1      5      1      5  -1.18170000000000     
      4      5      1      5 -0.756250000000000     
      3      6      1      5 -0.756250000000000     
      2      5      2      5  -2.09740000000000     
      1      6      2      5  -1.58603892449082     
      4      6      2      5  -1.30986342322396     
      2      3      3      5 -0.756250000000000     
      1      4      3      5  -1.30986342322396     
      3      5      3      5  -1.94360000000000     
      1      2      4      5   2.62258834074279     
      2      4      4      5 -0.756250000000000     
      1      5      4      5 -0.756250000000000     
      4      5      4      5  -2.88860000000000     
      3      6      4      5  0.945000000000000     
      2      5      1      6  -1.58603892449082     
      1      6      1      6 -0.266000000000000     
      4      6      1      6 -0.756250000000000     
      2      6      2      6  -3.01310000000000     
      5      6      2      6  -1.51250000000000     
      1      2      3      6  -2.62258834074279     
      2      4      3      6 -0.756250000000000     
      1      5      3      6 -0.756250000000000     
      4      5      3      6  0.945000000000000     
      3      6      3      6  -2.88860000000000     
      2      5      4      6  -1.30986342322396     
      1      6      4      6 -0.756250000000000     
      4      6      4      6  -1.94360000000000     
      2      6      5      6  -1.51250000000000     
      5      6      5      6  -1.94360000000000     
      1      7      1      7  -8.13860000000000     
      4      7      1      7  9.496444071335336E-002
      3      8      1      7 -0.164483236227890     
      2      9      1      7 -0.164483236227890     
      5      9      1      7   1.98029090665993     
      1     10      1      7  9.496444071335336E-002
      4     10      1      7  -2.28664297606776     
      3     11      1      7   1.98029090665993     
      2      7      2      7  -4.67480000000000     
      5      7      2      7  9.496444071335336E-002
      1      8      2      7  -3.46380000000000     
      4      8      2      7 -9.496444071335336E-002
      6      9      2      7  0.403688061679424     
      2     10      2      7 -9.496444071335336E-002
      5     10      2      7  0.739633426354454     
      1     11      2      7  9.496444071335336E-002
      4     11      2      7  -1.88295491438833     
      3     12      2      7   3.02627640242221     
      3      7      3      7  -6.21470000000000     
      1      9      3      7  -3.20160000000000     
      4      9      3      7 -0.756250000000000     
      3     10      3      7  0.756250000000000     
      1      7      4      7  9.496444071335336E-002
      4      7      4      7  -6.22776250000000     
      3      8      4      7  2.262491367386921E-002
      2      9      4      7   1.60866383816469     
      5      9      4      7  0.663102615852596     
      1     10      4      7  -4.13036250000000     
      4     10      4      7  -1.52193494752568     
      3     11      4      7   1.97296603907656     
      2      7      5      7  9.496444071335336E-002
      5      7      5      7  -6.24082500000000     
      1      8      5      7  9.496444071335336E-002
      4      8      5      7  2.612500000000129E-002
      6      9      5      7   1.90477742128852     
      2     10      5      7   1.85752500000000     
      5     10      5      7  -1.13909247376284     
      1     11      5      7  -5.05912500000000     
      4     11      5      7 -0.382842473762841     
      3     12      5      7   2.66102742128852     
      6      7      6      7  -6.25388750000000     
      2      8      6      7  0.164483236227890     
      5      8      6      7  2.262491367386954E-002
      6     10      6      7   1.90477742128852     
      2     11      6      7   1.60866383816469     
      5     11      6      7  -2.63606865492916     
      1     12      6      7  -5.98788750000000     
      4     12      6      7   2.66102742128852     
      2      7      1      8  -3.46380000000000     
      5      7      1      8  9.496444071335336E-002
      1      8      1      8  -4.67480000000000     
      4      8      1      8 -9.496444071335336E-002
      6      9      1      8   3.02627640242221     
      2     10      1      8 -9.496444071335336E-002
      5     10      1      8  -1.88295491438833     
      1     11      1      8  9.496444071335336E-002
      4     11      1      8  0.739633426354454     
      3     12      1      8  0.403688061679424     
      6      7      2      8  0.164483236227890     
      2      8      2      8  -8.13860000000000     
      5      8      2      8 -9.496444071335336E-002
      6     10      2      8   1.98029090665993     
      2     11      2      8 -9.496444071335336E-002
      5     11      2      8  -2.28664297606776     
      1     12      2      8  0.164483236227890     
      4     12      2      8   1.98029090665993     
      1      7      3      8 -0.164483236227890     
      4      7      3      8  2.262491367386954E-002
      3      8      3      8  -6.25388750000000     
      2      9      3      8  -5.98788750000000     
      5      9      3      8  -2.66102742128852     
      1     10      3      8   1.60866383816469     
      4     10      3      8   2.63606865492916     
      3     11      3      8  -1.90477742128852     
      2      7      4      8 -9.496444071335336E-002
      5      7      4      8  2.612500000000129E-002
      1      8      4      8 -9.496444071335336E-002
      4      8      4      8  -6.24082500000000     
      6      9      4      8  -2.66102742128852     
      2     10      4      8  -5.05912500000000     
      5     10      4      8  0.382842473762841     
      1     11      4      8   1.85752500000000     
      4     11      4      8   1.13909247376284     
      3     12      4      8  -1.90477742128852     
      6      7      5      8  2.262491367386921E-002
      2      8      5      8 -9.496444071335336E-002
      5      8      5      8  -6.22776250000000     
      6     10      5      8  -1.97296603907656     
      2     11      5      8  -4.13036250000000     
      5     11      5      8   1.52193494752568     
      1     12      5      8   1.60866383816469     
      4     12      5      8 -0.663102615852596     
      6      8      6      8  -6.21470000000000     
      6     11      6      8 -0.756250000000000     
      2     12      6      8  -3.20160000000000     
      5     12      6      8  0.756250000000000     
      7      8      7      8  -1.21100000000000     
      8     10      7      8  0.000000000000000E+000
      7     11      7      8  0.000000000000000E+000
     10     11      7      8   2.62258834074279     
      9     12      7      8  -2.62258834074279     
      3      7      1      9  -3.20160000000000     
      1      9      1      9  -6.21470000000000     
      4      9      1      9  0.756250000000000     
      3     10      1      9 -0.756250000000000     
      1      7      2      9 -0.164483236227890     
      4      7      2      9   1.60866383816469     
      3      8      2      9  -5.98788750000000     
      2      9      2      9  -6.25388750000000     
      5      9      2      9  -1.90477742128852     
      1     10      2      9  2.262491367386954E-002
      4     10      2      9   2.63606865492916     
      3     11      2      9  -2.66102742128852     
      3      9      3      9  -9.41630000000000     
      3      7      4      9 -0.756250000000000     
      1      9      4      9  0.756250000000000     
      4      9      4      9  -5.67995000000000     
      3     10      4      9  -3.73635000000000     
      1      7      5      9   1.98029090665993     
      4      7      5      9  0.663102615852596     
      3      8      5      9  -2.66102742128852     
      2      9      5      9  -1.90477742128852     
      5      9      5      9  -5.47844000000000     
      1     10      5      9   1.97296603907656     
      4     10      5      9 -0.232683705488799     
      3     11      5      9  -3.53484000000000     
      2      7      6      9  0.403688061679424     
      5      7      6      9   1.90477742128852     
      1      8      6      9   3.02627640242221     
      4      8      6      9  -2.66102742128852     
      6      9      6      9  -5.85018500000000     
      2     10      6      9  -1.90477742128852     
      5     10      6      9  0.371745000000002     
      1     11      6      9   2.66102742128852     
      4     11      6      9 -0.573254999999998     
      3     12      6      9  -2.96158500000000     
      7      9      7      9  -3.01310000000000     
      9     10      7      9  -1.51250000000000     
      8      9      8      9 -0.266000000000000     
      7     10      8      9  -1.58603892449082     
      9     11      8      9 -0.756250000000000     
      1      7      1     10  9.496444071335336E-002
      4      7      1     10  -4.13036250000000     
      3      8      1     10   1.60866383816469     
      2      9      1     10  2.262491367386921E-002
      5      9      1     10   1.97296603907656     
      1     10      1     10  -6.22776250000000     
      4     10      1     10  -1.52193494752568     
      3     11      1     10  0.663102615852596     
      2      7      2     10 -9.496444071335336E-002
      5      7      2     10   1.85752500000000     
      1      8      2     10 -9.496444071335336E-002
      4      8      2     10  -5.05912500000000     
      6      9      2     10  -1.90477742128852     
      2     10      2     10  -6.24082500000000     
      5     10      2     10   1.13909247376284     
      1     11      2     10  2.612500000000129E-002
      4     11      2     10  0.382842473762841     
      3     12      2     10  -2.66102742128852     
      3      7      3     10  0.756250000000000     
      1      9      3     10 -0.756250000000000     
      4      9      3     10  -3.73635000000000     
      3     10      3     10  -5.67994999999999     
      1      7      4     10  -2.28664297606776     
      4      7      4     10  -1.52193494752568     
      3      8      4     10   2.63606865492916     
      2      9      4     10   2.63606865492916     
      5      9      4     10 -0.232683705488799     
      1     10      4     10  -1.52193494752568     
      4     10      4     10  -9.14762000000000     
      3     11      4     10 -0.232683705488799     
      2      7      5     10  0.739633426354455     
      5      7      5     10  -1.13909247376284     
      1      8      5     10  -1.88295491438833     
      4      8      5     10  0.382842473762841     
      6      9      5     10  0.371745000000002     
      2     10      5     10   1.13909247376284     
      5     10      5     10  -6.11886500000000     
      1     11      5     10 -0.382842473762841     
      4     11      5     10  -3.23026500000000     
      3     12      5     10 -0.573254999999998     
      6      7      6     10   1.90477742128852     
      2      8      6     10   1.98029090665993     
      5      8      6     10  -1.97296603907656     
      6     10      6     10  -5.47844000000000     
      2     11      6     10 -0.663102615852596     
      5     11      6     10 -0.232683705488799     
      1     12      6     10   2.66102742128852     
      4     12      6     10  -3.53484000000000     
      8      9      7     10  -1.58603892449082     
      7     10      7     10  -2.09740000000000     
      9     11      7     10  -1.30986342322396     
      7      8      8     10  0.000000000000000E+000
      8     10      8     10  -1.18170000000000     
      7     11      8     10  -1.83140000000000     
     10     11      8     10 -0.756250000000000     
      9     12      8     10 -0.756250000000000     
      7      9      9     10  -1.51250000000000     
      9     10      9     10  -1.94360000000000     
      2      7      1     11  9.496444071335336E-002
      5      7      1     11  -5.05912500000000     
      1      8      1     11  9.496444071335336E-002
      4      8      1     11   1.85752500000000     
      6      9      1     11   2.66102742128852     
      2     10      1     11  2.612500000000129E-002
      5     10      1     11 -0.382842473762841     
      1     11      1     11  -6.24082500000000     
      4     11      1     11  -1.13909247376284     
      3     12      1     11   1.90477742128852     
      6      7      2     11   1.60866383816469     
      2      8      2     11 -9.496444071335336E-002
      5      8      2     11  -4.13036250000000     
      6     10      2     11 -0.663102615852596     
      2     11      2     11  -6.22776250000000     
      5     11      2     11   1.52193494752568     
      1     12      2     11  2.262491367386921E-002
      4     12      2     11  -1.97296603907656     
      1      7      3     11   1.98029090665993     
      4      7      3     11   1.97296603907656     
      3      8      3     11  -1.90477742128852     
      2      9      3     11  -2.66102742128852     
      5      9      3     11  -3.53484000000000     
      1     10      3     11  0.663102615852596     
      4     10      3     11 -0.232683705488799     
      3     11      3     11  -5.47844000000000     
      2      7      4     11  -1.88295491438833     
      5      7      4     11 -0.382842473762841     
      1      8      4     11  0.739633426354455     
      4      8      4     11   1.13909247376284     
      6      9      4     11 -0.573254999999998     
      2     10      4     11  0.382842473762841     
      5     10      4     11  -3.23026500000000     
      1     11      4     11  -1.13909247376284     
      4     11      4     11  -6.11886500000000     
      3     12      4     11  0.371745000000002     
      6      7      5     11  -2.63606865492916     
      2      8      5     11  -2.28664297606776     
      5      8      5     11   1.52193494752568     
      6     10      5     11 -0.232683705488799     
      2     11      5     11   1.52193494752568     
      5     11      5     11  -9.14762000000000     
      1     12      5     11  -2.63606865492916     
      4     12      5     11 -0.232683705488799     
      6      8      6     11 -0.756250000000000     
      6     11      6     11  -5.67995000000000     
      2     12      6     11  0.756250000000000     
      5     12      6     11  -3.73635000000000     
      7      8      7     11  0.000000000000000E+000
      8     10      7     11  -1.83140000000000     
      7     11      7     11  -1.18170000000000     
     10     11      7     11 -0.756250000000000     
      9     12      7     11 -0.756250000000000     
      8     11      8     11  -2.09740000000000     
      7     12      8     11  -1.58603892449082     
     10     12      8     11  -1.30986342322396     
      8      9      9     11 -0.756250000000000     
      7     10      9     11  -1.30986342322396     
      9     11      9     11  -1.94360000000000     
      7      8     10     11   2.62258834074279     
      8     10     10     11 -0.756250000000000     
      7     11     10     11 -0.756250000000000     
     10     11     10     11  -2.88860000000000     
      9     12     10     11  0.945000000000000     
      6      7      1     12  -5.98788750000000     
      2      8      1     12  0.164483236227890     
      5      8      1     12   1.60866383816469     
      6     10      1     12   2.66102742128852     
      2     11      1     12  2.262491367386954E-002
      5     11      1     12  -2.63606865492916     
      1     12      1     12  -6.25388750000000     
      4     12      1     12   1.90477742128852     
      6      8      2     12  -3.20160000000000     
      6     11      2     12  0.756250000000000     
      2     12      2     12  -6.21470000000000     
      5     12      2     12 -0.756250000000000     
      2      7      3     12   3.02627640242221     
      5      7      3     12   2.66102742128852     
      1      8      3     12  0.403688061679424     
      4      8      3     12  -1.90477742128852     
      6      9      3     12  -2.96158500000000     
      2     10      3     12  -2.66102742128852     
      5     10      3     12 -0.573254999999998     
      1     11      3     12   1.90477742128852     
      4     11      3     12  0.371745000000002     
      3     12      3     12  -5.85018500000000     
      6      7      4     12   2.66102742128852     
      2      8      4     12   1.98029090665993     
      5      8      4     12 -0.663102615852596     
      6     10      4     12  -3.53484000000000     
      2     11      4     12  -1.97296603907656     
      5     11      4     12 -0.232683705488799     
      1     12      4     12   1.90477742128852     
      4     12      4     12  -5.47844000000000     
      6      8      5     12  0.756250000000000     
      6     11      5     12  -3.73635000000000     
      2     12      5     12 -0.756250000000000     
      5     12      5     12  -5.67994999999999     
      6     12      6     12  -9.41630000000000     
      8     11      7     12  -1.58603892449082     
      7     12      7     12 -0.266000000000000     
     10     12      7     12 -0.756250000000000     
      8     12      8     12  -3.01310000000000     
     11     12      8     12  -1.51250000000000     
      7      8      9     12  -2.62258834074279     
      8     10      9     12 -0.756250000000000     
      7     11      9     12 -0.756250000000000     
     10     11      9     12  0.945000000000000     
      9     12      9     12  -2.88860000000000     
      8     11     10     12  -1.30986342322396     
      7     12     10     12 -0.756250000000000     
     10     12     10     12  -1.94360000000000     
      8     12     11     12  -1.51250000000000     
     11     12     11     12  -1.94360000000000     
