      1      1      1      1           2           0   5.46721837409116     
      1      1      1      1           0           0  -11.8577000000000     
      1      1      1      2           2           0  -2.08133143444287     
      1      1      2      1           2           0  -2.08133143444287     
      1      1      2      2           4           0  -8.39431621751915     
      1      1      2      2           2           0   5.12725504732258     
      1      2      1      1           2           0   2.08133143444287     
      1      2      1      2           2           0   1.02780137915844     
      1      2      1      2           0           0  -17.3277223836545     
      1      2      2      1           4           0   12.0809162654370     
      1      2      2      1           2           0  -5.25841964923873     
      1      2      2      2           4           0   9.10093414107451     
      1      2      2      2           2           0   3.65945868877138     
      2      1      1      1           2           0   2.08133143444287     
      2      1      1      2           4           0   12.0809162654370     
      2      1      1      2           2           0  -5.25841964923873     
      2      1      2      1           2           0   1.02780137915844     
      2      1      2      1           0           0  -17.3277223836545     
      2      1      2      2           4           0   9.10093414107451     
      2      1      2      2           2           0   3.65945868877138     
      2      2      1      1           4           0  -8.39431621751915     
      2      2      1      1           2           0   5.12725504732259     
      2      2      1      2           4           0  -9.10093414107451     
      2      2      1      2           2           0  -3.65945868877138     
      2      2      2      1           4           0  -9.10093414107451     
      2      2      2      1           2           0  -3.65945868877138     
      2      2      2      2           6           0   4.36203695779564     
      2      2      2      2           4           0  -8.21814237532577     
      2      2      2      2           2           0   10.2140681570604     
      2      2      2      2           0           0  -25.5218250000000     
      1      1      1      1           2           0   5.46721837409116     
      1      1      1      1           0           0  -11.8577000000000     
      1      1      1      2           2           0  -2.08133143444287     
      1      1      2      1           2           0  -2.08133143444287     
      1      1      2      2           4           0  -8.39431621751915     
      1      1      2      2           2           0   5.12725504732258     
      1      2      1      1           2           0   2.08133143444287     
      1      2      1      2           2           0   1.02780137915844     
      1      2      1      2           0           0  -17.3277223836545     
      1      2      2      1           4           0   12.0809162654370     
      1      2      2      1           2           0  -5.25841964923873     
      1      2      2      2           4           0   9.10093414107451     
      1      2      2      2           2           0   3.65945868877138     
      2      1      1      1           2           0   2.08133143444287     
      2      1      1      2           4           0   12.0809162654370     
      2      1      1      2           2           0  -5.25841964923873     
      2      1      2      1           2           0   1.02780137915844     
      2      1      2      1           0           0  -17.3277223836545     
      2      1      2      2           4           0   9.10093414107451     
      2      1      2      2           2           0   3.65945868877138     
      2      2      1      1           4           0  -8.39431621751915     
      2      2      1      1           2           0   5.12725504732259     
      2      2      1      2           4           0  -9.10093414107451     
      2      2      1      2           2           0  -3.65945868877138     
      2      2      2      1           4           0  -9.10093414107451     
      2      2      2      1           2           0  -3.65945868877138     
      2      2      2      2           6           0   4.36203695779564     
      2      2      2      2           4           0  -8.21814237532577     
      2      2      2      2           2           0   10.2140681570604     
      2      2      2      2           0           0  -25.5218250000000     
          60           6
   1   1   3   3   0   0   0   0-11.8577   1   1
   1   1   3   3   2   0   0   0  5.4672   1   1
   1   1   3   4   2   0   0   0 -2.0813   1   1
   1   1   4   3   2   0   0   0  2.0813   1   1
   1   1   4   4   0   0   0   0-17.3277   1   1
   1   1   4   4   2   0   0   0  1.0278   1   1
   1   2   3   3   2   0   0   0 -2.0813   1   1
   1   2   3   4   2   0   0   0  5.1273   1   1
   1   2   3   4   4   0   0   0 -8.3943   1   1
   1   2   4   3   2   0   0   0 -5.2584   1   1
   1   2   4   3   4   0   0   0 12.0809   1   1
   1   2   4   4   2   0   0   0  3.6595   1   1
   1   2   4   4   4   0   0   0  9.1009   1   1
   2   1   3   3   2   0   0   0  2.0813   1   1
   2   1   3   4   2   0   0   0 -5.2584   1   1
   2   1   3   4   4   0   0   0 12.0809   1   1
   2   1   4   3   2   0   0   0  5.1273   1   1
   2   1   4   3   4   0   0   0 -8.3943   1   1
   2   1   4   4   2   0   0   0 -3.6595   1   1
   2   1   4   4   4   0   0   0 -9.1009   1   1
   2   2   3   3   0   0   0   0-17.3277   1   1
   2   2   3   3   2   0   0   0  1.0278   1   1
   2   2   3   4   2   0   0   0  3.6595   1   1
   2   2   3   4   4   0   0   0  9.1009   1   1
   2   2   4   3   2   0   0   0 -3.6595   1   1
   2   2   4   3   4   0   0   0 -9.1009   1   1
   2   2   4   4   0   0   0   0-25.5218   1   1
   2   2   4   4   2   0   0   0 10.2141   1   1
   2   2   4   4   4   0   0   0 -8.2181   1   1
   2   2   4   4   6   0   0   0  4.3620   1   1
   3   3   1   1   0   0   0   0-11.8577   1   1
   3   3   1   1   2   0   0   0  5.4672   1   1
   3   3   1   2   2   0   0   0 -2.0813   1   1
   3   3   2   1   2   0   0   0  2.0813   1   1
   3   3   2   2   0   0   0   0-17.3277   1   1
   3   3   2   2   2   0   0   0  1.0278   1   1
   3   4   1   1   2   0   0   0 -2.0813   1   1
   3   4   1   2   2   0   0   0  5.1273   1   1
   3   4   1   2   4   0   0   0 -8.3943   1   1
   3   4   2   1   2   0   0   0 -5.2584   1   1
   3   4   2   1   4   0   0   0 12.0809   1   1
   3   4   2   2   2   0   0   0  3.6595   1   1
   3   4   2   2   4   0   0   0  9.1009   1   1
   4   3   1   1   2   0   0   0  2.0813   1   1
   4   3   1   2   2   0   0   0 -5.2584   1   1
   4   3   1   2   4   0   0   0 12.0809   1   1
   4   3   2   1   2   0   0   0  5.1273   1   1
   4   3   2   1   4   0   0   0 -8.3943   1   1
   4   3   2   2   2   0   0   0 -3.6595   1   1
   4   3   2   2   4   0   0   0 -9.1009   1   1
   4   4   1   1   0   0   0   0-17.3277   1   1
   4   4   1   1   2   0   0   0  1.0278   1   1
   4   4   1   2   2   0   0   0  3.6595   1   1
   4   4   1   2   4   0   0   0  9.1009   1   1
   4   4   2   1   2   0   0   0 -3.6595   1   1
   4   4   2   1   4   0   0   0 -9.1009   1   1
   4   4   2   2   0   0   0   0-25.5218   1   1
   4   4   2   2   2   0   0   0 10.2141   1   1
   4   4   2   2   4   0   0   0 -8.2181   1   1
   4   4   2   2   6   0   0   0  4.3620   1   1
