      1      2      1      2  -1.19410000000000     
      2      4      1      2  0.000000000000000E+000
      1      5      1      2  0.000000000000000E+000
      4      5      1      2   2.47239886041876     
      3      6      1      2  -2.47239886041876     
      1      3      1      3  -2.78010000000000     
      3      4      1      3 -0.873600000000000     
      2      3      2      3 -0.442050000000000     
      1      4      2      3  -1.34987379687881     
      3      5      2      3 -0.436800000000000     
      2      3      1      4  -1.34987379687881     
      1      4      1      4  -2.00075000000000     
      3      5      1      4 -0.756559792746086     
      1      2      2      4  0.000000000000000E+000
      2      4      2      4  -1.22140000000000     
      1      5      2      4  -1.55870000000000     
      4      5      2      4 -0.436800000000000     
      3      6      2      4 -0.436800000000000     
      1      3      3      4 -0.873600000000000     
      3      4      3      4  -2.16240000000000     
      1      2      1      5  0.000000000000000E+000
      2      4      1      5  -1.55870000000000     
      1      5      1      5  -1.22140000000000     
      4      5      1      5 -0.436800000000000     
      3      6      1      5 -0.436800000000000     
      2      5      2      5  -2.00075000000000     
      1      6      2      5  -1.34987379687881     
      4      6      2      5 -0.756559792746086     
      2      3      3      5 -0.436800000000000     
      1      4      3      5 -0.756559792746086     
      3      5      3      5  -2.16240000000000     
      1      2      4      5   2.47239886041876     
      2      4      4      5 -0.436800000000000     
      1      5      4      5 -0.436800000000000     
      4      5      4      5  -2.91445000000000     
      3      6      4      5  0.752050000000000     
      2      5      1      6  -1.34987379687881     
      1      6      1      6 -0.442050000000000     
      4      6      1      6 -0.436800000000000     
      2      6      2      6  -2.78010000000000     
      5      6      2      6 -0.873600000000000     
      1      2      3      6  -2.47239886041876     
      2      4      3      6 -0.436800000000000     
      1      5      3      6 -0.436800000000000     
      4      5      3      6  0.752050000000000     
      3      6      3      6  -2.91445000000000     
      2      5      4      6 -0.756559792746086     
      1      6      4      6 -0.436800000000000     
      4      6      4      6  -2.16240000000000     
      2      6      5      6 -0.873600000000000     
      5      6      5      6  -2.16240000000000     
      1      7      1      7  -7.50710000000000     
      4      7      1      7  0.600828631974210     
      3      8      1      7  -1.04066571722143     
      2      9      1      7  -1.04066571722143     
      5      9      1      7   2.90736610749317     
      1     10      1      7  0.600828631974210     
      4     10      1      7  -3.35713720958796     
      3     11      1      7   2.90736610749317     
      2      7      2      7  -4.35060000000000     
      5      7      2      7  0.600828631974210     
      1      8      2      7  -3.15650000000000     
      4      8      2      7 -0.600828631974210     
      6      9      2      7   1.28165347698159     
      2     10      2      7 -0.600828631974210     
      5     10      2      7  0.396915127812393     
      1     11      2      7  0.600828631974210     
      4     11      2      7  -2.07548373260637     
      3     12      2      7   3.75405233740035     
      3      7      3      7  -6.40775000000000     
      1      9      3      7  -3.62765000000000     
      4      9      3      7 -0.436800000000000     
      3     10      3      7  0.436800000000000     
      1      7      4      7  0.600828631974210     
      4      7      4      7  -6.22010000000000     
      3      8      4      7 -0.325019334040298     
      2      9      4      7   1.02485446283851     
      5      9      4      7   1.15722244598108     
      1     10      4      7  -4.21935000000000     
      4     10      4      7  -1.77304538139891     
      3     11      4      7   1.91378223872717     
      2      7      5      7  0.600828631974210     
      5      7      5      7  -6.03245000000000     
      1      8      5      7  0.600828631974210     
      4      8      5      7 -0.375299999999998     
      6      9      5      7   2.44116807209836     
      2     10      5      7   1.18340000000000     
      5     10      5      7  -1.10492269069945     
      1     11      5      7  -4.81105000000000     
      4     11      5      7 -0.668122690699454     
      3     12      5      7   2.87796807209836     
      6      7      6      7  -5.84480000000000     
      2      8      6      7   1.04066571722143     
      5      8      6      7 -0.325019334040298     
      6     10      6      7   2.44116807209836     
      2     11      6      7   1.02485446283851     
      5     11      6      7  -3.07100468470825     
      1     12      6      7  -5.40275000000000     
      4     12      6      7   2.87796807209836     
      2      7      1      8  -3.15650000000000     
      5      7      1      8  0.600828631974210     
      1      8      1      8  -4.35060000000000     
      4      8      1      8 -0.600828631974210     
      6      9      1      8   3.75405233740035     
      2     10      1      8 -0.600828631974210     
      5     10      1      8  -2.07548373260637     
      1     11      1      8  0.600828631974210     
      4     11      1      8  0.396915127812393     
      3     12      1      8   1.28165347698159     
      6      7      2      8   1.04066571722143     
      2      8      2      8  -7.50710000000000     
      5      8      2      8 -0.600828631974210     
      6     10      2      8   2.90736610749317     
      2     11      2      8 -0.600828631974210     
      5     11      2      8  -3.35713720958796     
      1     12      2      8   1.04066571722143     
      4     12      2      8   2.90736610749317     
      1      7      3      8  -1.04066571722143     
      4      7      3      8 -0.325019334040298     
      3      8      3      8  -5.84480000000000     
      2      9      3      8  -5.40275000000000     
      5      9      3      8  -2.87796807209836     
      1     10      3      8   1.02485446283851     
      4     10      3      8   3.07100468470825     
      3     11      3      8  -2.44116807209836     
      2      7      4      8 -0.600828631974210     
      5      7      4      8 -0.375299999999998     
      1      8      4      8 -0.600828631974210     
      4      8      4      8  -6.03245000000000     
      6      9      4      8  -2.87796807209836     
      2     10      4      8  -4.81105000000000     
      5     10      4      8  0.668122690699454     
      1     11      4      8   1.18340000000000     
      4     11      4      8   1.10492269069945     
      3     12      4      8  -2.44116807209836     
      6      7      5      8 -0.325019334040298     
      2      8      5      8 -0.600828631974210     
      5      8      5      8  -6.22010000000000     
      6     10      5      8  -1.91378223872717     
      2     11      5      8  -4.21935000000000     
      5     11      5      8   1.77304538139891     
      1     12      5      8   1.02485446283851     
      4     12      5      8  -1.15722244598108     
      6      8      6      8  -6.40775000000000     
      6     11      6      8 -0.436800000000000     
      2     12      6      8  -3.62765000000000     
      5     12      6      8  0.436800000000000     
      7      8      7      8  -1.19410000000000     
      8     10      7      8  0.000000000000000E+000
      7     11      7      8  0.000000000000000E+000
     10     11      7      8   2.47239886041876     
      9     12      7      8  -2.47239886041876     
      3      7      1      9  -3.62765000000000     
      1      9      1      9  -6.40775000000000     
      4      9      1      9  0.436800000000000     
      3     10      1      9 -0.436800000000000     
      1      7      2      9  -1.04066571722143     
      4      7      2      9   1.02485446283851     
      3      8      2      9  -5.40275000000000     
      2      9      2      9  -5.84480000000000     
      5      9      2      9  -2.44116807209836     
      1     10      2      9 -0.325019334040298     
      4     10      2      9   3.07100468470825     
      3     11      2      9  -2.87796807209836     
      3      9      3      9  -10.0354000000000     
      3      7      4      9 -0.436800000000000     
      1      9      4      9  0.436800000000000     
      4      9      4      9  -6.09890000000000     
      3     10      4      9  -3.93650000000000     
      1      7      5      9   2.90736610749317     
      4      7      5      9   1.15722244598108     
      3      8      5      9  -2.87796807209836     
      2      9      5      9  -2.44116807209836     
      5      9      5      9  -4.82438000000000     
      1     10      5      9   1.91378223872717     
      4     10      5      9  -1.47168893017512     
      3     11      5      9  -2.66198000000000     
      2      7      6      9   1.28165347698158     
      5      7      6      9   2.44116807209836     
      1      8      6      9   3.75405233740035     
      4      8      6      9  -2.87796807209836     
      6      9      6      9  -4.56314500000000     
      2     10      6      9  -2.44116807209836     
      5     10      6      9 -0.261234999999997     
      1     11      6      9   2.87796807209836     
      4     11      6      9  -1.01328500000000     
      3     12      6      9  -1.64869500000000     
      7      9      7      9  -2.78010000000000     
      9     10      7      9 -0.873600000000000     
      8      9      8      9 -0.442050000000000     
      7     10      8      9  -1.34987379687881     
      9     11      8      9 -0.436800000000000     
      1      7      1     10  0.600828631974210     
      4      7      1     10  -4.21935000000000     
      3      8      1     10   1.02485446283851     
      2      9      1     10 -0.325019334040298     
      5      9      1     10   1.91378223872717     
      1     10      1     10  -6.22010000000000     
      4     10      1     10  -1.77304538139891     
      3     11      1     10   1.15722244598108     
      2      7      2     10 -0.600828631974210     
      5      7      2     10   1.18340000000000     
      1      8      2     10 -0.600828631974210     
      4      8      2     10  -4.81105000000000     
      6      9      2     10  -2.44116807209836     
      2     10      2     10  -6.03245000000000     
      5     10      2     10   1.10492269069945     
      1     11      2     10 -0.375299999999998     
      4     11      2     10  0.668122690699454     
      3     12      2     10  -2.87796807209836     
      3      7      3     10  0.436800000000000     
      1      9      3     10 -0.436800000000000     
      4      9      3     10  -3.93650000000000     
      3     10      3     10  -6.09889999999999     
      1      7      4     10  -3.35713720958796     
      4      7      4     10  -1.77304538139891     
      3      8      4     10   3.07100468470825     
      2      9      4     10   3.07100468470825     
      5      9      4     10  -1.47168893017512     
      1     10      4     10  -1.77304538139891     
      4     10      4     10  -8.33604000000000     
      3     11      4     10  -1.47168893017512     
      2      7      5     10  0.396915127812393     
      5      7      5     10  -1.10492269069945     
      1      8      5     10  -2.07548373260637     
      4      8      5     10  0.668122690699454     
      6      9      5     10 -0.261234999999998     
      2     10      5     10   1.10492269069945     
      5     10      5     10  -6.26250500000000     
      1     11      5     10 -0.668122690699454     
      4     11      5     10  -3.34805500000000     
      3     12      5     10  -1.01328500000000     
      6      7      6     10   2.44116807209836     
      2      8      6     10   2.90736610749317     
      5      8      6     10  -1.91378223872717     
      6     10      6     10  -4.82438000000000     
      2     11      6     10  -1.15722244598108     
      5     11      6     10  -1.47168893017512     
      1     12      6     10   2.87796807209836     
      4     12      6     10  -2.66198000000000     
      8      9      7     10  -1.34987379687881     
      7     10      7     10  -2.00075000000000     
      9     11      7     10 -0.756559792746086     
      7      8      8     10  0.000000000000000E+000
      8     10      8     10  -1.22140000000000     
      7     11      8     10  -1.55870000000000     
     10     11      8     10 -0.436800000000000     
      9     12      8     10 -0.436800000000000     
      7      9      9     10 -0.873600000000000     
      9     10      9     10  -2.16240000000000     
      2      7      1     11  0.600828631974210     
      5      7      1     11  -4.81105000000000     
      1      8      1     11  0.600828631974210     
      4      8      1     11   1.18340000000000     
      6      9      1     11   2.87796807209836     
      2     10      1     11 -0.375299999999998     
      5     10      1     11 -0.668122690699454     
      1     11      1     11  -6.03245000000000     
      4     11      1     11  -1.10492269069945     
      3     12      1     11   2.44116807209836     
      6      7      2     11   1.02485446283851     
      2      8      2     11 -0.600828631974210     
      5      8      2     11  -4.21935000000000     
      6     10      2     11  -1.15722244598108     
      2     11      2     11  -6.22010000000000     
      5     11      2     11   1.77304538139891     
      1     12      2     11 -0.325019334040298     
      4     12      2     11  -1.91378223872717     
      1      7      3     11   2.90736610749317     
      4      7      3     11   1.91378223872717     
      3      8      3     11  -2.44116807209836     
      2      9      3     11  -2.87796807209836     
      5      9      3     11  -2.66198000000000     
      1     10      3     11   1.15722244598108     
      4     10      3     11  -1.47168893017512     
      3     11      3     11  -4.82438000000000     
      2      7      4     11  -2.07548373260637     
      5      7      4     11 -0.668122690699454     
      1      8      4     11  0.396915127812393     
      4      8      4     11   1.10492269069945     
      6      9      4     11  -1.01328500000000     
      2     10      4     11  0.668122690699454     
      5     10      4     11  -3.34805500000000     
      1     11      4     11  -1.10492269069945     
      4     11      4     11  -6.26250500000000     
      3     12      4     11 -0.261234999999998     
      6      7      5     11  -3.07100468470825     
      2      8      5     11  -3.35713720958796     
      5      8      5     11   1.77304538139891     
      6     10      5     11  -1.47168893017512     
      2     11      5     11   1.77304538139891     
      5     11      5     11  -8.33604000000000     
      1     12      5     11  -3.07100468470825     
      4     12      5     11  -1.47168893017512     
      6      8      6     11 -0.436800000000000     
      6     11      6     11  -6.09890000000000     
      2     12      6     11  0.436800000000000     
      5     12      6     11  -3.93650000000000     
      7      8      7     11  0.000000000000000E+000
      8     10      7     11  -1.55870000000000     
      7     11      7     11  -1.22140000000000     
     10     11      7     11 -0.436800000000000     
      9     12      7     11 -0.436800000000000     
      8     11      8     11  -2.00075000000000     
      7     12      8     11  -1.34987379687881     
     10     12      8     11 -0.756559792746086     
      8      9      9     11 -0.436800000000000     
      7     10      9     11 -0.756559792746086     
      9     11      9     11  -2.16240000000000     
      7      8     10     11   2.47239886041876     
      8     10     10     11 -0.436800000000000     
      7     11     10     11 -0.436800000000000     
     10     11     10     11  -2.91445000000000     
      9     12     10     11  0.752050000000000     
      6      7      1     12  -5.40275000000000     
      2      8      1     12   1.04066571722143     
      5      8      1     12   1.02485446283851     
      6     10      1     12   2.87796807209836     
      2     11      1     12 -0.325019334040298     
      5     11      1     12  -3.07100468470825     
      1     12      1     12  -5.84480000000000     
      4     12      1     12   2.44116807209836     
      6      8      2     12  -3.62765000000000     
      6     11      2     12  0.436800000000000     
      2     12      2     12  -6.40775000000000     
      5     12      2     12 -0.436800000000000     
      2      7      3     12   3.75405233740035     
      5      7      3     12   2.87796807209836     
      1      8      3     12   1.28165347698158     
      4      8      3     12  -2.44116807209836     
      6      9      3     12  -1.64869500000000     
      2     10      3     12  -2.87796807209836     
      5     10      3     12  -1.01328500000000     
      1     11      3     12   2.44116807209836     
      4     11      3     12 -0.261234999999997     
      3     12      3     12  -4.56314500000000     
      6      7      4     12   2.87796807209836     
      2      8      4     12   2.90736610749317     
      5      8      4     12  -1.15722244598108     
      6     10      4     12  -2.66198000000000     
      2     11      4     12  -1.91378223872717     
      5     11      4     12  -1.47168893017512     
      1     12      4     12   2.44116807209836     
      4     12      4     12  -4.82438000000000     
      6      8      5     12  0.436800000000000     
      6     11      5     12  -3.93650000000000     
      2     12      5     12 -0.436800000000000     
      5     12      5     12  -6.09889999999999     
      6     12      6     12  -10.0354000000000     
      8     11      7     12  -1.34987379687881     
      7     12      7     12 -0.442050000000000     
     10     12      7     12 -0.436800000000000     
      8     12      8     12  -2.78010000000000     
     11     12      8     12 -0.873600000000000     
      7      8      9     12  -2.47239886041876     
      8     10      9     12 -0.436800000000000     
      7     11      9     12 -0.436800000000000     
     10     11      9     12  0.752050000000000     
      9     12      9     12  -2.91445000000000     
      8     11     10     12 -0.756559792746086     
      7     12     10     12 -0.436800000000000     
     10     12     10     12  -2.16240000000000     
      8     12     11     12 -0.873600000000000     
     11     12     11     12  -2.16240000000000     
