 ! Total Interaction
  20
   1   1   1   1     1     0  -7.5071
   1   2   1   1     1     0  -1.6994
   2   2   1   1     1     0   5.3081
   1   1   1   2     1     0  -1.6994
   1   2   1   2     1     0 -11.6516
   2   2   1   2     1     0  -7.9293
   1   1   2   2     1     0   5.3081
   1   2   2   2     1     0  -7.9293
   2   2   2   2     1     0  -5.7870
   1   2   1   2     2     0 -10.0354
   2   2   2   2     3     0 -10.0354
   1   1   1   1     0     1  -1.1941
   2   2   1   1     0     1  -3.4965
   1   1   2   2     0     1  -3.4965
   2   2   2   2     0     1  -3.6665
   1   2   1   2     1     1   0.3373
   1   2   1   2     2     1  -2.7801
   2   2   1   2     2     1   0.8736
   1   2   2   2     2     1   0.8736
   2   2   2   2     2     1  -2.1624
