      1      1      1      1           2           0   5.45535382605931     
      1      1      1      1           0           0  -11.9819500000000     
      1      1      1      2           2           0  -1.85916271477243     
      1      1      2      1           2           0  -1.85916271477243     
      1      1      2      2           4           0  -8.38877355450524     
      1      1      2      2           2           0   5.99015825677699     
      1      2      1      1           2           0   1.85916271477243     
      1      2      1      2           2           0 -0.110845352575105     
      1      2      1      2           0           0  -17.7343971711844     
      1      2      2      1           4           0   13.0113721017244     
      1      2      2      1           2           0  -5.61827485514626     
      1      2      2      2           4           0   10.1719664567146     
      1      2      2      2           2           0   4.42680002015835     
      2      1      1      1           2           0   1.85916271477243     
      2      1      1      2           4           0   13.0113721017244     
      2      1      1      2           2           0  -5.61827485514626     
      2      1      2      1           2           0 -0.110845352575105     
      2      1      2      1           0           0  -17.7343971711844     
      2      1      2      2           4           0   10.1719664567146     
      2      1      2      2           2           0   4.42680002015835     
      2      2      1      1           4           0  -8.38877355450524     
      2      2      1      1           2           0   5.99015825677699     
      2      2      1      2           4           0  -10.1719664567146     
      2      2      1      2           2           0  -4.42680002015835     
      2      2      2      1           4           0  -10.1719664567146     
      2      2      2      1           2           0  -4.42680002015835     
      2      2      2      2           6           0   5.46954845660727     
      2      2      2      2           4           0  -8.92362182222695     
      2      2      2      2           2           0   10.1536195838762     
      2      2      2      2           0           0  -25.5526250000000     
      1      1      1      1           2           0   5.45535382605931     
      1      1      1      1           0           0  -11.9819500000000     
      1      1      1      2           2           0  -1.85916271477243     
      1      1      2      1           2           0  -1.85916271477243     
      1      1      2      2           4           0  -8.38877355450524     
      1      1      2      2           2           0   5.99015825677699     
      1      2      1      1           2           0   1.85916271477243     
      1      2      1      2           2           0 -0.110845352575105     
      1      2      1      2           0           0  -17.7343971711844     
      1      2      2      1           4           0   13.0113721017244     
      1      2      2      1           2           0  -5.61827485514626     
      1      2      2      2           4           0   10.1719664567146     
      1      2      2      2           2           0   4.42680002015835     
      2      1      1      1           2           0   1.85916271477243     
      2      1      1      2           4           0   13.0113721017244     
      2      1      1      2           2           0  -5.61827485514626     
      2      1      2      1           2           0 -0.110845352575105     
      2      1      2      1           0           0  -17.7343971711844     
      2      1      2      2           4           0   10.1719664567146     
      2      1      2      2           2           0   4.42680002015835     
      2      2      1      1           4           0  -8.38877355450524     
      2      2      1      1           2           0   5.99015825677699     
      2      2      1      2           4           0  -10.1719664567146     
      2      2      1      2           2           0  -4.42680002015835     
      2      2      2      1           4           0  -10.1719664567146     
      2      2      2      1           2           0  -4.42680002015835     
      2      2      2      2           6           0   5.46954845660727     
      2      2      2      2           4           0  -8.92362182222695     
      2      2      2      2           2           0   10.1536195838762     
      2      2      2      2           0           0  -25.5526250000000     
          60           6
   1   1   3   3   0   0   0   0-11.9820   1   1
   1   1   3   3   2   0   0   0  5.4554   1   1
   1   1   3   4   2   0   0   0 -1.8592   1   1
   1   1   4   3   2   0   0   0  1.8592   1   1
   1   1   4   4   0   0   0   0-17.7344   1   1
   1   1   4   4   2   0   0   0 -0.1108   1   1
   1   2   3   3   2   0   0   0 -1.8592   1   1
   1   2   3   4   2   0   0   0  5.9902   1   1
   1   2   3   4   4   0   0   0 -8.3888   1   1
   1   2   4   3   2   0   0   0 -5.6183   1   1
   1   2   4   3   4   0   0   0 13.0114   1   1
   1   2   4   4   2   0   0   0  4.4268   1   1
   1   2   4   4   4   0   0   0 10.1720   1   1
   2   1   3   3   2   0   0   0  1.8592   1   1
   2   1   3   4   2   0   0   0 -5.6183   1   1
   2   1   3   4   4   0   0   0 13.0114   1   1
   2   1   4   3   2   0   0   0  5.9902   1   1
   2   1   4   3   4   0   0   0 -8.3888   1   1
   2   1   4   4   2   0   0   0 -4.4268   1   1
   2   1   4   4   4   0   0   0-10.1720   1   1
   2   2   3   3   0   0   0   0-17.7344   1   1
   2   2   3   3   2   0   0   0 -0.1108   1   1
   2   2   3   4   2   0   0   0  4.4268   1   1
   2   2   3   4   4   0   0   0 10.1720   1   1
   2   2   4   3   2   0   0   0 -4.4268   1   1
   2   2   4   3   4   0   0   0-10.1720   1   1
   2   2   4   4   0   0   0   0-25.5526   1   1
   2   2   4   4   2   0   0   0 10.1536   1   1
   2   2   4   4   4   0   0   0 -8.9236   1   1
   2   2   4   4   6   0   0   0  5.4695   1   1
   3   3   1   1   0   0   0   0-11.9820   1   1
   3   3   1   1   2   0   0   0  5.4554   1   1
   3   3   1   2   2   0   0   0 -1.8592   1   1
   3   3   2   1   2   0   0   0  1.8592   1   1
   3   3   2   2   0   0   0   0-17.7344   1   1
   3   3   2   2   2   0   0   0 -0.1108   1   1
   3   4   1   1   2   0   0   0 -1.8592   1   1
   3   4   1   2   2   0   0   0  5.9902   1   1
   3   4   1   2   4   0   0   0 -8.3888   1   1
   3   4   2   1   2   0   0   0 -5.6183   1   1
   3   4   2   1   4   0   0   0 13.0114   1   1
   3   4   2   2   2   0   0   0  4.4268   1   1
   3   4   2   2   4   0   0   0 10.1720   1   1
   4   3   1   1   2   0   0   0  1.8592   1   1
   4   3   1   2   2   0   0   0 -5.6183   1   1
   4   3   1   2   4   0   0   0 13.0114   1   1
   4   3   2   1   2   0   0   0  5.9902   1   1
   4   3   2   1   4   0   0   0 -8.3888   1   1
   4   3   2   2   2   0   0   0 -4.4268   1   1
   4   3   2   2   4   0   0   0-10.1720   1   1
   4   4   1   1   0   0   0   0-17.7344   1   1
   4   4   1   1   2   0   0   0 -0.1108   1   1
   4   4   1   2   2   0   0   0  4.4268   1   1
   4   4   1   2   4   0   0   0 10.1720   1   1
   4   4   2   1   2   0   0   0 -4.4268   1   1
   4   4   2   1   4   0   0   0-10.1720   1   1
   4   4   2   2   0   0   0   0-25.5526   1   1
   4   4   2   2   2   0   0   0 10.1536   1   1
   4   4   2   2   4   0   0   0 -8.9236   1   1
   4   4   2   2   6   0   0   0  5.4695   1   1
