      1      2      1      2  -1.26650000000000     
      2      4      1      2  0.000000000000000E+000
      1      5      1      2  0.000000000000000E+000
      4      5      1      2   2.09565236740257     
      3      6      1      2  -2.09565236740257     
      1      3      1      3  -2.35220000000000     
      3      4      1      3 -0.792000000000000     
      2      3      2      3 -0.481550000000000     
      1      4      2      3  -1.08002028105957     
      3      5      2      3 -0.396000000000000     
      2      3      1      4  -1.08002028105957     
      1      4      1      4  -1.72865000000000     
      3      5      1      4 -0.685892119797276     
      1      2      2      4  0.000000000000000E+000
      2      4      2      4  -1.10510000000000     
      1      5      2      4  -1.24710000000000     
      4      5      2      4 -0.396000000000000     
      3      6      2      4 -0.396000000000000     
      1      3      3      4 -0.792000000000000     
      3      4      3      4  -1.79220000000000     
      1      2      1      5  0.000000000000000E+000
      2      4      1      5  -1.24710000000000     
      1      5      1      5  -1.10510000000000     
      4      5      1      5 -0.396000000000000     
      3      6      1      5 -0.396000000000000     
      2      5      2      5  -1.72865000000000     
      1      6      2      5  -1.08002028105957     
      4      6      2      5 -0.685892119797276     
      2      3      3      5 -0.396000000000000     
      1      4      3      5 -0.685892119797276     
      3      5      3      5  -1.79220000000000     
      1      2      4      5   2.09565236740257     
      2      4      4      5 -0.396000000000000     
      1      5      4      5 -0.396000000000000     
      4      5      4      5  -2.57720000000000     
      3      6      4      5  0.785000000000000     
      2      5      1      6  -1.08002028105957     
      1      6      1      6 -0.481550000000000     
      4      6      1      6 -0.396000000000000     
      2      6      2      6  -2.35220000000000     
      5      6      2      6 -0.792000000000000     
      1      2      3      6  -2.09565236740257     
      2      4      3      6 -0.396000000000000     
      1      5      3      6 -0.396000000000000     
      4      5      3      6  0.785000000000000     
      3      6      3      6  -2.57720000000000     
      2      5      4      6 -0.685892119797276     
      1      6      4      6 -0.396000000000000     
      4      6      4      6  -1.79220000000000     
      2      6      5      6 -0.792000000000000     
      5      6      5      6  -1.79220000000000     
      1      7      1      7  -7.56580000000000     
      4      7      1      7  0.536694046920590     
      3      8      1      7 -0.929581357386216     
      2      9      1      7 -0.929581357386216     
      5      9      1      7   3.12201857777945     
      1     10      1      7  0.536694046920590     
      4     10      1      7  -3.60499653259195     
      3     11      1      7   3.12201857777945     
      2      7      2      7  -4.41615000000000     
      5      7      2      7  0.536694046920590     
      1      8      2      7  -3.14965000000000     
      4      8      2      7 -0.536694046920590     
      6      9      2      7   1.65592121574268     
      2     10      2      7 -0.536694046920590     
      5     10      2      7  0.146577050553297     
      1     11      2      7  0.536694046920590     
      4     11      2      7  -1.94907531684927     
      3     12      2      7   3.75157358314525     
      3      7      3      7  -6.23970000000000     
      1      9      3      7  -3.88750000000000     
      4      9      3      7 -0.396000000000000     
      3     10      3      7  0.396000000000000     
      1      7      4      7  0.536694046920590     
      4      7      4      7  -6.25993750000000     
      3      8      4      7  3.505237821817653E-002
      2      9      4      7   1.11507265927775     
      5      9      4      7   1.39987708097797     
      1     10      4      7  -4.53128750000000     
      4     10      4      7  -2.01243881907004     
      3     11      4      7   2.08576920077525     
      2      7      5      7  0.536694046920590     
      5      7      5      7  -6.28017500000000     
      1      8      5      7  0.536694046920590     
      4      8      5      7  4.047500000000182E-002
      6      9      5      7   2.82065822860506     
      2     10      5      7   1.28757500000000     
      5     10      5      7  -1.20421940953502     
      1     11      5      7  -5.17507500000000     
      4     11      5      7 -0.808219409535019     
      3     12      5      7   3.21665822860506     
      6      7      6      7  -6.30041250000000     
      2      8      6      7  0.929581357386216     
      5      8      6      7  3.505237821817742E-002
      6     10      6      7   2.82065822860506     
      2     11      6      7   1.11507265927775     
      5     11      6      7  -3.48564628175322     
      1     12      6      7  -5.81886250000000     
      4     12      6      7   3.21665822860506     
      2      7      1      8  -3.14965000000000     
      5      7      1      8  0.536694046920590     
      1      8      1      8  -4.41615000000000     
      4      8      1      8 -0.536694046920590     
      6      9      1      8   3.75157358314525     
      2     10      1      8 -0.536694046920590     
      5     10      1      8  -1.94907531684927     
      1     11      1      8  0.536694046920590     
      4     11      1      8  0.146577050553297     
      3     12      1      8   1.65592121574268     
      6      7      2      8  0.929581357386216     
      2      8      2      8  -7.56580000000000     
      5      8      2      8 -0.536694046920590     
      6     10      2      8   3.12201857777945     
      2     11      2      8 -0.536694046920590     
      5     11      2      8  -3.60499653259195     
      1     12      2      8  0.929581357386216     
      4     12      2      8   3.12201857777945     
      1      7      3      8 -0.929581357386216     
      4      7      3      8  3.505237821817742E-002
      3      8      3      8  -6.30041250000000     
      2      9      3      8  -5.81886250000000     
      5      9      3      8  -3.21665822860506     
      1     10      3      8   1.11507265927775     
      4     10      3      8   3.48564628175322     
      3     11      3      8  -2.82065822860506     
      2      7      4      8 -0.536694046920590     
      5      7      4      8  4.047500000000182E-002
      1      8      4      8 -0.536694046920590     
      4      8      4      8  -6.28017500000000     
      6      9      4      8  -3.21665822860506     
      2     10      4      8  -5.17507500000000     
      5     10      4      8  0.808219409535019     
      1     11      4      8   1.28757500000000     
      4     11      4      8   1.20421940953502     
      3     12      4      8  -2.82065822860506     
      6      7      5      8  3.505237821817653E-002
      2      8      5      8 -0.536694046920590     
      5      8      5      8  -6.25993750000000     
      6     10      5      8  -2.08576920077525     
      2     11      5      8  -4.53128750000000     
      5     11      5      8   2.01243881907004     
      1     12      5      8   1.11507265927775     
      4     12      5      8  -1.39987708097797     
      6      8      6      8  -6.23970000000000     
      6     11      6      8 -0.396000000000000     
      2     12      6      8  -3.88750000000000     
      5     12      6      8  0.396000000000000     
      7      8      7      8  -1.26650000000000     
      8     10      7      8  0.000000000000000E+000
      7     11      7      8  0.000000000000000E+000
     10     11      7      8   2.09565236740257     
      9     12      7      8  -2.09565236740257     
      3      7      1      9  -3.88750000000000     
      1      9      1      9  -6.23970000000000     
      4      9      1      9  0.396000000000000     
      3     10      1      9 -0.396000000000000     
      1      7      2      9 -0.929581357386216     
      4      7      2      9   1.11507265927775     
      3      8      2      9  -5.81886250000000     
      2      9      2      9  -6.30041250000000     
      5      9      2      9  -2.82065822860506     
      1     10      2      9  3.505237821817742E-002
      4     10      2      9   3.48564628175322     
      3     11      2      9  -3.21665822860506     
      3      9      3      9  -10.1272000000000     
      3      7      4      9 -0.396000000000000     
      1      9      4      9  0.396000000000000     
      4      9      4      9  -5.95970000000000     
      3     10      4      9  -4.16750000000000     
      1      7      5      9   3.12201857777945     
      4      7      5      9   1.39987708097797     
      3      8      5      9  -3.21665822860506     
      2      9      5      9  -2.82065822860506     
      5      9      5      9  -4.82123000000000     
      1     10      5      9   2.08576920077525     
      4     10      5      9  -1.31459192192862     
      3     11      5      9  -3.02903000000000     
      2      7      6      9   1.65592121574268     
      5      7      6      9   2.82065822860506     
      1      8      6      9   3.75157358314525     
      4      8      6      9  -3.21665822860506     
      6      9      6      9  -4.64449500000000     
      2     10      6      9  -2.82065822860506     
      5     10      6      9 -0.176734999999998     
      1     11      6      9   3.21665822860506     
      4     11      6      9 -0.961734999999998     
      3     12      6      9  -2.06729500000000     
      7      9      7      9  -2.35220000000000     
      9     10      7      9 -0.792000000000000     
      8      9      8      9 -0.481550000000000     
      7     10      8      9  -1.08002028105957     
      9     11      8      9 -0.396000000000000     
      1      7      1     10  0.536694046920590     
      4      7      1     10  -4.53128750000000     
      3      8      1     10   1.11507265927775     
      2      9      1     10  3.505237821817653E-002
      5      9      1     10   2.08576920077525     
      1     10      1     10  -6.25993750000000     
      4     10      1     10  -2.01243881907004     
      3     11      1     10   1.39987708097797     
      2      7      2     10 -0.536694046920590     
      5      7      2     10   1.28757500000000     
      1      8      2     10 -0.536694046920590     
      4      8      2     10  -5.17507500000000     
      6      9      2     10  -2.82065822860506     
      2     10      2     10  -6.28017500000000     
      5     10      2     10   1.20421940953502     
      1     11      2     10  4.047500000000182E-002
      4     11      2     10  0.808219409535019     
      3     12      2     10  -3.21665822860506     
      3      7      3     10  0.396000000000000     
      1      9      3     10 -0.396000000000000     
      4      9      3     10  -4.16750000000000     
      3     10      3     10  -5.95969999999999     
      1      7      4     10  -3.60499653259195     
      4      7      4     10  -2.01243881907004     
      3      8      4     10   3.48564628175322     
      2      9      4     10   3.48564628175322     
      5      9      4     10  -1.31459192192862     
      1     10      4     10  -2.01243881907004     
      4     10      4     10  -8.60924000000000     
      3     11      4     10  -1.31459192192862     
      2      7      5     10  0.146577050553297     
      5      7      5     10  -1.20421940953502     
      1      8      5     10  -1.94907531684927     
      4      8      5     10  0.808219409535019     
      6      9      5     10 -0.176734999999997     
      2     10      5     10   1.20421940953502     
      5     10      5     10  -6.16245500000000     
      1     11      5     10 -0.808219409535019     
      4     11      5     10  -3.58525500000000     
      3     12      5     10 -0.961734999999998     
      6      7      6     10   2.82065822860506     
      2      8      6     10   3.12201857777945     
      5      8      6     10  -2.08576920077525     
      6     10      6     10  -4.82123000000000     
      2     11      6     10  -1.39987708097797     
      5     11      6     10  -1.31459192192862     
      1     12      6     10   3.21665822860506     
      4     12      6     10  -3.02903000000000     
      8      9      7     10  -1.08002028105957     
      7     10      7     10  -1.72865000000000     
      9     11      7     10 -0.685892119797276     
      7      8      8     10  0.000000000000000E+000
      8     10      8     10  -1.10510000000000     
      7     11      8     10  -1.24710000000000     
     10     11      8     10 -0.396000000000000     
      9     12      8     10 -0.396000000000000     
      7      9      9     10 -0.792000000000000     
      9     10      9     10  -1.79220000000000     
      2      7      1     11  0.536694046920590     
      5      7      1     11  -5.17507500000000     
      1      8      1     11  0.536694046920590     
      4      8      1     11   1.28757500000000     
      6      9      1     11   3.21665822860506     
      2     10      1     11  4.047500000000182E-002
      5     10      1     11 -0.808219409535019     
      1     11      1     11  -6.28017500000000     
      4     11      1     11  -1.20421940953502     
      3     12      1     11   2.82065822860506     
      6      7      2     11   1.11507265927775     
      2      8      2     11 -0.536694046920590     
      5      8      2     11  -4.53128750000000     
      6     10      2     11  -1.39987708097797     
      2     11      2     11  -6.25993750000000     
      5     11      2     11   2.01243881907004     
      1     12      2     11  3.505237821817653E-002
      4     12      2     11  -2.08576920077525     
      1      7      3     11   3.12201857777945     
      4      7      3     11   2.08576920077525     
      3      8      3     11  -2.82065822860506     
      2      9      3     11  -3.21665822860506     
      5      9      3     11  -3.02903000000000     
      1     10      3     11   1.39987708097797     
      4     10      3     11  -1.31459192192862     
      3     11      3     11  -4.82123000000000     
      2      7      4     11  -1.94907531684927     
      5      7      4     11 -0.808219409535019     
      1      8      4     11  0.146577050553297     
      4      8      4     11   1.20421940953502     
      6      9      4     11 -0.961734999999998     
      2     10      4     11  0.808219409535019     
      5     10      4     11  -3.58525500000000     
      1     11      4     11  -1.20421940953502     
      4     11      4     11  -6.16245500000000     
      3     12      4     11 -0.176734999999997     
      6      7      5     11  -3.48564628175322     
      2      8      5     11  -3.60499653259195     
      5      8      5     11   2.01243881907004     
      6     10      5     11  -1.31459192192862     
      2     11      5     11   2.01243881907004     
      5     11      5     11  -8.60924000000000     
      1     12      5     11  -3.48564628175322     
      4     12      5     11  -1.31459192192862     
      6      8      6     11 -0.396000000000000     
      6     11      6     11  -5.95970000000000     
      2     12      6     11  0.396000000000000     
      5     12      6     11  -4.16750000000000     
      7      8      7     11  0.000000000000000E+000
      8     10      7     11  -1.24710000000000     
      7     11      7     11  -1.10510000000000     
     10     11      7     11 -0.396000000000000     
      9     12      7     11 -0.396000000000000     
      8     11      8     11  -1.72865000000000     
      7     12      8     11  -1.08002028105957     
     10     12      8     11 -0.685892119797276     
      8      9      9     11 -0.396000000000000     
      7     10      9     11 -0.685892119797276     
      9     11      9     11  -1.79220000000000     
      7      8     10     11   2.09565236740257     
      8     10     10     11 -0.396000000000000     
      7     11     10     11 -0.396000000000000     
     10     11     10     11  -2.57720000000000     
      9     12     10     11  0.785000000000000     
      6      7      1     12  -5.81886250000000     
      2      8      1     12  0.929581357386216     
      5      8      1     12   1.11507265927775     
      6     10      1     12   3.21665822860506     
      2     11      1     12  3.505237821817742E-002
      5     11      1     12  -3.48564628175322     
      1     12      1     12  -6.30041250000000     
      4     12      1     12   2.82065822860506     
      6      8      2     12  -3.88750000000000     
      6     11      2     12  0.396000000000000     
      2     12      2     12  -6.23970000000000     
      5     12      2     12 -0.396000000000000     
      2      7      3     12   3.75157358314525     
      5      7      3     12   3.21665822860506     
      1      8      3     12   1.65592121574268     
      4      8      3     12  -2.82065822860506     
      6      9      3     12  -2.06729500000000     
      2     10      3     12  -3.21665822860506     
      5     10      3     12 -0.961734999999998     
      1     11      3     12   2.82065822860506     
      4     11      3     12 -0.176734999999998     
      3     12      3     12  -4.64449500000000     
      6      7      4     12   3.21665822860506     
      2      8      4     12   3.12201857777945     
      5      8      4     12  -1.39987708097797     
      6     10      4     12  -3.02903000000000     
      2     11      4     12  -2.08576920077525     
      5     11      4     12  -1.31459192192862     
      1     12      4     12   2.82065822860506     
      4     12      4     12  -4.82123000000000     
      6      8      5     12  0.396000000000000     
      6     11      5     12  -4.16750000000000     
      2     12      5     12 -0.396000000000000     
      5     12      5     12  -5.95969999999999     
      6     12      6     12  -10.1272000000000     
      8     11      7     12  -1.08002028105957     
      7     12      7     12 -0.481550000000000     
     10     12      7     12 -0.396000000000000     
      8     12      8     12  -2.35220000000000     
     11     12      8     12 -0.792000000000000     
      7      8      9     12  -2.09565236740257     
      8     10      9     12 -0.396000000000000     
      7     11      9     12 -0.396000000000000     
     10     11      9     12  0.785000000000000     
      9     12      9     12  -2.57720000000000     
      8     11     10     12 -0.685892119797276     
      7     12     10     12 -0.396000000000000     
     10     12     10     12  -1.79220000000000     
      8     12     11     12 -0.792000000000000     
     11     12     11     12  -1.79220000000000     
