 ! Total Interaction
  20
   1   1   1   1     1     0  -7.5658
   1   2   1   1     1     0  -1.5180
   2   2   1   1     1     0   5.7000
   1   1   1   2     1     0  -1.5180
   1   2   1   2     1     0 -12.7833
   2   2   1   2     1     0  -8.9999
   1   1   2   2     1     0   5.7000
   1   2   2   2     1     0  -8.9999
   2   2   2   2     1     0  -6.3323
   1   2   1   2     2     0 -10.1272
   2   2   2   2     3     0 -10.1272
   1   1   1   1     0     1  -1.2665
   2   2   1   1     0     1  -2.9637
   1   1   2   2     0     1  -2.9637
   2   2   2   2     0     1  -3.3622
   1   2   1   2     1     1   0.1420
   1   2   1   2     2     1  -2.3522
   2   2   1   2     2     1   0.7920
   1   2   2   2     2     1   0.7920
   2   2   2   2     2     1  -1.7922
