      1      2      1      2  -1.10510000000000     
      2      4      1      2  0.000000000000000E+000
      1      5      1      2  0.000000000000000E+000
      4      5      1      2   2.83047773441163     
      3      6      1      2  -2.83047773441163     
      1      3      1      3  -3.25850000000000     
      3      4      1      3  -1.61500000000000     
      2      3      2      3 -0.195575000000000     
      1      4      2      3  -1.76838057325764     
      3      5      2      3 -0.807500000000000     
      2      3      1      4  -1.76838057325764     
      1      4      1      4  -2.23752500000000     
      3      5      1      4  -1.39863102711187     
      1      2      2      4  0.000000000000000E+000
      2      4      2      4  -1.21655000000000     
      1      5      2      4  -2.04195000000000     
      4      5      2      4 -0.807500000000000     
      3      6      2      4 -0.807500000000000     
      1      3      3      4  -1.61500000000000     
      3      4      3      4  -2.11650000000000     
      1      2      1      5  0.000000000000000E+000
      2      4      1      5  -2.04195000000000     
      1      5      1      5  -1.21655000000000     
      4      5      1      5 -0.807500000000000     
      3      6      1      5 -0.807500000000000     
      2      5      2      5  -2.23752500000000     
      1      6      2      5  -1.76838057325764     
      4      6      2      5  -1.39863102711187     
      2      3      3      5 -0.807500000000000     
      1      4      3      5  -1.39863102711187     
      3      5      3      5  -2.11650000000000     
      1      2      4      5   2.83047773441163     
      2      4      4      5 -0.807500000000000     
      1      5      4      5 -0.807500000000000     
      4      5      4      5  -3.02600000000000     
      3      6      4      5  0.909500000000000     
      2      5      1      6  -1.76838057325764     
      1      6      1      6 -0.195575000000000     
      4      6      1      6 -0.807500000000000     
      2      6      2      6  -3.25850000000000     
      5      6      2      6  -1.61500000000000     
      1      2      3      6  -2.83047773441163     
      2      4      3      6 -0.807500000000000     
      1      5      3      6 -0.807500000000000     
      4      5      3      6  0.909500000000000     
      3      6      3      6  -3.02600000000000     
      2      5      4      6  -1.39863102711187     
      1      6      4      6 -0.807500000000000     
      4      6      4      6  -2.11650000000000     
      2      6      5      6  -1.61500000000000     
      5      6      5      6  -2.11650000000000     
      1      7      1      7  -7.79060000000000     
      4      7      1      7  5.904341622907675E-002
      3      8      1      7 -0.102266196761198     
      2      9      1      7 -0.102266196761198     
      5      9      1      7   1.53592359575599     
      1     10      1      7  5.904341622907675E-002
      4     10      1      7  -1.77353180292883     
      3     11      1      7   1.53592359575599     
      2      7      2      7  -4.44785000000000     
      5      7      2      7  5.904341622907675E-002
      1      8      2      7  -3.34275000000000     
      4      8      2      7 -5.904341622907675E-002
      6      9      2      7 -8.509001500919022E-002
      2     10      2      7 -5.904341622907675E-002
      5     10      2      7  0.971855916473607     
      1     11      2      7  5.904341622907675E-002
      4     11      2      7  -1.85862181793802     
      3     12      2      7   2.74538771940244     
      3      7      3      7  -6.00965000000000     
      1      9      3      7  -2.75115000000000     
      4      9      3      7 -0.807500000000000     
      3     10      3      7  0.807500000000000     
      1      7      4      7  5.904341622907675E-002
      4      7      4      7  -5.87991250000000     
      3      8      4      7 -0.224711941646966     
      2      9      4      7   1.54366863161067     
      5      9      4      7  0.335603731300881     
      1     10      4      7  -3.64238750000000     
      4     10      4      7  -1.19502180921521     
      3     11      4      7   1.73423475841275     
      2      7      5      7  5.904341622907675E-002
      5      7      5      7  -5.75017500000000     
      1      8      5      7  5.904341622907675E-002
      4      8      5      7 -0.259474999999998     
      6      9      5      7   1.38878271382282     
      2     10      5      7   1.78247500000000     
      5     10      5      7  -1.00126090460761     
      1     11      5      7  -4.53362500000000     
      4     11      5      7 -0.193760904607607     
      3     12      5      7   2.19628271382282     
      6      7      6      7  -5.62043750000000     
      2      8      6      7  0.102266196761198     
      5      8      6      7 -0.224711941646966     
      6     10      6      7   1.38878271382282     
      2     11      6      7   1.54366863161067     
      5     11      6      7  -2.06983848971363     
      1     12      6      7  -5.42486250000000     
      4     12      6      7   2.19628271382282     
      2      7      1      8  -3.34275000000000     
      5      7      1      8  5.904341622907675E-002
      1      8      1      8  -4.44785000000000     
      4      8      1      8 -5.904341622907675E-002
      6      9      1      8   2.74538771940244     
      2     10      1      8 -5.904341622907675E-002
      5     10      1      8  -1.85862181793802     
      1     11      1      8  5.904341622907675E-002
      4     11      1      8  0.971855916473607     
      3     12      1      8 -8.509001500919022E-002
      6      7      2      8  0.102266196761198     
      2      8      2      8  -7.79060000000000     
      5      8      2      8 -5.904341622907675E-002
      6     10      2      8   1.53592359575599     
      2     11      2      8 -5.904341622907675E-002
      5     11      2      8  -1.77353180292883     
      1     12      2      8  0.102266196761198     
      4     12      2      8   1.53592359575599     
      1      7      3      8 -0.102266196761198     
      4      7      3      8 -0.224711941646966     
      3      8      3      8  -5.62043750000000     
      2      9      3      8  -5.42486250000000     
      5      9      3      8  -2.19628271382282     
      1     10      3      8   1.54366863161067     
      4     10      3      8   2.06983848971363     
      3     11      3      8  -1.38878271382282     
      2      7      4      8 -5.904341622907675E-002
      5      7      4      8 -0.259474999999998     
      1      8      4      8 -5.904341622907675E-002
      4      8      4      8  -5.75017500000000     
      6      9      4      8  -2.19628271382282     
      2     10      4      8  -4.53362500000000     
      5     10      4      8  0.193760904607607     
      1     11      4      8   1.78247500000000     
      4     11      4      8   1.00126090460761     
      3     12      4      8  -1.38878271382282     
      6      7      5      8 -0.224711941646966     
      2      8      5      8 -5.904341622907675E-002
      5      8      5      8  -5.87991250000000     
      6     10      5      8  -1.73423475841275     
      2     11      5      8  -3.64238750000000     
      5     11      5      8   1.19502180921521     
      1     12      5      8   1.54366863161067     
      4     12      5      8 -0.335603731300881     
      6      8      6      8  -6.00965000000000     
      6     11      6      8 -0.807500000000000     
      2     12      6      8  -2.75115000000000     
      5     12      6      8  0.807500000000000     
      7      8      7      8  -1.10510000000000     
      8     10      7      8  0.000000000000000E+000
      7     11      7      8  0.000000000000000E+000
     10     11      7      8   2.83047773441163     
      9     12      7      8  -2.83047773441163     
      3      7      1      9  -2.75115000000000     
      1      9      1      9  -6.00965000000000     
      4      9      1      9  0.807500000000000     
      3     10      1      9 -0.807500000000000     
      1      7      2      9 -0.102266196761198     
      4      7      2      9   1.54366863161067     
      3      8      2      9  -5.42486250000000     
      2      9      2      9  -5.62043750000000     
      5      9      2      9  -1.38878271382282     
      1     10      2      9 -0.224711941646966     
      4     10      2      9   2.06983848971363     
      3     11      2      9  -2.19628271382282     
      3      9      3      9  -8.76080000000000     
      3      7      4      9 -0.807500000000000     
      1      9      4      9  0.807500000000000     
      4      9      4      9  -5.43865000000000     
      3     10      4      9  -3.32215000000000     
      1      7      5      9   1.53592359575599     
      4      7      5      9  0.335603731300881     
      3      8      5      9  -2.19628271382282     
      2      9      5      9  -1.38878271382282     
      5      9      5      9  -5.31337000000000     
      1     10      5      9   1.73423475841275     
      4     10      5      9 -0.144660883448149     
      3     11      5      9  -3.19687000000000     
      2      7      6      9 -8.509001500919022E-002
      5      7      6      9   1.38878271382282     
      1      8      6      9   2.74538771940244     
      4      8      6      9  -2.19628271382282     
      6      9      6      9  -5.70548000000000     
      2     10      6      9  -1.38878271382282     
      5     10      6      9  0.392110000000002     
      1     11      6      9   2.19628271382282     
      4     11      6      9 -0.517389999999998     
      3     12      6      9  -2.67948000000000     
      7      9      7      9  -3.25850000000000     
      9     10      7      9  -1.61500000000000     
      8      9      8      9 -0.195575000000000     
      7     10      8      9  -1.76838057325764     
      9     11      8      9 -0.807500000000000     
      1      7      1     10  5.904341622907675E-002
      4      7      1     10  -3.64238750000000     
      3      8      1     10   1.54366863161067     
      2      9      1     10 -0.224711941646966     
      5      9      1     10   1.73423475841275     
      1     10      1     10  -5.87991250000000     
      4     10      1     10  -1.19502180921521     
      3     11      1     10  0.335603731300881     
      2      7      2     10 -5.904341622907675E-002
      5      7      2     10   1.78247500000000     
      1      8      2     10 -5.904341622907675E-002
      4      8      2     10  -4.53362500000000     
      6      9      2     10  -1.38878271382282     
      2     10      2     10  -5.75017500000000     
      5     10      2     10   1.00126090460761     
      1     11      2     10 -0.259474999999998     
      4     11      2     10  0.193760904607607     
      3     12      2     10  -2.19628271382282     
      3      7      3     10  0.807500000000000     
      1      9      3     10 -0.807500000000000     
      4      9      3     10  -3.32215000000000     
      3     10      3     10  -5.43865000000000     
      1      7      4     10  -1.77353180292883     
      4      7      4     10  -1.19502180921521     
      3      8      4     10   2.06983848971363     
      2      9      4     10   2.06983848971363     
      5      9      4     10 -0.144660883448149     
      1     10      4     10  -1.19502180921521     
      4     10      4     10  -8.59376000000000     
      3     11      4     10 -0.144660883448149     
      2      7      5     10  0.971855916473607     
      5      7      5     10  -1.00126090460761     
      1      8      5     10  -1.85862181793802     
      4      8      5     10  0.193760904607607     
      6      9      5     10  0.392110000000002     
      2     10      5     10   1.00126090460761     
      5     10      5     10  -5.87252000000000     
      1     11      5     10 -0.193760904607607     
      4     11      5     10  -2.84652000000000     
      3     12      5     10 -0.517389999999998     
      6      7      6     10   1.38878271382282     
      2      8      6     10   1.53592359575599     
      5      8      6     10  -1.73423475841275     
      6     10      6     10  -5.31337000000000     
      2     11      6     10 -0.335603731300881     
      5     11      6     10 -0.144660883448149     
      1     12      6     10   2.19628271382282     
      4     12      6     10  -3.19687000000000     
      8      9      7     10  -1.76838057325764     
      7     10      7     10  -2.23752500000000     
      9     11      7     10  -1.39863102711187     
      7      8      8     10  0.000000000000000E+000
      8     10      8     10  -1.21655000000000     
      7     11      8     10  -2.04195000000000     
     10     11      8     10 -0.807500000000000     
      9     12      8     10 -0.807500000000000     
      7      9      9     10  -1.61500000000000     
      9     10      9     10  -2.11650000000000     
      2      7      1     11  5.904341622907675E-002
      5      7      1     11  -4.53362500000000     
      1      8      1     11  5.904341622907675E-002
      4      8      1     11   1.78247500000000     
      6      9      1     11   2.19628271382282     
      2     10      1     11 -0.259474999999998     
      5     10      1     11 -0.193760904607607     
      1     11      1     11  -5.75017500000000     
      4     11      1     11  -1.00126090460761     
      3     12      1     11   1.38878271382282     
      6      7      2     11   1.54366863161067     
      2      8      2     11 -5.904341622907675E-002
      5      8      2     11  -3.64238750000000     
      6     10      2     11 -0.335603731300881     
      2     11      2     11  -5.87991250000000     
      5     11      2     11   1.19502180921521     
      1     12      2     11 -0.224711941646966     
      4     12      2     11  -1.73423475841275     
      1      7      3     11   1.53592359575599     
      4      7      3     11   1.73423475841275     
      3      8      3     11  -1.38878271382282     
      2      9      3     11  -2.19628271382282     
      5      9      3     11  -3.19687000000000     
      1     10      3     11  0.335603731300881     
      4     10      3     11 -0.144660883448149     
      3     11      3     11  -5.31337000000000     
      2      7      4     11  -1.85862181793802     
      5      7      4     11 -0.193760904607607     
      1      8      4     11  0.971855916473607     
      4      8      4     11   1.00126090460761     
      6      9      4     11 -0.517389999999998     
      2     10      4     11  0.193760904607607     
      5     10      4     11  -2.84652000000000     
      1     11      4     11  -1.00126090460761     
      4     11      4     11  -5.87252000000000     
      3     12      4     11  0.392110000000002     
      6      7      5     11  -2.06983848971363     
      2      8      5     11  -1.77353180292883     
      5      8      5     11   1.19502180921521     
      6     10      5     11 -0.144660883448149     
      2     11      5     11   1.19502180921521     
      5     11      5     11  -8.59376000000000     
      1     12      5     11  -2.06983848971363     
      4     12      5     11 -0.144660883448149     
      6      8      6     11 -0.807500000000000     
      6     11      6     11  -5.43865000000000     
      2     12      6     11  0.807500000000000     
      5     12      6     11  -3.32215000000000     
      7      8      7     11  0.000000000000000E+000
      8     10      7     11  -2.04195000000000     
      7     11      7     11  -1.21655000000000     
     10     11      7     11 -0.807500000000000     
      9     12      7     11 -0.807500000000000     
      8     11      8     11  -2.23752500000000     
      7     12      8     11  -1.76838057325764     
     10     12      8     11  -1.39863102711187     
      8      9      9     11 -0.807500000000000     
      7     10      9     11  -1.39863102711187     
      9     11      9     11  -2.11650000000000     
      7      8     10     11   2.83047773441163     
      8     10     10     11 -0.807500000000000     
      7     11     10     11 -0.807500000000000     
     10     11     10     11  -3.02600000000000     
      9     12     10     11  0.909500000000000     
      6      7      1     12  -5.42486250000000     
      2      8      1     12  0.102266196761198     
      5      8      1     12   1.54366863161067     
      6     10      1     12   2.19628271382282     
      2     11      1     12 -0.224711941646966     
      5     11      1     12  -2.06983848971363     
      1     12      1     12  -5.62043750000000     
      4     12      1     12   1.38878271382282     
      6      8      2     12  -2.75115000000000     
      6     11      2     12  0.807500000000000     
      2     12      2     12  -6.00965000000000     
      5     12      2     12 -0.807500000000000     
      2      7      3     12   2.74538771940244     
      5      7      3     12   2.19628271382282     
      1      8      3     12 -8.509001500919022E-002
      4      8      3     12  -1.38878271382282     
      6      9      3     12  -2.67948000000000     
      2     10      3     12  -2.19628271382282     
      5     10      3     12 -0.517389999999998     
      1     11      3     12   1.38878271382282     
      4     11      3     12  0.392110000000002     
      3     12      3     12  -5.70548000000000     
      6      7      4     12   2.19628271382282     
      2      8      4     12   1.53592359575599     
      5      8      4     12 -0.335603731300881     
      6     10      4     12  -3.19687000000000     
      2     11      4     12  -1.73423475841275     
      5     11      4     12 -0.144660883448149     
      1     12      4     12   1.38878271382282     
      4     12      4     12  -5.31337000000000     
      6      8      5     12  0.807500000000000     
      6     11      5     12  -3.32215000000000     
      2     12      5     12 -0.807500000000000     
      5     12      5     12  -5.43865000000000     
      6     12      6     12  -8.76080000000000     
      8     11      7     12  -1.76838057325764     
      7     12      7     12 -0.195575000000000     
     10     12      7     12 -0.807500000000000     
      8     12      8     12  -3.25850000000000     
     11     12      8     12  -1.61500000000000     
      7      8      9     12  -2.83047773441163     
      8     10      9     12 -0.807500000000000     
      7     11      9     12 -0.807500000000000     
     10     11      9     12  0.909500000000000     
      9     12      9     12  -3.02600000000000     
      8     11     10     12  -1.39863102711187     
      7     12     10     12 -0.807500000000000     
     10     12     10     12  -2.11650000000000     
      8     12     11     12  -1.61500000000000     
     11     12     11     12  -2.11650000000000     
