      1      1      1      1           2           0   5.78981283700086     
      1      1      1      1           0           0  -12.2384500000000     
      1      1      1      2           2           0 -0.204532393522395     
      1      1      2      1           2           0 -0.204532393522395     
      1      1      2      2           4           0  -6.13887356517698     
      1      1      2      2           2           0   1.38854336654327     
      1      2      1      1           2           0  0.204532393522395     
      1      2      1      2           2           0  0.710601553043266     
      1      2      1      2           0           0  -16.4474274740858     
      1      2      2      1           4           0   12.1303613185895     
      1      2      2      1           2           0  -3.22146294763245     
      1      2      2      2           4           0   6.94525576133588     
      1      2      2      2           2           0   1.06127218216193     
      2      1      1      1           2           0  0.204532393522395     
      2      1      1      2           4           0   12.1303613185895     
      2      1      1      2           2           0  -3.22146294763245     
      2      1      2      1           2           0  0.710601553043266     
      2      1      2      1           0           0  -16.4474274740858     
      2      1      2      2           4           0   6.94525576133588     
      2      1      2      2           2           0   1.06127218216193     
      2      2      1      1           4           0  -6.13887356517698     
      2      2      1      1           2           0   1.38854336654327     
      2      2      1      2           4           0  -6.94525576133588     
      2      2      1      2           2           0  -1.06127218216193     
      2      2      2      1           4           0  -6.94525576133588     
      2      2      2      1           2           0  -1.06127218216193     
      2      2      2      2           6           0   7.08923772297135     
      2      2      2      2           4           0  -8.30533784610837     
      2      2      2      2           2           0   5.36429991510542     
      2      2      2      2           0           0  -25.2183000000000     
      1      1      1      1           2           0   5.78981283700086     
      1      1      1      1           0           0  -12.2384500000000     
      1      1      1      2           2           0 -0.204532393522395     
      1      1      2      1           2           0 -0.204532393522395     
      1      1      2      2           4           0  -6.13887356517698     
      1      1      2      2           2           0   1.38854336654327     
      1      2      1      1           2           0  0.204532393522395     
      1      2      1      2           2           0  0.710601553043266     
      1      2      1      2           0           0  -16.4474274740858     
      1      2      2      1           4           0   12.1303613185895     
      1      2      2      1           2           0  -3.22146294763245     
      1      2      2      2           4           0   6.94525576133588     
      1      2      2      2           2           0   1.06127218216193     
      2      1      1      1           2           0  0.204532393522395     
      2      1      1      2           4           0   12.1303613185895     
      2      1      1      2           2           0  -3.22146294763245     
      2      1      2      1           2           0  0.710601553043266     
      2      1      2      1           0           0  -16.4474274740858     
      2      1      2      2           4           0   6.94525576133588     
      2      1      2      2           2           0   1.06127218216193     
      2      2      1      1           4           0  -6.13887356517698     
      2      2      1      1           2           0   1.38854336654327     
      2      2      1      2           4           0  -6.94525576133588     
      2      2      1      2           2           0  -1.06127218216193     
      2      2      2      1           4           0  -6.94525576133588     
      2      2      2      1           2           0  -1.06127218216193     
      2      2      2      2           6           0   7.08923772297135     
      2      2      2      2           4           0  -8.30533784610837     
      2      2      2      2           2           0   5.36429991510542     
      2      2      2      2           0           0  -25.2183000000000     
          60           6
   1   1   3   3   0   0   0   0-12.2385   1   1
   1   1   3   3   2   0   0   0  5.7898   1   1
   1   1   3   4   2   0   0   0 -0.2045   1   1
   1   1   4   3   2   0   0   0  0.2045   1   1
   1   1   4   4   0   0   0   0-16.4474   1   1
   1   1   4   4   2   0   0   0  0.7106   1   1
   1   2   3   3   2   0   0   0 -0.2045   1   1
   1   2   3   4   2   0   0   0  1.3885   1   1
   1   2   3   4   4   0   0   0 -6.1389   1   1
   1   2   4   3   2   0   0   0 -3.2215   1   1
   1   2   4   3   4   0   0   0 12.1304   1   1
   1   2   4   4   2   0   0   0  1.0613   1   1
   1   2   4   4   4   0   0   0  6.9453   1   1
   2   1   3   3   2   0   0   0  0.2045   1   1
   2   1   3   4   2   0   0   0 -3.2215   1   1
   2   1   3   4   4   0   0   0 12.1304   1   1
   2   1   4   3   2   0   0   0  1.3885   1   1
   2   1   4   3   4   0   0   0 -6.1389   1   1
   2   1   4   4   2   0   0   0 -1.0613   1   1
   2   1   4   4   4   0   0   0 -6.9453   1   1
   2   2   3   3   0   0   0   0-16.4474   1   1
   2   2   3   3   2   0   0   0  0.7106   1   1
   2   2   3   4   2   0   0   0  1.0613   1   1
   2   2   3   4   4   0   0   0  6.9453   1   1
   2   2   4   3   2   0   0   0 -1.0613   1   1
   2   2   4   3   4   0   0   0 -6.9453   1   1
   2   2   4   4   0   0   0   0-25.2183   1   1
   2   2   4   4   2   0   0   0  5.3643   1   1
   2   2   4   4   4   0   0   0 -8.3053   1   1
   2   2   4   4   6   0   0   0  7.0892   1   1
   3   3   1   1   0   0   0   0-12.2385   1   1
   3   3   1   1   2   0   0   0  5.7898   1   1
   3   3   1   2   2   0   0   0 -0.2045   1   1
   3   3   2   1   2   0   0   0  0.2045   1   1
   3   3   2   2   0   0   0   0-16.4474   1   1
   3   3   2   2   2   0   0   0  0.7106   1   1
   3   4   1   1   2   0   0   0 -0.2045   1   1
   3   4   1   2   2   0   0   0  1.3885   1   1
   3   4   1   2   4   0   0   0 -6.1389   1   1
   3   4   2   1   2   0   0   0 -3.2215   1   1
   3   4   2   1   4   0   0   0 12.1304   1   1
   3   4   2   2   2   0   0   0  1.0613   1   1
   3   4   2   2   4   0   0   0  6.9453   1   1
   4   3   1   1   2   0   0   0  0.2045   1   1
   4   3   1   2   2   0   0   0 -3.2215   1   1
   4   3   1   2   4   0   0   0 12.1304   1   1
   4   3   2   1   2   0   0   0  1.3885   1   1
   4   3   2   1   4   0   0   0 -6.1389   1   1
   4   3   2   2   2   0   0   0 -1.0613   1   1
   4   3   2   2   4   0   0   0 -6.9453   1   1
   4   4   1   1   0   0   0   0-16.4474   1   1
   4   4   1   1   2   0   0   0  0.7106   1   1
   4   4   1   2   2   0   0   0  1.0613   1   1
   4   4   1   2   4   0   0   0  6.9453   1   1
   4   4   2   1   2   0   0   0 -1.0613   1   1
   4   4   2   1   4   0   0   0 -6.9453   1   1
   4   4   2   2   0   0   0   0-25.2183   1   1
   4   4   2   2   2   0   0   0  5.3643   1   1
   4   4   2   2   4   0   0   0 -8.3053   1   1
   4   4   2   2   6   0   0   0  7.0892   1   1
