      1      2      1      2  -1.29050000000000     
      2      4      1      2  0.000000000000000E+000
      1      5      1      2  0.000000000000000E+000
      4      5      1      2   2.39546564262567     
      3      6      1      2  -2.39546564262567     
      1      3      1      3  -2.73680000000000     
      3      4      1      3  -1.39520000000000     
      2      3      2      3 -0.322625000000000     
      1      4      2      3  -1.39382458612087     
      3      5      2      3 -0.697600000000000     
      2      3      1      4  -1.39382458612087     
      1      4      1      4  -1.93207500000000     
      3      5      1      4  -1.20827864336005     
      1      2      2      4  0.000000000000000E+000
      2      4      2      4  -1.12735000000000     
      1      5      2      4  -1.60945000000000     
      4      5      2      4 -0.697600000000000     
      3      6      2      4 -0.697600000000000     
      1      3      3      4  -1.39520000000000     
      3      4      3      4  -1.75030000000000     
      1      2      1      5  0.000000000000000E+000
      2      4      1      5  -1.60945000000000     
      1      5      1      5  -1.12735000000000     
      4      5      1      5 -0.697600000000000     
      3      6      1      5 -0.697600000000000     
      2      5      2      5  -1.93207500000000     
      1      6      2      5  -1.39382458612087     
      4      6      2      5  -1.20827864336005     
      2      3      3      5 -0.697600000000000     
      1      4      3      5  -1.20827864336005     
      3      5      3      5  -1.75030000000000     
      1      2      4      5   2.39546564262567     
      2      4      4      5 -0.697600000000000     
      1      5      4      5 -0.697600000000000     
      4      5      4      5  -2.71810000000000     
      3      6      4      5  0.967800000000000     
      2      5      1      6  -1.39382458612087     
      1      6      1      6 -0.322625000000000     
      4      6      1      6 -0.697600000000000     
      2      6      2      6  -2.73680000000000     
      5      6      2      6  -1.39520000000000     
      1      2      3      6  -2.39546564262567     
      2      4      3      6 -0.697600000000000     
      1      5      3      6 -0.697600000000000     
      4      5      3      6  0.967800000000000     
      3      6      3      6  -2.71810000000000     
      2      5      4      6  -1.20827864336005     
      1      6      4      6 -0.697600000000000     
      4      6      4      6  -1.75030000000000     
      2      6      5      6  -1.39520000000000     
      5      6      5      6  -1.75030000000000     
      1      7      1      7  -7.49260000000000     
      4      7      1      7  0.122647671196807     
      3      8      1      7 -0.212431997942871     
      2      9      1      7 -0.212431997942871     
      5      9      1      7   2.05631479764165     
      1     10      1      7  0.122647671196807     
      4     10      1      7  -2.37442780391403     
      3     11      1      7   2.05631479764165     
      2      7      2      7  -4.39155000000000     
      5      7      2      7  0.122647671196807     
      1      8      2      7  -3.10105000000000     
      4      8      2      7 -0.122647671196807     
      6      9      2      7  0.583088031622689     
      2     10      2      7 -0.122647671196807     
      5     10      2      7  0.604125870334326     
      1     11      2      7  0.122647671196807     
      4     11      2      7  -1.79133977229134     
      3     12      2      7   2.97855367424836     
      3      7      3      7  -5.79505000000000     
      1      9      3      7  -3.05825000000000     
      4      9      3      7 -0.697600000000000     
      3     10      3      7  0.697600000000000     
      1      7      4      7  0.122647671196807     
      4      7      4      7  -5.85620000000000     
      3      8      4      7  0.105914906882838     
      2      9      4      7   1.49973949300370     
      5      9      4      7  0.743678247716888     
      1     10      4      7  -3.92412500000000     
      4     10      4      7  -1.55632567301963     
      3     11      4      7   1.95195689107694     
      2      7      5      7  0.122647671196807     
      5      7      5      7  -5.91735000000000     
      1      8      5      7  0.122647671196807     
      4      8      5      7  0.122300000000002     
      6      9      5      7   1.98568850952944     
      2     10      5      7   1.73175000000000     
      5     10      5      7  -1.12696283650981     
      1     11      5      7  -4.79000000000000     
      4     11      5      7 -0.429362836509815     
      3     12      5      7   2.68328850952944     
      6      7      6      7  -5.97850000000000     
      2      8      6      7  0.212431997942871     
      5      8      6      7  0.105914906882838     
      6     10      6      7   1.98568850952944     
      2     11      6      7   1.49973949300370     
      5     11      6      7  -2.69563513879383     
      1     12      6      7  -5.65587500000000     
      4     12      6      7   2.68328850952944     
      2      7      1      8  -3.10105000000000     
      5      7      1      8  0.122647671196807     
      1      8      1      8  -4.39155000000000     
      4      8      1      8 -0.122647671196807     
      6      9      1      8   2.97855367424836     
      2     10      1      8 -0.122647671196807     
      5     10      1      8  -1.79133977229134     
      1     11      1      8  0.122647671196807     
      4     11      1      8  0.604125870334326     
      3     12      1      8  0.583088031622689     
      6      7      2      8  0.212431997942871     
      2      8      2      8  -7.49260000000000     
      5      8      2      8 -0.122647671196807     
      6     10      2      8   2.05631479764165     
      2     11      2      8 -0.122647671196807     
      5     11      2      8  -2.37442780391403     
      1     12      2      8  0.212431997942871     
      4     12      2      8   2.05631479764165     
      1      7      3      8 -0.212431997942871     
      4      7      3      8  0.105914906882838     
      3      8      3      8  -5.97850000000000     
      2      9      3      8  -5.65587500000000     
      5      9      3      8  -2.68328850952944     
      1     10      3      8   1.49973949300370     
      4     10      3      8   2.69563513879383     
      3     11      3      8  -1.98568850952944     
      2      7      4      8 -0.122647671196807     
      5      7      4      8  0.122300000000002     
      1      8      4      8 -0.122647671196807     
      4      8      4      8  -5.91735000000000     
      6      9      4      8  -2.68328850952944     
      2     10      4      8  -4.79000000000000     
      5     10      4      8  0.429362836509815     
      1     11      4      8   1.73175000000000     
      4     11      4      8   1.12696283650981     
      3     12      4      8  -1.98568850952944     
      6      7      5      8  0.105914906882838     
      2      8      5      8 -0.122647671196807     
      5      8      5      8  -5.85620000000000     
      6     10      5      8  -1.95195689107694     
      2     11      5      8  -3.92412500000000     
      5     11      5      8   1.55632567301963     
      1     12      5      8   1.49973949300370     
      4     12      5      8 -0.743678247716888     
      6      8      6      8  -5.79505000000000     
      6     11      6      8 -0.697600000000000     
      2     12      6      8  -3.05825000000000     
      5     12      6      8  0.697600000000000     
      7      8      7      8  -1.29050000000000     
      8     10      7      8  0.000000000000000E+000
      7     11      7      8  0.000000000000000E+000
     10     11      7      8   2.39546564262567     
      9     12      7      8  -2.39546564262567     
      3      7      1      9  -3.05825000000000     
      1      9      1      9  -5.79505000000000     
      4      9      1      9  0.697600000000000     
      3     10      1      9 -0.697600000000000     
      1      7      2      9 -0.212431997942871     
      4      7      2      9   1.49973949300370     
      3      8      2      9  -5.65587500000000     
      2      9      2      9  -5.97850000000000     
      5      9      2      9  -1.98568850952944     
      1     10      2      9  0.105914906882838     
      4     10      2      9   2.69563513879383     
      3     11      2      9  -2.68328850952944     
      3      9      3      9  -8.85330000000000     
      3      7      4      9 -0.697600000000000     
      1      9      4      9  0.697600000000000     
      4      9      4      9  -5.30180000000000     
      3     10      4      9  -3.55150000000000     
      1      7      5      9   2.05631479764165     
      4      7      5      9  0.743678247716888     
      3      8      5      9  -2.68328850952944     
      2      9      5      9  -1.98568850952944     
      5      9      5      9  -5.04161000000000     
      1     10      5      9   1.95195689107694     
      4     10      5      9 -0.300441533080892     
      3     11      5      9  -3.29131000000000     
      2      7      6      9  0.583088031622689     
      5      7      6      9   1.98568850952944     
      1      8      6      9   2.97855367424836     
      4      8      6      9  -2.68328850952944     
      6      9      6      9  -5.39541500000000     
      2     10      6      9  -1.98568850952944     
      5     10      6      9  0.353805000000002     
      1     11      6      9   2.68328850952944     
      4     11      6      9 -0.613994999999998     
      3     12      6      9  -2.67731500000000     
      7      9      7      9  -2.73680000000000     
      9     10      7      9  -1.39520000000000     
      8      9      8      9 -0.322625000000000     
      7     10      8      9  -1.39382458612087     
      9     11      8      9 -0.697600000000000     
      1      7      1     10  0.122647671196807     
      4      7      1     10  -3.92412500000000     
      3      8      1     10   1.49973949300370     
      2      9      1     10  0.105914906882838     
      5      9      1     10   1.95195689107694     
      1     10      1     10  -5.85620000000000     
      4     10      1     10  -1.55632567301963     
      3     11      1     10  0.743678247716888     
      2      7      2     10 -0.122647671196807     
      5      7      2     10   1.73175000000000     
      1      8      2     10 -0.122647671196807     
      4      8      2     10  -4.79000000000000     
      6      9      2     10  -1.98568850952944     
      2     10      2     10  -5.91735000000000     
      5     10      2     10   1.12696283650981     
      1     11      2     10  0.122300000000002     
      4     11      2     10  0.429362836509815     
      3     12      2     10  -2.68328850952944     
      3      7      3     10  0.697600000000000     
      1      9      3     10 -0.697600000000000     
      4      9      3     10  -3.55150000000000     
      3     10      3     10  -5.30179999999999     
      1      7      4     10  -2.37442780391403     
      4      7      4     10  -1.55632567301963     
      3      8      4     10   2.69563513879383     
      2      9      4     10   2.69563513879383     
      5      9      4     10 -0.300441533080893     
      1     10      4     10  -1.55632567301963     
      4     10      4     10  -8.50638000000000     
      3     11      4     10 -0.300441533080893     
      2      7      5     10  0.604125870334326     
      5      7      5     10  -1.12696283650981     
      1      8      5     10  -1.79133977229134     
      4      8      5     10  0.429362836509815     
      6      9      5     10  0.353805000000002     
      2     10      5     10   1.12696283650981     
      5     10      5     10  -5.74233500000000     
      1     11      5     10 -0.429362836509815     
      4     11      5     10  -3.02423500000000     
      3     12      5     10 -0.613994999999998     
      6      7      6     10   1.98568850952944     
      2      8      6     10   2.05631479764165     
      5      8      6     10  -1.95195689107694     
      6     10      6     10  -5.04161000000000     
      2     11      6     10 -0.743678247716888     
      5     11      6     10 -0.300441533080892     
      1     12      6     10   2.68328850952944     
      4     12      6     10  -3.29131000000000     
      8      9      7     10  -1.39382458612087     
      7     10      7     10  -1.93207500000000     
      9     11      7     10  -1.20827864336005     
      7      8      8     10  0.000000000000000E+000
      8     10      8     10  -1.12735000000000     
      7     11      8     10  -1.60945000000000     
     10     11      8     10 -0.697600000000000     
      9     12      8     10 -0.697600000000000     
      7      9      9     10  -1.39520000000000     
      9     10      9     10  -1.75030000000000     
      2      7      1     11  0.122647671196807     
      5      7      1     11  -4.79000000000000     
      1      8      1     11  0.122647671196807     
      4      8      1     11   1.73175000000000     
      6      9      1     11   2.68328850952944     
      2     10      1     11  0.122300000000002     
      5     10      1     11 -0.429362836509815     
      1     11      1     11  -5.91735000000000     
      4     11      1     11  -1.12696283650981     
      3     12      1     11   1.98568850952944     
      6      7      2     11   1.49973949300370     
      2      8      2     11 -0.122647671196807     
      5      8      2     11  -3.92412500000000     
      6     10      2     11 -0.743678247716888     
      2     11      2     11  -5.85620000000000     
      5     11      2     11   1.55632567301963     
      1     12      2     11  0.105914906882838     
      4     12      2     11  -1.95195689107694     
      1      7      3     11   2.05631479764165     
      4      7      3     11   1.95195689107694     
      3      8      3     11  -1.98568850952944     
      2      9      3     11  -2.68328850952944     
      5      9      3     11  -3.29131000000000     
      1     10      3     11  0.743678247716888     
      4     10      3     11 -0.300441533080892     
      3     11      3     11  -5.04161000000000     
      2      7      4     11  -1.79133977229134     
      5      7      4     11 -0.429362836509815     
      1      8      4     11  0.604125870334326     
      4      8      4     11   1.12696283650981     
      6      9      4     11 -0.613994999999998     
      2     10      4     11  0.429362836509815     
      5     10      4     11  -3.02423500000000     
      1     11      4     11  -1.12696283650981     
      4     11      4     11  -5.74233500000000     
      3     12      4     11  0.353805000000002     
      6      7      5     11  -2.69563513879383     
      2      8      5     11  -2.37442780391403     
      5      8      5     11   1.55632567301963     
      6     10      5     11 -0.300441533080893     
      2     11      5     11   1.55632567301963     
      5     11      5     11  -8.50638000000000     
      1     12      5     11  -2.69563513879383     
      4     12      5     11 -0.300441533080893     
      6      8      6     11 -0.697600000000000     
      6     11      6     11  -5.30180000000000     
      2     12      6     11  0.697600000000000     
      5     12      6     11  -3.55150000000000     
      7      8      7     11  0.000000000000000E+000
      8     10      7     11  -1.60945000000000     
      7     11      7     11  -1.12735000000000     
     10     11      7     11 -0.697600000000000     
      9     12      7     11 -0.697600000000000     
      8     11      8     11  -1.93207500000000     
      7     12      8     11  -1.39382458612087     
     10     12      8     11  -1.20827864336005     
      8      9      9     11 -0.697600000000000     
      7     10      9     11  -1.20827864336005     
      9     11      9     11  -1.75030000000000     
      7      8     10     11   2.39546564262567     
      8     10     10     11 -0.697600000000000     
      7     11     10     11 -0.697600000000000     
     10     11     10     11  -2.71810000000000     
      9     12     10     11  0.967800000000000     
      6      7      1     12  -5.65587500000000     
      2      8      1     12  0.212431997942871     
      5      8      1     12   1.49973949300370     
      6     10      1     12   2.68328850952944     
      2     11      1     12  0.105914906882838     
      5     11      1     12  -2.69563513879383     
      1     12      1     12  -5.97850000000000     
      4     12      1     12   1.98568850952944     
      6      8      2     12  -3.05825000000000     
      6     11      2     12  0.697600000000000     
      2     12      2     12  -5.79505000000000     
      5     12      2     12 -0.697600000000000     
      2      7      3     12   2.97855367424836     
      5      7      3     12   2.68328850952944     
      1      8      3     12  0.583088031622689     
      4      8      3     12  -1.98568850952944     
      6      9      3     12  -2.67731500000000     
      2     10      3     12  -2.68328850952944     
      5     10      3     12 -0.613994999999998     
      1     11      3     12   1.98568850952944     
      4     11      3     12  0.353805000000002     
      3     12      3     12  -5.39541500000000     
      6      7      4     12   2.68328850952944     
      2      8      4     12   2.05631479764165     
      5      8      4     12 -0.743678247716888     
      6     10      4     12  -3.29131000000000     
      2     11      4     12  -1.95195689107694     
      5     11      4     12 -0.300441533080892     
      1     12      4     12   1.98568850952944     
      4     12      4     12  -5.04161000000000     
      6      8      5     12  0.697600000000000     
      6     11      5     12  -3.55150000000000     
      2     12      5     12 -0.697600000000000     
      5     12      5     12  -5.30179999999999     
      6     12      6     12  -8.85330000000000     
      8     11      7     12  -1.39382458612087     
      7     12      7     12 -0.322625000000000     
     10     12      7     12 -0.697600000000000     
      8     12      8     12  -2.73680000000000     
     11     12      8     12  -1.39520000000000     
      7      8      9     12  -2.39546564262567     
      8     10      9     12 -0.697600000000000     
      7     11      9     12 -0.697600000000000     
     10     11      9     12  0.967800000000000     
      9     12      9     12  -2.71810000000000     
      8     11     10     12  -1.20827864336005     
      7     12     10     12 -0.697600000000000     
     10     12     10     12  -1.75030000000000     
      8     12     11     12  -1.39520000000000     
     11     12     11     12  -1.75030000000000     
