      1      1      1      1           2           0   5.37117615681147     
      1      1      1      1           0           0  -11.8841500000000     
      1      1      1      2           2           0 -0.424863995885742     
      1      1      2      1           2           0 -0.424863995885742     
      1      1      2      2           4           0  -6.66024849025109     
      1      1      2      2           2           0   3.06625289369747     
      1      2      1      1           2           0  0.424863995885742     
      1      2      1      2           2           0 -0.334932343914408     
      1      2      1      2           0           0  -16.6503140872778     
      1      2      2      1           4           0   12.6469209722416     
      1      2      2      1           2           0  -3.79730488924381     
      1      2      2      2           4           0   8.48530330947147     
      1      2      2      2           2           0   2.35171710910828     
      2      1      1      1           2           0  0.424863995885742     
      2      1      1      2           4           0   12.6469209722416     
      2      1      1      2           2           0  -3.79730488924381     
      2      1      2      1           2           0 -0.334932343914408     
      2      1      2      1           0           0  -16.6503140872778     
      2      1      2      2           4           0   8.48530330947147     
      2      1      2      2           2           0   2.35171710910828     
      2      2      1      1           4           0  -6.66024849025109     
      2      2      1      1           2           0   3.06625289369747     
      2      2      1      2           4           0  -8.48530330947147     
      2      2      1      2           2           0  -2.35171710910828     
      2      2      2      1           4           0  -8.48530330947147     
      2      2      2      1           2           0  -2.35171710910828     
      2      2      2      2           6           0   7.08350967138290     
      2      2      2      2           4           0  -8.73252745286982     
      2      2      2      2           2           0   6.13945327327076     
      2      2      2      2           0           0  -24.5921250000000     
      1      1      1      1           2           0   5.37117615681147     
      1      1      1      1           0           0  -11.8841500000000     
      1      1      1      2           2           0 -0.424863995885742     
      1      1      2      1           2           0 -0.424863995885742     
      1      1      2      2           4           0  -6.66024849025109     
      1      1      2      2           2           0   3.06625289369747     
      1      2      1      1           2           0  0.424863995885742     
      1      2      1      2           2           0 -0.334932343914408     
      1      2      1      2           0           0  -16.6503140872778     
      1      2      2      1           4           0   12.6469209722416     
      1      2      2      1           2           0  -3.79730488924381     
      1      2      2      2           4           0   8.48530330947147     
      1      2      2      2           2           0   2.35171710910828     
      2      1      1      1           2           0  0.424863995885742     
      2      1      1      2           4           0   12.6469209722416     
      2      1      1      2           2           0  -3.79730488924381     
      2      1      2      1           2           0 -0.334932343914408     
      2      1      2      1           0           0  -16.6503140872778     
      2      1      2      2           4           0   8.48530330947147     
      2      1      2      2           2           0   2.35171710910828     
      2      2      1      1           4           0  -6.66024849025109     
      2      2      1      1           2           0   3.06625289369747     
      2      2      1      2           4           0  -8.48530330947147     
      2      2      1      2           2           0  -2.35171710910828     
      2      2      2      1           4           0  -8.48530330947147     
      2      2      2      1           2           0  -2.35171710910828     
      2      2      2      2           6           0   7.08350967138290     
      2      2      2      2           4           0  -8.73252745286982     
      2      2      2      2           2           0   6.13945327327076     
      2      2      2      2           0           0  -24.5921250000000     
          60           6
   1   1   3   3   0   0   0   0-11.8842   1   1
   1   1   3   3   2   0   0   0  5.3712   1   1
   1   1   3   4   2   0   0   0 -0.4249   1   1
   1   1   4   3   2   0   0   0  0.4249   1   1
   1   1   4   4   0   0   0   0-16.6503   1   1
   1   1   4   4   2   0   0   0 -0.3349   1   1
   1   2   3   3   2   0   0   0 -0.4249   1   1
   1   2   3   4   2   0   0   0  3.0663   1   1
   1   2   3   4   4   0   0   0 -6.6602   1   1
   1   2   4   3   2   0   0   0 -3.7973   1   1
   1   2   4   3   4   0   0   0 12.6469   1   1
   1   2   4   4   2   0   0   0  2.3517   1   1
   1   2   4   4   4   0   0   0  8.4853   1   1
   2   1   3   3   2   0   0   0  0.4249   1   1
   2   1   3   4   2   0   0   0 -3.7973   1   1
   2   1   3   4   4   0   0   0 12.6469   1   1
   2   1   4   3   2   0   0   0  3.0663   1   1
   2   1   4   3   4   0   0   0 -6.6602   1   1
   2   1   4   4   2   0   0   0 -2.3517   1   1
   2   1   4   4   4   0   0   0 -8.4853   1   1
   2   2   3   3   0   0   0   0-16.6503   1   1
   2   2   3   3   2   0   0   0 -0.3349   1   1
   2   2   3   4   2   0   0   0  2.3517   1   1
   2   2   3   4   4   0   0   0  8.4853   1   1
   2   2   4   3   2   0   0   0 -2.3517   1   1
   2   2   4   3   4   0   0   0 -8.4853   1   1
   2   2   4   4   0   0   0   0-24.5921   1   1
   2   2   4   4   2   0   0   0  6.1395   1   1
   2   2   4   4   4   0   0   0 -8.7325   1   1
   2   2   4   4   6   0   0   0  7.0835   1   1
   3   3   1   1   0   0   0   0-11.8842   1   1
   3   3   1   1   2   0   0   0  5.3712   1   1
   3   3   1   2   2   0   0   0 -0.4249   1   1
   3   3   2   1   2   0   0   0  0.4249   1   1
   3   3   2   2   0   0   0   0-16.6503   1   1
   3   3   2   2   2   0   0   0 -0.3349   1   1
   3   4   1   1   2   0   0   0 -0.4249   1   1
   3   4   1   2   2   0   0   0  3.0663   1   1
   3   4   1   2   4   0   0   0 -6.6602   1   1
   3   4   2   1   2   0   0   0 -3.7973   1   1
   3   4   2   1   4   0   0   0 12.6469   1   1
   3   4   2   2   2   0   0   0  2.3517   1   1
   3   4   2   2   4   0   0   0  8.4853   1   1
   4   3   1   1   2   0   0   0  0.4249   1   1
   4   3   1   2   2   0   0   0 -3.7973   1   1
   4   3   1   2   4   0   0   0 12.6469   1   1
   4   3   2   1   2   0   0   0  3.0663   1   1
   4   3   2   1   4   0   0   0 -6.6602   1   1
   4   3   2   2   2   0   0   0 -2.3517   1   1
   4   3   2   2   4   0   0   0 -8.4853   1   1
   4   4   1   1   0   0   0   0-16.6503   1   1
   4   4   1   1   2   0   0   0 -0.3349   1   1
   4   4   1   2   2   0   0   0  2.3517   1   1
   4   4   1   2   4   0   0   0  8.4853   1   1
   4   4   2   1   2   0   0   0 -2.3517   1   1
   4   4   2   1   4   0   0   0 -8.4853   1   1
   4   4   2   2   0   0   0   0-24.5921   1   1
   4   4   2   2   2   0   0   0  6.1395   1   1
   4   4   2   2   4   0   0   0 -8.7325   1   1
   4   4   2   2   6   0   0   0  7.0835   1   1
