 ! Total Interaction
  20
   1   1   1   1     1     0  -7.4926
   1   2   1   1     1     0  -0.3469
   2   2   1   1     1     0   3.7543
   1   1   1   2     1     0  -0.3469
   1   2   1   2     1     0 -12.5614
   2   2   1   2     1     0  -6.9601
   1   1   2   2     1     0   3.7543
   1   2   2   2     1     0  -6.9601
   2   2   2   2     1     0  -7.9860
   1   2   1   2     2     0  -8.8533
   2   2   2   2     3     0  -8.8533
   1   1   1   1     0     1  -1.2905
   2   2   1   1     0     1  -3.3877
   1   1   2   2     0     1  -3.3877
   2   2   2   2     0     1  -3.6859
   1   2   1   2     1     1   0.4821
   1   2   1   2     2     1  -2.7368
   2   2   1   2     2     1   1.3952
   1   2   2   2     2     1   1.3952
   2   2   2   2     2     1  -1.7503
