      1      2      1      2 -0.953300000000000     
      2      4      1      2  0.000000000000000E+000
      1      5      1      2  0.000000000000000E+000
      4      5      1      2   3.06092383440033     
      3      6      1      2  -3.06092383440033     
      1      3      1      3  -3.52120000000000     
      3      4      1      3  -1.72320000000000     
      2      3      2      3 -9.752499999999964E-002
      1      4      2      3  -1.97665968286779     
      3      5      2      3 -0.861600000000000     
      2      3      1      4  -1.97665968286779     
      1      4      1      4  -2.37997500000000     
      3      5      1      4  -1.49233497580135     
      1      2      2      4  0.000000000000000E+000
      2      4      2      4  -1.23875000000000     
      1      5      2      4  -2.28245000000000     
      4      5      2      4 -0.861600000000000     
      3      6      2      4 -0.861600000000000     
      1      3      3      4  -1.72320000000000     
      3      4      3      4  -2.30270000000000     
      1      2      1      5  0.000000000000000E+000
      2      4      1      5  -2.28245000000000     
      1      5      1      5  -1.23875000000000     
      4      5      1      5 -0.861600000000000     
      3      6      1      5 -0.861600000000000     
      2      5      2      5  -2.37997500000000     
      1      6      2      5  -1.97665968286779     
      4      6      2      5  -1.49233497580135     
      2      3      3      5 -0.861600000000000     
      1      4      3      5  -1.49233497580135     
      3      5      3      5  -2.30270000000000     
      1      2      4      5   3.06092383440033     
      2      4      4      5 -0.861600000000000     
      1      5      4      5 -0.861600000000000     
      4      5      4      5  -3.15845000000000     
      3      6      4      5  0.855750000000000     
      2      5      1      6  -1.97665968286779     
      1      6      1      6 -9.752499999999964E-002
      4      6      1      6 -0.861600000000000     
      2      6      2      6  -3.52120000000000     
      5      6      2      6  -1.72320000000000     
      1      2      3      6  -3.06092383440033     
      2      4      3      6 -0.861600000000000     
      1      5      3      6 -0.861600000000000     
      4      5      3      6  0.855750000000000     
      3      6      3      6  -3.15845000000000     
      2      5      4      6  -1.49233497580135     
      1      6      4      6 -0.861600000000000     
      4      6      4      6  -2.30270000000000     
      2      6      5      6  -1.72320000000000     
      5      6      5      6  -2.30270000000000     
      1      7      1      7  -9.30070000000000     
      4      7      1      7  7.672108575874044E-003
      3      8      1      7 -1.328848185459875E-002
      2      9      1      7 -1.328848185459875E-002
      5      9      1      7   1.64804240327729     
      1     10      1      7  7.672108575874044E-003
      4     10      1      7  -1.90299545033613     
      3     11      1      7   1.64804240327729     
      2      7      2      7  -5.12700000000000     
      5      7      2      7  7.672108575874044E-003
      1      8      2      7  -4.17370000000000     
      4      8      2      7 -7.672108575874044E-003
      6      9      2      7 -0.103215329448068     
      2     10      2      7 -7.672108575874044E-003
      5     10      2      7   1.05471305461613     
      1     11      2      7  7.672108575874044E-003
      4     11      2      7  -2.00621077978420     
      3     12      2      7   2.95770850495226     
      3      7      3      7  -6.89215000000000     
      1      9      3      7  -3.37095000000000     
      4      9      3      7 -0.861600000000000     
      3     10      3      7  0.861600000000000     
      1      7      4      7  7.672108575874044E-003
      4      7      4      7  -6.78913750000000     
      3      8      4      7 -0.178422883814688     
      2      9      4      7   1.79823679905311     
      5      9      4      7  0.412532304700932     
      1     10      4      7  -4.40916250000000     
      4     10      4      7  -1.33795127433700     
      3     11      4      7   1.90486728050228     
      2      7      5      7  7.672108575874044E-003
      5      7      5      7  -6.68612500000000     
      1      8      5      7  7.672108575874044E-003
      4      8      5      7 -0.206024999999998     
      6      9      5      7   1.57612691150550     
      2     10      5      7   2.07642500000000     
      5     10      5      7  -1.09977563716850     
      1     11      5      7  -5.44737500000000     
      4     11      5      7 -0.238175637168500     
      3     12      5      7   2.43772691150550     
      6      7      6      7  -6.58311250000000     
      2      8      6      7  1.328848185459875E-002
      5      8      6      7 -0.178422883814688     
      6     10      6      7   1.57612691150550     
      2     11      6      7   1.79823679905311     
      5     11      6      7  -2.31739958520321     
      1     12      6      7  -6.48558750000000     
      4     12      6      7   2.43772691150550     
      2      7      1      8  -4.17370000000000     
      5      7      1      8  7.672108575874044E-003
      1      8      1      8  -5.12700000000000     
      4      8      1      8 -7.672108575874044E-003
      6      9      1      8   2.95770850495226     
      2     10      1      8 -7.672108575874044E-003
      5     10      1      8  -2.00621077978420     
      1     11      1      8  7.672108575874044E-003
      4     11      1      8   1.05471305461613     
      3     12      1      8 -0.103215329448068     
      6      7      2      8  1.328848185459875E-002
      2      8      2      8  -9.30070000000000     
      5      8      2      8 -7.672108575874044E-003
      6     10      2      8   1.64804240327729     
      2     11      2      8 -7.672108575874044E-003
      5     11      2      8  -1.90299545033613     
      1     12      2      8  1.328848185459875E-002
      4     12      2      8   1.64804240327729     
      1      7      3      8 -1.328848185459875E-002
      4      7      3      8 -0.178422883814688     
      3      8      3      8  -6.58311250000000     
      2      9      3      8  -6.48558750000000     
      5      9      3      8  -2.43772691150550     
      1     10      3      8   1.79823679905311     
      4     10      3      8   2.31739958520321     
      3     11      3      8  -1.57612691150550     
      2      7      4      8 -7.672108575874044E-003
      5      7      4      8 -0.206024999999998     
      1      8      4      8 -7.672108575874044E-003
      4      8      4      8  -6.68612500000000     
      6      9      4      8  -2.43772691150550     
      2     10      4      8  -5.44737500000000     
      5     10      4      8  0.238175637168500     
      1     11      4      8   2.07642500000000     
      4     11      4      8   1.09977563716850     
      3     12      4      8  -1.57612691150550     
      6      7      5      8 -0.178422883814688     
      2      8      5      8 -7.672108575874044E-003
      5      8      5      8  -6.78913750000000     
      6     10      5      8  -1.90486728050228     
      2     11      5      8  -4.40916250000000     
      5     11      5      8   1.33795127433700     
      1     12      5      8   1.79823679905311     
      4     12      5      8 -0.412532304700932     
      6      8      6      8  -6.89215000000000     
      6     11      6      8 -0.861600000000000     
      2     12      6      8  -3.37095000000000     
      5     12      6      8  0.861600000000000     
      7      8      7      8 -0.953300000000000     
      8     10      7      8  0.000000000000000E+000
      7     11      7      8  0.000000000000000E+000
     10     11      7      8   3.06092383440033     
      9     12      7      8  -3.06092383440033     
      3      7      1      9  -3.37095000000000     
      1      9      1      9  -6.89215000000000     
      4      9      1      9  0.861600000000000     
      3     10      1      9 -0.861600000000000     
      1      7      2      9 -1.328848185459875E-002
      4      7      2      9   1.79823679905311     
      3      8      2      9  -6.48558750000000     
      2      9      2      9  -6.58311250000000     
      5      9      2      9  -1.57612691150550     
      1     10      2      9 -0.178422883814688     
      4     10      2      9   2.31739958520321     
      3     11      2      9  -2.43772691150550     
      3      9      3      9  -10.2631000000000     
      3      7      4      9 -0.861600000000000     
      1      9      4      9  0.861600000000000     
      4      9      4      9  -6.28290000000000     
      3     10      4      9  -3.98020000000000     
      1      7      5      9   1.64804240327729     
      4      7      5      9  0.412532304700932     
      3      8      5      9  -2.43772691150550     
      2      9      5      9  -1.57612691150550     
      5      9      5      9  -6.26661000000000     
      1     10      5      9   1.90486728050228     
      4     10      5      9 -1.881007177019267E-002
      3     11      5      9  -3.96391000000000     
      2      7      6      9 -0.103215329448068     
      5      7      6      9   1.57612691150550     
      1      8      6      9   2.95770850495226     
      4      8      6      9  -2.43772691150550     
      6      9      6      9  -6.68634000000000     
      2     10      6      9  -1.57612691150550     
      5     10      6      9  0.419730000000003     
      1     11      6      9   2.43772691150550     
      4     11      6      9 -0.436019999999998     
      3     12      6      9  -3.52789000000000     
      7      9      7      9  -3.52120000000000     
      9     10      7      9  -1.72320000000000     
      8      9      8      9 -9.752499999999964E-002
      7     10      8      9  -1.97665968286779     
      9     11      8      9 -0.861600000000000     
      1      7      1     10  7.672108575874044E-003
      4      7      1     10  -4.40916250000000     
      3      8      1     10   1.79823679905311     
      2      9      1     10 -0.178422883814688     
      5      9      1     10   1.90486728050228     
      1     10      1     10  -6.78913750000000     
      4     10      1     10  -1.33795127433700     
      3     11      1     10  0.412532304700932     
      2      7      2     10 -7.672108575874044E-003
      5      7      2     10   2.07642500000000     
      1      8      2     10 -7.672108575874044E-003
      4      8      2     10  -5.44737500000000     
      6      9      2     10  -1.57612691150550     
      2     10      2     10  -6.68612500000000     
      5     10      2     10   1.09977563716850     
      1     11      2     10 -0.206024999999998     
      4     11      2     10  0.238175637168500     
      3     12      2     10  -2.43772691150550     
      3      7      3     10  0.861600000000000     
      1      9      3     10 -0.861600000000000     
      4      9      3     10  -3.98020000000000     
      3     10      3     10  -6.28289999999999     
      1      7      4     10  -1.90299545033613     
      4      7      4     10  -1.33795127433700     
      3      8      4     10   2.31739958520321     
      2      9      4     10   2.31739958520321     
      5      9      4     10 -1.881007177019223E-002
      1     10      4     10  -1.33795127433700     
      4     10      4     10  -10.2413800000000     
      3     11      4     10 -1.881007177019223E-002
      2      7      5     10   1.05471305461613     
      5      7      5     10  -1.09977563716850     
      1      8      5     10  -2.00621077978420     
      4      8      5     10  0.238175637168500     
      6      9      5     10  0.419730000000003     
      2     10      5     10   1.09977563716850     
      5     10      5     10  -6.70806000000000     
      1     11      5     10 -0.238175637168500     
      4     11      5     10  -3.54961000000000     
      3     12      5     10 -0.436019999999998     
      6      7      6     10   1.57612691150550     
      2      8      6     10   1.64804240327729     
      5      8      6     10  -1.90486728050228     
      6     10      6     10  -6.26661000000000     
      2     11      6     10 -0.412532304700932     
      5     11      6     10 -1.881007177019267E-002
      1     12      6     10   2.43772691150550     
      4     12      6     10  -3.96391000000000     
      8      9      7     10  -1.97665968286779     
      7     10      7     10  -2.37997500000000     
      9     11      7     10  -1.49233497580135     
      7      8      8     10  0.000000000000000E+000
      8     10      8     10  -1.23875000000000     
      7     11      8     10  -2.28245000000000     
     10     11      8     10 -0.861600000000000     
      9     12      8     10 -0.861600000000000     
      7      9      9     10  -1.72320000000000     
      9     10      9     10  -2.30270000000000     
      2      7      1     11  7.672108575874044E-003
      5      7      1     11  -5.44737500000000     
      1      8      1     11  7.672108575874044E-003
      4      8      1     11   2.07642500000000     
      6      9      1     11   2.43772691150550     
      2     10      1     11 -0.206024999999998     
      5     10      1     11 -0.238175637168500     
      1     11      1     11  -6.68612500000000     
      4     11      1     11  -1.09977563716850     
      3     12      1     11   1.57612691150550     
      6      7      2     11   1.79823679905311     
      2      8      2     11 -7.672108575874044E-003
      5      8      2     11  -4.40916250000000     
      6     10      2     11 -0.412532304700932     
      2     11      2     11  -6.78913750000000     
      5     11      2     11   1.33795127433700     
      1     12      2     11 -0.178422883814688     
      4     12      2     11  -1.90486728050228     
      1      7      3     11   1.64804240327729     
      4      7      3     11   1.90486728050228     
      3      8      3     11  -1.57612691150550     
      2      9      3     11  -2.43772691150550     
      5      9      3     11  -3.96391000000000     
      1     10      3     11  0.412532304700932     
      4     10      3     11 -1.881007177019267E-002
      3     11      3     11  -6.26661000000000     
      2      7      4     11  -2.00621077978420     
      5      7      4     11 -0.238175637168500     
      1      8      4     11   1.05471305461613     
      4      8      4     11   1.09977563716850     
      6      9      4     11 -0.436019999999998     
      2     10      4     11  0.238175637168500     
      5     10      4     11  -3.54961000000000     
      1     11      4     11  -1.09977563716850     
      4     11      4     11  -6.70806000000000     
      3     12      4     11  0.419730000000003     
      6      7      5     11  -2.31739958520321     
      2      8      5     11  -1.90299545033613     
      5      8      5     11   1.33795127433700     
      6     10      5     11 -1.881007177019223E-002
      2     11      5     11   1.33795127433700     
      5     11      5     11  -10.2413800000000     
      1     12      5     11  -2.31739958520321     
      4     12      5     11 -1.881007177019223E-002
      6      8      6     11 -0.861600000000000     
      6     11      6     11  -6.28290000000000     
      2     12      6     11  0.861600000000000     
      5     12      6     11  -3.98020000000000     
      7      8      7     11  0.000000000000000E+000
      8     10      7     11  -2.28245000000000     
      7     11      7     11  -1.23875000000000     
     10     11      7     11 -0.861600000000000     
      9     12      7     11 -0.861600000000000     
      8     11      8     11  -2.37997500000000     
      7     12      8     11  -1.97665968286779     
     10     12      8     11  -1.49233497580135     
      8      9      9     11 -0.861600000000000     
      7     10      9     11  -1.49233497580135     
      9     11      9     11  -2.30270000000000     
      7      8     10     11   3.06092383440033     
      8     10     10     11 -0.861600000000000     
      7     11     10     11 -0.861600000000000     
     10     11     10     11  -3.15845000000000     
      9     12     10     11  0.855750000000000     
      6      7      1     12  -6.48558750000000     
      2      8      1     12  1.328848185459875E-002
      5      8      1     12   1.79823679905311     
      6     10      1     12   2.43772691150550     
      2     11      1     12 -0.178422883814688     
      5     11      1     12  -2.31739958520321     
      1     12      1     12  -6.58311250000000     
      4     12      1     12   1.57612691150550     
      6      8      2     12  -3.37095000000000     
      6     11      2     12  0.861600000000000     
      2     12      2     12  -6.89215000000000     
      5     12      2     12 -0.861600000000000     
      2      7      3     12   2.95770850495226     
      5      7      3     12   2.43772691150550     
      1      8      3     12 -0.103215329448068     
      4      8      3     12  -1.57612691150550     
      6      9      3     12  -3.52789000000000     
      2     10      3     12  -2.43772691150550     
      5     10      3     12 -0.436019999999998     
      1     11      3     12   1.57612691150550     
      4     11      3     12  0.419730000000003     
      3     12      3     12  -6.68634000000000     
      6      7      4     12   2.43772691150550     
      2      8      4     12   1.64804240327729     
      5      8      4     12 -0.412532304700932     
      6     10      4     12  -3.96391000000000     
      2     11      4     12  -1.90486728050228     
      5     11      4     12 -1.881007177019267E-002
      1     12      4     12   1.57612691150550     
      4     12      4     12  -6.26661000000000     
      6      8      5     12  0.861600000000000     
      6     11      5     12  -3.98020000000000     
      2     12      5     12 -0.861600000000000     
      5     12      5     12  -6.28289999999999     
      6     12      6     12  -10.2631000000000     
      8     11      7     12  -1.97665968286779     
      7     12      7     12 -9.752499999999964E-002
     10     12      7     12 -0.861600000000000     
      8     12      8     12  -3.52120000000000     
     11     12      8     12  -1.72320000000000     
      7      8      9     12  -3.06092383440033     
      8     10      9     12 -0.861600000000000     
      7     11      9     12 -0.861600000000000     
     10     11      9     12  0.855750000000000     
      9     12      9     12  -3.15845000000000     
      8     11     10     12  -1.49233497580135     
      7     12     10     12 -0.861600000000000     
     10     12     10     12  -2.30270000000000     
      8     12     11     12  -1.72320000000000     
     11     12     11     12  -2.30270000000000     
