      1      1      1      1           2           0   7.22906045555022     
      1      1      1      1           0           0  -14.4277000000000     
      1      1      1      2           2           0 -2.657696370919748E-002
      1      1      2      1           2           0 -2.657696370919748E-002
      1      1      2      2           4           0  -6.61363727470252     
      1      1      2      2           2           0   1.46926820855328     
      1      2      1      1           2           0  2.657696370919748E-002
      1      2      1      2           2           0  0.564222699550011     
      1      2      1      2           0           0  -19.0568989840376     
      1      2      2      1           4           0   14.5022145240229     
      1      2      2      1           2           0  -4.04041987072120     
      1      2      2      2           4           0   7.70876935384510     
      1      2      2      2           2           0   1.30454169125353     
      2      1      1      1           2           0  2.657696370919748E-002
      2      1      1      2           4           0   14.5022145240229     
      2      1      1      2           2           0  -4.04041987072120     
      2      1      2      1           2           0  0.564222699550011     
      2      1      2      1           0           0  -19.0568989840376     
      2      1      2      2           4           0   7.70876935384510     
      2      1      2      2           2           0   1.30454169125353     
      2      2      1      1           4           0  -6.61363727470253     
      2      2      1      1           2           0   1.46926820855328     
      2      2      1      2           4           0  -7.70876935384510     
      2      2      1      2           2           0  -1.30454169125353     
      2      2      2      1           4           0  -7.70876935384510     
      2      2      2      1           2           0  -1.30454169125353     
      2      2      2      2           6           0   9.33391959279167     
      2      2      2      2           4           0  -9.83854257624065     
      2      2      2      2           2           0   6.20453508236515     
      2      2      2      2           0           0  -29.4989500000000     
      1      1      1      1           2           0   7.22906045555022     
      1      1      1      1           0           0  -14.4277000000000     
      1      1      1      2           2           0 -2.657696370919748E-002
      1      1      2      1           2           0 -2.657696370919748E-002
      1      1      2      2           4           0  -6.61363727470252     
      1      1      2      2           2           0   1.46926820855328     
      1      2      1      1           2           0  2.657696370919748E-002
      1      2      1      2           2           0  0.564222699550011     
      1      2      1      2           0           0  -19.0568989840376     
      1      2      2      1           4           0   14.5022145240229     
      1      2      2      1           2           0  -4.04041987072120     
      1      2      2      2           4           0   7.70876935384510     
      1      2      2      2           2           0   1.30454169125353     
      2      1      1      1           2           0  2.657696370919748E-002
      2      1      1      2           4           0   14.5022145240229     
      2      1      1      2           2           0  -4.04041987072120     
      2      1      2      1           2           0  0.564222699550011     
      2      1      2      1           0           0  -19.0568989840376     
      2      1      2      2           4           0   7.70876935384510     
      2      1      2      2           2           0   1.30454169125353     
      2      2      1      1           4           0  -6.61363727470253     
      2      2      1      1           2           0   1.46926820855328     
      2      2      1      2           4           0  -7.70876935384510     
      2      2      1      2           2           0  -1.30454169125353     
      2      2      2      1           4           0  -7.70876935384510     
      2      2      2      1           2           0  -1.30454169125353     
      2      2      2      2           6           0   9.33391959279167     
      2      2      2      2           4           0  -9.83854257624065     
      2      2      2      2           2           0   6.20453508236515     
      2      2      2      2           0           0  -29.4989500000000     
          60           6
   1   1   3   3   0   0   0   0-14.4277   1   1
   1   1   3   3   2   0   0   0  7.2291   1   1
   1   1   3   4   2   0   0   0 -0.0266   1   1
   1   1   4   3   2   0   0   0  0.0266   1   1
   1   1   4   4   0   0   0   0-19.0569   1   1
   1   1   4   4   2   0   0   0  0.5642   1   1
   1   2   3   3   2   0   0   0 -0.0266   1   1
   1   2   3   4   2   0   0   0  1.4693   1   1
   1   2   3   4   4   0   0   0 -6.6136   1   1
   1   2   4   3   2   0   0   0 -4.0404   1   1
   1   2   4   3   4   0   0   0 14.5022   1   1
   1   2   4   4   2   0   0   0  1.3045   1   1
   1   2   4   4   4   0   0   0  7.7088   1   1
   2   1   3   3   2   0   0   0  0.0266   1   1
   2   1   3   4   2   0   0   0 -4.0404   1   1
   2   1   3   4   4   0   0   0 14.5022   1   1
   2   1   4   3   2   0   0   0  1.4693   1   1
   2   1   4   3   4   0   0   0 -6.6136   1   1
   2   1   4   4   2   0   0   0 -1.3045   1   1
   2   1   4   4   4   0   0   0 -7.7088   1   1
   2   2   3   3   0   0   0   0-19.0569   1   1
   2   2   3   3   2   0   0   0  0.5642   1   1
   2   2   3   4   2   0   0   0  1.3045   1   1
   2   2   3   4   4   0   0   0  7.7088   1   1
   2   2   4   3   2   0   0   0 -1.3045   1   1
   2   2   4   3   4   0   0   0 -7.7088   1   1
   2   2   4   4   0   0   0   0-29.4990   1   1
   2   2   4   4   2   0   0   0  6.2045   1   1
   2   2   4   4   4   0   0   0 -9.8385   1   1
   2   2   4   4   6   0   0   0  9.3339   1   1
   3   3   1   1   0   0   0   0-14.4277   1   1
   3   3   1   1   2   0   0   0  7.2291   1   1
   3   3   1   2   2   0   0   0 -0.0266   1   1
   3   3   2   1   2   0   0   0  0.0266   1   1
   3   3   2   2   0   0   0   0-19.0569   1   1
   3   3   2   2   2   0   0   0  0.5642   1   1
   3   4   1   1   2   0   0   0 -0.0266   1   1
   3   4   1   2   2   0   0   0  1.4693   1   1
   3   4   1   2   4   0   0   0 -6.6136   1   1
   3   4   2   1   2   0   0   0 -4.0404   1   1
   3   4   2   1   4   0   0   0 14.5022   1   1
   3   4   2   2   2   0   0   0  1.3045   1   1
   3   4   2   2   4   0   0   0  7.7088   1   1
   4   3   1   1   2   0   0   0  0.0266   1   1
   4   3   1   2   2   0   0   0 -4.0404   1   1
   4   3   1   2   4   0   0   0 14.5022   1   1
   4   3   2   1   2   0   0   0  1.4693   1   1
   4   3   2   1   4   0   0   0 -6.6136   1   1
   4   3   2   2   2   0   0   0 -1.3045   1   1
   4   3   2   2   4   0   0   0 -7.7088   1   1
   4   4   1   1   0   0   0   0-19.0569   1   1
   4   4   1   1   2   0   0   0  0.5642   1   1
   4   4   1   2   2   0   0   0  1.3045   1   1
   4   4   1   2   4   0   0   0  7.7088   1   1
   4   4   2   1   2   0   0   0 -1.3045   1   1
   4   4   2   1   4   0   0   0 -7.7088   1   1
   4   4   2   2   0   0   0   0-29.4990   1   1
   4   4   2   2   2   0   0   0  6.2045   1   1
   4   4   2   2   4   0   0   0 -9.8385   1   1
   4   4   2   2   6   0   0   0  9.3339   1   1
