      1      2      1      2  -1.25550000000000     
      2      4      1      2  0.000000000000000E+000
      1      5      1      2  0.000000000000000E+000
      4      5      1      2   2.50945125575294     
      3      6      1      2  -2.50945125575294     
      1      3      1      3  -2.87650000000000     
      3      4      1      3  -1.45480000000000     
      2      3      2      3 -0.296875000000000     
      1      4      2      3  -1.48934718815829     
      3      5      2      3 -0.727400000000000     
      2      3      1      4  -1.48934718815829     
      1      4      1      4  -2.01662500000000     
      3      5      1      4  -1.25989375742560     
      1      2      2      4  0.000000000000000E+000
      2      4      2      4  -1.15675000000000     
      1      5      2      4  -1.71975000000000     
      4      5      2      4 -0.727400000000000     
      3      6      2      4 -0.727400000000000     
      1      3      3      4  -1.45480000000000     
      3      4      3      4  -1.84780000000000     
      1      2      1      5  0.000000000000000E+000
      2      4      1      5  -1.71975000000000     
      1      5      1      5  -1.15675000000000     
      4      5      1      5 -0.727400000000000     
      3      6      1      5 -0.727400000000000     
      2      5      2      5  -2.01662500000000     
      1      6      2      5  -1.48934718815829     
      4      6      2      5  -1.25989375742560     
      2      3      3      5 -0.727400000000000     
      1      4      3      5  -1.25989375742560     
      3      5      3      5  -1.84780000000000     
      1      2      4      5   2.50945125575294     
      2      4      4      5 -0.727400000000000     
      1      5      4      5 -0.727400000000000     
      4      5      4      5  -2.80640000000000     
      3      6      4      5  0.958600000000000     
      2      5      1      6  -1.48934718815829     
      1      6      1      6 -0.296875000000000     
      4      6      1      6 -0.727400000000000     
      2      6      2      6  -2.87650000000000     
      5      6      2      6  -1.45480000000000     
      1      2      3      6  -2.50945125575294     
      2      4      3      6 -0.727400000000000     
      1      5      3      6 -0.727400000000000     
      4      5      3      6  0.958600000000000     
      3      6      3      6  -2.80640000000000     
      2      5      4      6  -1.25989375742560     
      1      6      4      6 -0.727400000000000     
      4      6      4      6  -1.84780000000000     
      2      6      5      6  -1.45480000000000     
      5      6      5      6  -1.84780000000000     
      1      7      1      7  -7.08080000000000     
      4      7      1      7  0.110273302526042     
      3      8      1      7 -0.190998962693518     
      2      9      1      7 -0.190998962693518     
      5      9      1      7   1.77040362262395     
      1     10      1      7  0.110273302526042     
      4     10      1      7  -2.04428601619245     
      3     11      1      7   1.77040362262395     
      2      7      2      7  -4.16815000000000     
      5      7      2      7  0.110273302526042     
      1      8      2      7  -2.91265000000000     
      4      8      2      7 -0.110273302526042     
      6      9      2      7  0.278488884267869     
      2     10      2      7 -0.110273302526042     
      5     10      2      7  0.743654123828357     
      1     11      2      7  0.110273302526042     
      4     11      2      7  -1.76579713192458     
      3     12      2      7   2.78794014002081     
      3      7      3      7  -5.56770000000000     
      1      9      3      7  -2.69120000000000     
      4      9      3      7 -0.727400000000000     
      3     10      3      7  0.727400000000000     
      1      7      4      7  0.110273302526042     
      4      7      4      7  -5.53186250000000     
      3      8      4      7 -6.207237081624872E-002
      2      9      4      7   1.42727481734204     
      5      9      4      7  0.526409758964348     
      1     10      4      7  -3.51523750000000     
      4     10      4      7  -1.33524563208423     
      3     11      4      7   1.78630351638995     
      2      7      5      7  0.110273302526042     
      5      7      5      7  -5.49602500000000     
      1      8      5      7  0.110273302526042     
      4      8      5      7 -7.167499999999916E-002
      6      9      5      7   1.63916844812634     
      2     10      5      7   1.64807500000000     
      5     10      5      7  -1.03132281604211     
      1     11      5      7  -4.33927500000000     
      4     11      5      7 -0.303922816042113     
      3     12      5      7   2.36656844812634     
      6      7      6      7  -5.46018750000000     
      2      8      6      7  0.190998962693518     
      5      8      6      7 -6.207237081624917E-002
      6     10      6      7   1.63916844812634     
      2     11      6      7   1.42727481734204     
      5     11      6      7  -2.31271327535430     
      1     12      6      7  -5.16331250000000     
      4     12      6      7   2.36656844812634     
      2      7      1      8  -2.91265000000000     
      5      7      1      8  0.110273302526042     
      1      8      1      8  -4.16815000000000     
      4      8      1      8 -0.110273302526042     
      6      9      1      8   2.78794014002081     
      2     10      1      8 -0.110273302526042     
      5     10      1      8  -1.76579713192458     
      1     11      1      8  0.110273302526042     
      4     11      1      8  0.743654123828357     
      3     12      1      8  0.278488884267869     
      6      7      2      8  0.190998962693518     
      2      8      2      8  -7.08080000000000     
      5      8      2      8 -0.110273302526042     
      6     10      2      8   1.77040362262395     
      2     11      2      8 -0.110273302526042     
      5     11      2      8  -2.04428601619245     
      1     12      2      8  0.190998962693518     
      4     12      2      8   1.77040362262395     
      1      7      3      8 -0.190998962693518     
      4      7      3      8 -6.207237081624917E-002
      3      8      3      8  -5.46018750000000     
      2      9      3      8  -5.16331250000000     
      5      9      3      8  -2.36656844812634     
      1     10      3      8   1.42727481734204     
      4     10      3      8   2.31271327535430     
      3     11      3      8  -1.63916844812634     
      2      7      4      8 -0.110273302526042     
      5      7      4      8 -7.167499999999916E-002
      1      8      4      8 -0.110273302526042     
      4      8      4      8  -5.49602500000000     
      6      9      4      8  -2.36656844812634     
      2     10      4      8  -4.33927500000000     
      5     10      4      8  0.303922816042113     
      1     11      4      8   1.64807500000000     
      4     11      4      8   1.03132281604211     
      3     12      4      8  -1.63916844812634     
      6      7      5      8 -6.207237081624872E-002
      2      8      5      8 -0.110273302526042     
      5      8      5      8  -5.53186250000000     
      6     10      5      8  -1.78630351638995     
      2     11      5      8  -3.51523750000000     
      5     11      5      8   1.33524563208423     
      1     12      5      8   1.42727481734204     
      4     12      5      8 -0.526409758964348     
      6      8      6      8  -5.56770000000000     
      6     11      6      8 -0.727400000000000     
      2     12      6      8  -2.69120000000000     
      5     12      6      8  0.727400000000000     
      7      8      7      8  -1.25550000000000     
      8     10      7      8  0.000000000000000E+000
      7     11      7      8  0.000000000000000E+000
     10     11      7      8   2.50945125575294     
      9     12      7      8  -2.50945125575294     
      3      7      1      9  -2.69120000000000     
      1      9      1      9  -5.56770000000000     
      4      9      1      9  0.727400000000000     
      3     10      1      9 -0.727400000000000     
      1      7      2      9 -0.190998962693518     
      4      7      2      9   1.42727481734204     
      3      8      2      9  -5.16331250000000     
      2      9      2      9  -5.46018750000000     
      5      9      2      9  -1.63916844812634     
      1     10      2      9 -6.207237081624917E-002
      4     10      2      9   2.31271327535430     
      3     11      2      9  -2.36656844812634     
      3      9      3      9  -8.25890000000000     
      3      7      4      9 -0.727400000000000     
      1      9      4      9  0.727400000000000     
      4      9      4      9  -5.05335000000000     
      3     10      4      9  -3.20555000000000     
      1      7      5      9   1.77040362262395     
      4      7      5      9  0.526409758964348     
      3      8      5      9  -2.36656844812634     
      2      9      5      9  -1.63916844812634     
      5      9      5      9  -4.81941000000000     
      1     10      5      9   1.78630351638995     
      4     10      5      9 -0.270130643948438     
      3     11      5      9  -2.97161000000000     
      2      7      6      9  0.278488884267869     
      5      7      6      9   1.63916844812634     
      1      8      6      9   2.78794014002081     
      4      8      6      9  -2.36656844812634     
      6      9      6      9  -5.18174000000000     
      2     10      6      9  -1.63916844812634     
      5     10      6      9  0.362330000000002     
      1     11      6      9   2.36656844812634     
      4     11      6      9 -0.596269999999998     
      3     12      6      9  -2.37534000000000     
      7      9      7      9  -2.87650000000000     
      9     10      7      9  -1.45480000000000     
      8      9      8      9 -0.296875000000000     
      7     10      8      9  -1.48934718815829     
      9     11      8      9 -0.727400000000000     
      1      7      1     10  0.110273302526042     
      4      7      1     10  -3.51523750000000     
      3      8      1     10   1.42727481734204     
      2      9      1     10 -6.207237081624872E-002
      5      9      1     10   1.78630351638995     
      1     10      1     10  -5.53186250000000     
      4     10      1     10  -1.33524563208423     
      3     11      1     10  0.526409758964348     
      2      7      2     10 -0.110273302526042     
      5      7      2     10   1.64807500000000     
      1      8      2     10 -0.110273302526042     
      4      8      2     10  -4.33927500000000     
      6      9      2     10  -1.63916844812634     
      2     10      2     10  -5.49602500000000     
      5     10      2     10   1.03132281604211     
      1     11      2     10 -7.167499999999916E-002
      4     11      2     10  0.303922816042113     
      3     12      2     10  -2.36656844812634     
      3      7      3     10  0.727400000000000     
      1      9      3     10 -0.727400000000000     
      4      9      3     10  -3.20555000000000     
      3     10      3     10  -5.05335000000000     
      1      7      4     10  -2.04428601619245     
      4      7      4     10  -1.33524563208423     
      3      8      4     10   2.31271327535430     
      2      9      4     10   2.31271327535430     
      5      9      4     10 -0.270130643948438     
      1     10      4     10  -1.33524563208423     
      4     10      4     10  -7.94698000000000     
      3     11      4     10 -0.270130643948438     
      2      7      5     10  0.743654123828357     
      5      7      5     10  -1.03132281604211     
      1      8      5     10  -1.76579713192458     
      4      8      5     10  0.303922816042113     
      6      9      5     10  0.362330000000001     
      2     10      5     10   1.03132281604211     
      5     10      5     10  -5.49366000000000     
      1     11      5     10 -0.303922816042113     
      4     11      5     10  -2.68726000000000     
      3     12      5     10 -0.596269999999999     
      6      7      6     10   1.63916844812634     
      2      8      6     10   1.77040362262395     
      5      8      6     10  -1.78630351638995     
      6     10      6     10  -4.81941000000000     
      2     11      6     10 -0.526409758964348     
      5     11      6     10 -0.270130643948438     
      1     12      6     10   2.36656844812634     
      4     12      6     10  -2.97161000000000     
      8      9      7     10  -1.48934718815829     
      7     10      7     10  -2.01662500000000     
      9     11      7     10  -1.25989375742560     
      7      8      8     10  0.000000000000000E+000
      8     10      8     10  -1.15675000000000     
      7     11      8     10  -1.71975000000000     
     10     11      8     10 -0.727400000000000     
      9     12      8     10 -0.727400000000000     
      7      9      9     10  -1.45480000000000     
      9     10      9     10  -1.84780000000000     
      2      7      1     11  0.110273302526042     
      5      7      1     11  -4.33927500000000     
      1      8      1     11  0.110273302526042     
      4      8      1     11   1.64807500000000     
      6      9      1     11   2.36656844812634     
      2     10      1     11 -7.167499999999916E-002
      5     10      1     11 -0.303922816042113     
      1     11      1     11  -5.49602500000000     
      4     11      1     11  -1.03132281604211     
      3     12      1     11   1.63916844812634     
      6      7      2     11   1.42727481734204     
      2      8      2     11 -0.110273302526042     
      5      8      2     11  -3.51523750000000     
      6     10      2     11 -0.526409758964348     
      2     11      2     11  -5.53186250000000     
      5     11      2     11   1.33524563208423     
      1     12      2     11 -6.207237081624872E-002
      4     12      2     11  -1.78630351638995     
      1      7      3     11   1.77040362262395     
      4      7      3     11   1.78630351638995     
      3      8      3     11  -1.63916844812634     
      2      9      3     11  -2.36656844812634     
      5      9      3     11  -2.97161000000000     
      1     10      3     11  0.526409758964348     
      4     10      3     11 -0.270130643948438     
      3     11      3     11  -4.81941000000000     
      2      7      4     11  -1.76579713192458     
      5      7      4     11 -0.303922816042113     
      1      8      4     11  0.743654123828357     
      4      8      4     11   1.03132281604211     
      6      9      4     11 -0.596269999999999     
      2     10      4     11  0.303922816042113     
      5     10      4     11  -2.68726000000000     
      1     11      4     11  -1.03132281604211     
      4     11      4     11  -5.49366000000000     
      3     12      4     11  0.362330000000001     
      6      7      5     11  -2.31271327535430     
      2      8      5     11  -2.04428601619245     
      5      8      5     11   1.33524563208423     
      6     10      5     11 -0.270130643948438     
      2     11      5     11   1.33524563208423     
      5     11      5     11  -7.94698000000000     
      1     12      5     11  -2.31271327535430     
      4     12      5     11 -0.270130643948438     
      6      8      6     11 -0.727400000000000     
      6     11      6     11  -5.05335000000000     
      2     12      6     11  0.727400000000000     
      5     12      6     11  -3.20555000000000     
      7      8      7     11  0.000000000000000E+000
      8     10      7     11  -1.71975000000000     
      7     11      7     11  -1.15675000000000     
     10     11      7     11 -0.727400000000000     
      9     12      7     11 -0.727400000000000     
      8     11      8     11  -2.01662500000000     
      7     12      8     11  -1.48934718815829     
     10     12      8     11  -1.25989375742560     
      8      9      9     11 -0.727400000000000     
      7     10      9     11  -1.25989375742560     
      9     11      9     11  -1.84780000000000     
      7      8     10     11   2.50945125575294     
      8     10     10     11 -0.727400000000000     
      7     11     10     11 -0.727400000000000     
     10     11     10     11  -2.80640000000000     
      9     12     10     11  0.958600000000000     
      6      7      1     12  -5.16331250000000     
      2      8      1     12  0.190998962693518     
      5      8      1     12   1.42727481734204     
      6     10      1     12   2.36656844812634     
      2     11      1     12 -6.207237081624917E-002
      5     11      1     12  -2.31271327535430     
      1     12      1     12  -5.46018750000000     
      4     12      1     12   1.63916844812634     
      6      8      2     12  -2.69120000000000     
      6     11      2     12  0.727400000000000     
      2     12      2     12  -5.56770000000000     
      5     12      2     12 -0.727400000000000     
      2      7      3     12   2.78794014002081     
      5      7      3     12   2.36656844812634     
      1      8      3     12  0.278488884267869     
      4      8      3     12  -1.63916844812634     
      6      9      3     12  -2.37534000000000     
      2     10      3     12  -2.36656844812634     
      5     10      3     12 -0.596269999999998     
      1     11      3     12   1.63916844812634     
      4     11      3     12  0.362330000000002     
      3     12      3     12  -5.18174000000000     
      6      7      4     12   2.36656844812634     
      2      8      4     12   1.77040362262395     
      5      8      4     12 -0.526409758964348     
      6     10      4     12  -2.97161000000000     
      2     11      4     12  -1.78630351638995     
      5     11      4     12 -0.270130643948438     
      1     12      4     12   1.63916844812634     
      4     12      4     12  -4.81941000000000     
      6      8      5     12  0.727400000000000     
      6     11      5     12  -3.20555000000000     
      2     12      5     12 -0.727400000000000     
      5     12      5     12  -5.05335000000000     
      6     12      6     12  -8.25890000000000     
      8     11      7     12  -1.48934718815829     
      7     12      7     12 -0.296875000000000     
     10     12      7     12 -0.727400000000000     
      8     12      8     12  -2.87650000000000     
     11     12      8     12  -1.45480000000000     
      7      8      9     12  -2.50945125575294     
      8     10      9     12 -0.727400000000000     
      7     11      9     12 -0.727400000000000     
     10     11      9     12  0.958600000000000     
      9     12      9     12  -2.80640000000000     
      8     11     10     12  -1.25989375742560     
      7     12     10     12 -0.727400000000000     
     10     12     10     12  -1.84780000000000     
      8     12     11     12  -1.45480000000000     
     11     12     11     12  -1.84780000000000     
