      1      1      1      1           2           0   5.04485778466549     
      1      1      1      1           0           0  -11.2489500000000     
      1      1      1      2           2           0 -0.381997925387037     
      1      1      2      1           2           0 -0.381997925387037     
      1      1      2      2           4           0  -6.23402367028681     
      1      1      2      2           2           0   2.25276051951907     
      1      2      1      1           2           0  0.381997925387037     
      1      2      1      2           2           0  0.196290071545915     
      1      2      1      2           0           0  -15.5957880668247     
      1      2      2      1           4           0   11.5455177390744     
      1      2      2      1           2           0  -3.23402031598732     
      1      2      2      2           4           0   7.48374653476927     
      1      2      2      2           2           0   1.66465382086758     
      2      1      1      1           2           0  0.381997925387037     
      2      1      1      2           4           0   11.5455177390744     
      2      1      1      2           2           0  -3.23402031598732     
      2      1      2      1           2           0  0.196290071545915     
      2      1      2      1           0           0  -15.5957880668247     
      2      1      2      2           4           0   7.48374653476927     
      2      1      2      2           2           0   1.66465382086758     
      2      2      1      1           4           0  -6.23402367028681     
      2      2      1      1           2           0   2.25276051951907     
      2      2      1      2           4           0  -7.48374653476927     
      2      2      1      2           2           0  -1.66465382086758     
      2      2      2      1           4           0  -7.48374653476927     
      2      2      2      1           2           0  -1.66465382086758     
      2      2      2      2           6           0   6.28455891922417     
      2      2      2      2           4           0  -7.97802221556195     
      2      2      2      2           2           0   5.46486278499287     
      2      2      2      2           0           0  -23.3134000000000     
      1      1      1      1           2           0   5.04485778466549     
      1      1      1      1           0           0  -11.2489500000000     
      1      1      1      2           2           0 -0.381997925387037     
      1      1      2      1           2           0 -0.381997925387037     
      1      1      2      2           4           0  -6.23402367028681     
      1      1      2      2           2           0   2.25276051951907     
      1      2      1      1           2           0  0.381997925387037     
      1      2      1      2           2           0  0.196290071545915     
      1      2      1      2           0           0  -15.5957880668247     
      1      2      2      1           4           0   11.5455177390744     
      1      2      2      1           2           0  -3.23402031598732     
      1      2      2      2           4           0   7.48374653476927     
      1      2      2      2           2           0   1.66465382086758     
      2      1      1      1           2           0  0.381997925387037     
      2      1      1      2           4           0   11.5455177390744     
      2      1      1      2           2           0  -3.23402031598732     
      2      1      2      1           2           0  0.196290071545915     
      2      1      2      1           0           0  -15.5957880668247     
      2      1      2      2           4           0   7.48374653476927     
      2      1      2      2           2           0   1.66465382086758     
      2      2      1      1           4           0  -6.23402367028681     
      2      2      1      1           2           0   2.25276051951907     
      2      2      1      2           4           0  -7.48374653476927     
      2      2      1      2           2           0  -1.66465382086758     
      2      2      2      1           4           0  -7.48374653476927     
      2      2      2      1           2           0  -1.66465382086758     
      2      2      2      2           6           0   6.28455891922417     
      2      2      2      2           4           0  -7.97802221556195     
      2      2      2      2           2           0   5.46486278499287     
      2      2      2      2           0           0  -23.3134000000000     
          60           6
   1   1   3   3   0   0   0   0-11.2490   1   1
   1   1   3   3   2   0   0   0  5.0449   1   1
   1   1   3   4   2   0   0   0 -0.3820   1   1
   1   1   4   3   2   0   0   0  0.3820   1   1
   1   1   4   4   0   0   0   0-15.5958   1   1
   1   1   4   4   2   0   0   0  0.1963   1   1
   1   2   3   3   2   0   0   0 -0.3820   1   1
   1   2   3   4   2   0   0   0  2.2528   1   1
   1   2   3   4   4   0   0   0 -6.2340   1   1
   1   2   4   3   2   0   0   0 -3.2340   1   1
   1   2   4   3   4   0   0   0 11.5455   1   1
   1   2   4   4   2   0   0   0  1.6647   1   1
   1   2   4   4   4   0   0   0  7.4837   1   1
   2   1   3   3   2   0   0   0  0.3820   1   1
   2   1   3   4   2   0   0   0 -3.2340   1   1
   2   1   3   4   4   0   0   0 11.5455   1   1
   2   1   4   3   2   0   0   0  2.2528   1   1
   2   1   4   3   4   0   0   0 -6.2340   1   1
   2   1   4   4   2   0   0   0 -1.6647   1   1
   2   1   4   4   4   0   0   0 -7.4837   1   1
   2   2   3   3   0   0   0   0-15.5958   1   1
   2   2   3   3   2   0   0   0  0.1963   1   1
   2   2   3   4   2   0   0   0  1.6647   1   1
   2   2   3   4   4   0   0   0  7.4837   1   1
   2   2   4   3   2   0   0   0 -1.6647   1   1
   2   2   4   3   4   0   0   0 -7.4837   1   1
   2   2   4   4   0   0   0   0-23.3134   1   1
   2   2   4   4   2   0   0   0  5.4649   1   1
   2   2   4   4   4   0   0   0 -7.9780   1   1
   2   2   4   4   6   0   0   0  6.2846   1   1
   3   3   1   1   0   0   0   0-11.2490   1   1
   3   3   1   1   2   0   0   0  5.0449   1   1
   3   3   1   2   2   0   0   0 -0.3820   1   1
   3   3   2   1   2   0   0   0  0.3820   1   1
   3   3   2   2   0   0   0   0-15.5958   1   1
   3   3   2   2   2   0   0   0  0.1963   1   1
   3   4   1   1   2   0   0   0 -0.3820   1   1
   3   4   1   2   2   0   0   0  2.2528   1   1
   3   4   1   2   4   0   0   0 -6.2340   1   1
   3   4   2   1   2   0   0   0 -3.2340   1   1
   3   4   2   1   4   0   0   0 11.5455   1   1
   3   4   2   2   2   0   0   0  1.6647   1   1
   3   4   2   2   4   0   0   0  7.4837   1   1
   4   3   1   1   2   0   0   0  0.3820   1   1
   4   3   1   2   2   0   0   0 -3.2340   1   1
   4   3   1   2   4   0   0   0 11.5455   1   1
   4   3   2   1   2   0   0   0  2.2528   1   1
   4   3   2   1   4   0   0   0 -6.2340   1   1
   4   3   2   2   2   0   0   0 -1.6647   1   1
   4   3   2   2   4   0   0   0 -7.4837   1   1
   4   4   1   1   0   0   0   0-15.5958   1   1
   4   4   1   1   2   0   0   0  0.1963   1   1
   4   4   1   2   2   0   0   0  1.6647   1   1
   4   4   1   2   4   0   0   0  7.4837   1   1
   4   4   2   1   2   0   0   0 -1.6647   1   1
   4   4   2   1   4   0   0   0 -7.4837   1   1
   4   4   2   2   0   0   0   0-23.3134   1   1
   4   4   2   2   2   0   0   0  5.4649   1   1
   4   4   2   2   4   0   0   0 -7.9780   1   1
   4   4   2   2   6   0   0   0  6.2846   1   1
