 ! Total Interaction
  20
   1   1   1   1     1     0  -7.1616
   1   2   1   1     1     0  -0.2994
   2   2   1   1     1     0   3.1978
   1   1   1   2     1     0  -0.2994
   1   2   1   2     1     0 -11.4691
   2   2   1   2     1     0  -5.9221
   1   1   2   2     1     0   3.1978
   1   2   2   2     1     0  -5.9221
   2   2   2   2     1     0  -7.5740
   1   2   1   2     2     0  -8.3226
   2   2   2   2     3     0  -8.3226
   1   1   1   1     0     1  -1.2428
   2   2   1   1     0     1  -3.5985
   1   1   2   2     0     1  -3.5985
   2   2   2   2     0     1  -3.7872
   1   2   1   2     1     1   0.5891
   1   2   1   2     2     1  -2.9190
   2   2   1   2     2     1   1.4728
   1   2   2   2     2     1   1.4728
   2   2   2   2     2     1  -1.8775
