      1      1      1      1           2           0   5.12583115991934     
      1      1      1      1           0           0  -11.3638000000000     
      1      1      1      2           2           0 -0.366688614494642     
      1      1      2      1           2           0 -0.366688614494642     
      1      1      2      2           4           0  -6.23664313734649     
      1      1      2      2           2           0   2.17514577612373     
      1      2      1      1           2           0  0.366688614494642     
      1      2      1      2           2           0  0.247570595992338     
      1      2      1      2           0           0  -15.7062558237156     
      1      2      2      1           4           0   11.6214601977602     
      1      2      2      1           2           0  -3.23889170888361     
      1      2      2      2           4           0   7.44568623777128     
      1      2      2      2           2           0   1.60981634470004     
      2      1      1      1           2           0  0.366688614494642     
      2      1      1      2           4           0   11.6214601977602     
      2      1      1      2           2           0  -3.23889170888361     
      2      1      2      1           2           0  0.247570595992338     
      2      1      2      1           0           0  -15.7062558237156     
      2      1      2      2           4           0   7.44568623777128     
      2      1      2      2           2           0   1.60981634470004     
      2      2      1      1           4           0  -6.23664313734649     
      2      2      1      1           2           0   2.17514577612373     
      2      2      1      2           4           0  -7.44568623777128     
      2      2      1      2           2           0  -1.60981634470004     
      2      2      2      1           4           0  -7.44568623777128     
      2      2      2      1           2           0  -1.60981634470004     
      2      2      2      2           6           0   6.37164382362786     
      2      2      2      2           4           0  -8.02230754185633     
      2      2      2      2           2           0   5.46783325212784     
      2      2      2      2           0           0  -23.5387250000000     
      1      1      1      1           2           0   5.12583115991934     
      1      1      1      1           0           0  -11.3638000000000     
      1      1      1      2           2           0 -0.366688614494642     
      1      1      2      1           2           0 -0.366688614494642     
      1      1      2      2           4           0  -6.23664313734649     
      1      1      2      2           2           0   2.17514577612373     
      1      2      1      1           2           0  0.366688614494642     
      1      2      1      2           2           0  0.247570595992338     
      1      2      1      2           0           0  -15.7062558237156     
      1      2      2      1           4           0   11.6214601977602     
      1      2      2      1           2           0  -3.23889170888361     
      1      2      2      2           4           0   7.44568623777128     
      1      2      2      2           2           0   1.60981634470004     
      2      1      1      1           2           0  0.366688614494642     
      2      1      1      2           4           0   11.6214601977602     
      2      1      1      2           2           0  -3.23889170888361     
      2      1      2      1           2           0  0.247570595992338     
      2      1      2      1           0           0  -15.7062558237156     
      2      1      2      2           4           0   7.44568623777128     
      2      1      2      2           2           0   1.60981634470004     
      2      2      1      1           4           0  -6.23664313734649     
      2      2      1      1           2           0   2.17514577612373     
      2      2      1      2           4           0  -7.44568623777128     
      2      2      1      2           2           0  -1.60981634470004     
      2      2      2      1           4           0  -7.44568623777128     
      2      2      2      1           2           0  -1.60981634470004     
      2      2      2      2           6           0   6.37164382362786     
      2      2      2      2           4           0  -8.02230754185633     
      2      2      2      2           2           0   5.46783325212784     
      2      2      2      2           0           0  -23.5387250000000     
          60           6
   1   1   3   3   0   0   0   0-11.3638   1   1
   1   1   3   3   2   0   0   0  5.1258   1   1
   1   1   3   4   2   0   0   0 -0.3667   1   1
   1   1   4   3   2   0   0   0  0.3667   1   1
   1   1   4   4   0   0   0   0-15.7063   1   1
   1   1   4   4   2   0   0   0  0.2476   1   1
   1   2   3   3   2   0   0   0 -0.3667   1   1
   1   2   3   4   2   0   0   0  2.1751   1   1
   1   2   3   4   4   0   0   0 -6.2366   1   1
   1   2   4   3   2   0   0   0 -3.2389   1   1
   1   2   4   3   4   0   0   0 11.6215   1   1
   1   2   4   4   2   0   0   0  1.6098   1   1
   1   2   4   4   4   0   0   0  7.4457   1   1
   2   1   3   3   2   0   0   0  0.3667   1   1
   2   1   3   4   2   0   0   0 -3.2389   1   1
   2   1   3   4   4   0   0   0 11.6215   1   1
   2   1   4   3   2   0   0   0  2.1751   1   1
   2   1   4   3   4   0   0   0 -6.2366   1   1
   2   1   4   4   2   0   0   0 -1.6098   1   1
   2   1   4   4   4   0   0   0 -7.4457   1   1
   2   2   3   3   0   0   0   0-15.7063   1   1
   2   2   3   3   2   0   0   0  0.2476   1   1
   2   2   3   4   2   0   0   0  1.6098   1   1
   2   2   3   4   4   0   0   0  7.4457   1   1
   2   2   4   3   2   0   0   0 -1.6098   1   1
   2   2   4   3   4   0   0   0 -7.4457   1   1
   2   2   4   4   0   0   0   0-23.5387   1   1
   2   2   4   4   2   0   0   0  5.4678   1   1
   2   2   4   4   4   0   0   0 -8.0223   1   1
   2   2   4   4   6   0   0   0  6.3716   1   1
   3   3   1   1   0   0   0   0-11.3638   1   1
   3   3   1   1   2   0   0   0  5.1258   1   1
   3   3   1   2   2   0   0   0 -0.3667   1   1
   3   3   2   1   2   0   0   0  0.3667   1   1
   3   3   2   2   0   0   0   0-15.7063   1   1
   3   3   2   2   2   0   0   0  0.2476   1   1
   3   4   1   1   2   0   0   0 -0.3667   1   1
   3   4   1   2   2   0   0   0  2.1751   1   1
   3   4   1   2   4   0   0   0 -6.2366   1   1
   3   4   2   1   2   0   0   0 -3.2389   1   1
   3   4   2   1   4   0   0   0 11.6215   1   1
   3   4   2   2   2   0   0   0  1.6098   1   1
   3   4   2   2   4   0   0   0  7.4457   1   1
   4   3   1   1   2   0   0   0  0.3667   1   1
   4   3   1   2   2   0   0   0 -3.2389   1   1
   4   3   1   2   4   0   0   0 11.6215   1   1
   4   3   2   1   2   0   0   0  2.1751   1   1
   4   3   2   1   4   0   0   0 -6.2366   1   1
   4   3   2   2   2   0   0   0 -1.6098   1   1
   4   3   2   2   4   0   0   0 -7.4457   1   1
   4   4   1   1   0   0   0   0-15.7063   1   1
   4   4   1   1   2   0   0   0  0.2476   1   1
   4   4   1   2   2   0   0   0  1.6098   1   1
   4   4   1   2   4   0   0   0  7.4457   1   1
   4   4   2   1   2   0   0   0 -1.6098   1   1
   4   4   2   1   4   0   0   0 -7.4457   1   1
   4   4   2   2   0   0   0   0-23.5387   1   1
   4   4   2   2   2   0   0   0  5.4678   1   1
   4   4   2   2   4   0   0   0 -8.0223   1   1
   4   4   2   2   6   0   0   0  6.3716   1   1
