 ! Total Interaction
  20
   1   1   1   1     1     0  -8.4018
   1   2   1   1     1     0  -1.6957
   2   2   1   1     1     0   5.8869
   1   1   1   2     1     0  -1.6957
   1   2   1   2     1     0 -13.4706
   2   2   1   2     1     0  -9.0927
   1   1   2   2     1     0   5.8869
   1   2   2   2     1     0  -9.0927
   2   2   2   2     1     0  -6.8721
   1   2   1   2     2     0 -11.1112
   2   2   2   2     3     0 -11.1112
   1   1   1   1     0     1  -1.1973
   2   2   1   1     0     1  -3.4820
   1   1   2   2     0     1  -3.4820
   2   2   2   2     0     1  -3.6594
   1   2   1   2     1     1   0.3311
   1   2   1   2     2     1  -2.7688
   2   2   1   2     2     1   0.8715
   1   2   2   2     2     1   0.8715
   2   2   2   2     2     1  -2.1525
