      1      2      1      2  -1.19730000000000     
      2      4      1      2  0.000000000000000E+000
      1      5      1      2  0.000000000000000E+000
      4      5      1      2   2.46214581209156     
      3      6      1      2  -2.46214581209156     
      1      3      1      3  -2.76880000000000     
      3      4      1      3 -0.871500000000000     
      2      3      2      3 -0.443875000000000     
      1      4      2      3  -1.34229607459569     
      3      5      2      3 -0.435750000000000     
      2      3      1      4  -1.34229607459569     
      1      4      1      4  -1.99382500000000     
      3      5      1      4 -0.754741139398139     
      1      2      2      4  0.000000000000000E+000
      2      4      2      4  -1.21885000000000     
      1      5      2      4  -1.54995000000000     
      4      5      2      4 -0.435750000000000     
      3      6      2      4 -0.435750000000000     
      1      3      3      4 -0.871500000000000     
      3      4      3      4  -2.15250000000000     
      1      2      1      5  0.000000000000000E+000
      2      4      1      5  -1.54995000000000     
      1      5      1      5  -1.21885000000000     
      4      5      1      5 -0.435750000000000     
      3      6      1      5 -0.435750000000000     
      2      5      2      5  -1.99382500000000     
      1      6      2      5  -1.34229607459569     
      4      6      2      5 -0.754741139398139     
      2      3      3      5 -0.435750000000000     
      1      4      3      5 -0.754741139398139     
      3      5      3      5  -2.15250000000000     
      1      2      4      5   2.46214581209156     
      2      4      4      5 -0.435750000000000     
      1      5      4      5 -0.435750000000000     
      4      5      4      5  -2.90595000000000     
      3      6      4      5  0.753450000000000     
      2      5      1      6  -1.34229607459569     
      1      6      1      6 -0.443875000000000     
      4      6      1      6 -0.435750000000000     
      2      6      2      6  -2.76880000000000     
      5      6      2      6 -0.871500000000000     
      1      2      3      6  -2.46214581209156     
      2      4      3      6 -0.435750000000000     
      1      5      3      6 -0.435750000000000     
      4      5      3      6  0.753450000000000     
      3      6      3      6  -2.90595000000000     
      2      5      4      6 -0.754741139398139     
      1      6      4      6 -0.435750000000000     
      4      6      4      6  -2.15250000000000     
      2      6      5      6 -0.871500000000000     
      5      6      5      6  -2.15250000000000     
      1      7      1      7  -8.40180000000000     
      4      7      1      7  0.599520484429015     
      3      8      1      7  -1.03839993920936     
      2      9      1      7  -1.03839993920936     
      5      9      1      7   3.22438792377716     
      1     10      1      7  0.599520484429015     
      4     10      1      7  -3.72320247152905     
      3     11      1      7   3.22438792377716     
      2      7      2      7  -4.79955000000000     
      5      7      2      7  0.599520484429015     
      1      8      2      7  -3.60225000000000     
      4      8      2      7 -0.599520484429015     
      6      9      2      7   1.56132894760101     
      2     10      2      7 -0.599520484429015     
      5     10      2      7  0.300272288163518     
      1     11      2      7  0.599520484429015     
      4     11      2      7  -2.16187352392804     
      3     12      2      7   4.02347475969257     
      3      7      3      7  -6.94000000000000     
      1      9      3      7  -4.17120000000000     
      4      9      3      7 -0.435750000000000     
      3     10      3      7  0.435750000000000     
      1      7      4      7  0.599520484429015     
      4      7      4      7  -6.84743750000000     
      3      8      4      7 -0.160322952875593     
      2      9      4      7   1.18197312172010     
      5      9      4      7   1.38342321390394     
      1     10      4      7  -4.85361250000000     
      4     10      4      7  -2.03318952990124     
      3     11      4      7   2.13816435330208     
      2      7      5      7  0.599520484429015     
      5      7      5      7  -6.75487500000000     
      1      8      5      7  0.599520484429015     
      4      8      5      7 -0.185124999999999     
      6      9      5      7   2.83190929485185     
      2     10      5      7   1.36482500000000     
      5     10      5      7  -1.23446976495062     
      1     11      5      7  -5.53602500000000     
      4     11      5      7 -0.798719764950618     
      3     12      5      7   3.26765929485185     
      6      7      6      7  -6.66231250000000     
      2      8      6      7   1.03839993920936     
      5      8      6      7 -0.160322952875593     
      6     10      6      7   2.83190929485185     
      2     11      6      7   1.18197312172010     
      5     11      6      7  -3.52158756720602     
      1     12      6      7  -6.21843750000000     
      4     12      6      7   3.26765929485185     
      2      7      1      8  -3.60225000000000     
      5      7      1      8  0.599520484429015     
      1      8      1      8  -4.79955000000000     
      4      8      1      8 -0.599520484429015     
      6      9      1      8   4.02347475969257     
      2     10      1      8 -0.599520484429015     
      5     10      1      8  -2.16187352392804     
      1     11      1      8  0.599520484429015     
      4     11      1      8  0.300272288163518     
      3     12      1      8   1.56132894760101     
      6      7      2      8   1.03839993920936     
      2      8      2      8  -8.40180000000000     
      5      8      2      8 -0.599520484429015     
      6     10      2      8   3.22438792377716     
      2     11      2      8 -0.599520484429015     
      5     11      2      8  -3.72320247152905     
      1     12      2      8   1.03839993920936     
      4     12      2      8   3.22438792377716     
      1      7      3      8  -1.03839993920936     
      4      7      3      8 -0.160322952875593     
      3      8      3      8  -6.66231250000000     
      2      9      3      8  -6.21843750000000     
      5      9      3      8  -3.26765929485185     
      1     10      3      8   1.18197312172010     
      4     10      3      8   3.52158756720602     
      3     11      3      8  -2.83190929485185     
      2      7      4      8 -0.599520484429015     
      5      7      4      8 -0.185124999999999     
      1      8      4      8 -0.599520484429015     
      4      8      4      8  -6.75487500000000     
      6      9      4      8  -3.26765929485185     
      2     10      4      8  -5.53602500000000     
      5     10      4      8  0.798719764950618     
      1     11      4      8   1.36482500000000     
      4     11      4      8   1.23446976495062     
      3     12      4      8  -2.83190929485185     
      6      7      5      8 -0.160322952875593     
      2      8      5      8 -0.599520484429015     
      5      8      5      8  -6.84743750000000     
      6     10      5      8  -2.13816435330208     
      2     11      5      8  -4.85361250000000     
      5     11      5      8   2.03318952990124     
      1     12      5      8   1.18197312172010     
      4     12      5      8  -1.38342321390394     
      6      8      6      8  -6.94000000000000     
      6     11      6      8 -0.435750000000000     
      2     12      6      8  -4.17120000000000     
      5     12      6      8  0.435750000000000     
      7      8      7      8  -1.19730000000000     
      8     10      7      8  0.000000000000000E+000
      7     11      7      8  0.000000000000000E+000
     10     11      7      8   2.46214581209156     
      9     12      7      8  -2.46214581209156     
      3      7      1      9  -4.17120000000000     
      1      9      1      9  -6.94000000000000     
      4      9      1      9  0.435750000000000     
      3     10      1      9 -0.435750000000000     
      1      7      2      9  -1.03839993920936     
      4      7      2      9   1.18197312172010     
      3      8      2      9  -6.21843750000000     
      2      9      2      9  -6.66231250000000     
      5      9      2      9  -2.83190929485185     
      1     10      2      9 -0.160322952875593     
      4     10      2      9   3.52158756720602     
      3     11      2      9  -3.26765929485185     
      3      9      3      9  -11.1112000000000     
      3      7      4      9 -0.435750000000000     
      1      9      4      9  0.435750000000000     
      4      9      4      9  -6.63185000000000     
      3     10      4      9  -4.47934999999999     
      1      7      5      9   3.22438792377716     
      4      7      5      9   1.38342321390394     
      3      8      5      9  -3.26765929485185     
      2      9      5      9  -2.83190929485185     
      5      9      5      9  -5.36012000000000     
      1     10      5      9   2.13816435330208     
      4     10      5      9  -1.46846731567304     
      3     11      5      9  -3.20762000000000     
      2      7      6      9   1.56132894760101     
      5      7      6      9   2.83190929485185     
      1      8      6      9   4.02347475969257     
      4      8      6      9  -3.26765929485185     
      6      9      6      9  -5.10098000000000     
      2     10      6      9  -2.83190929485185     
      5     10      6      9 -0.259139999999998     
      1     11      6      9   3.26765929485185     
      4     11      6      9  -1.01259000000000     
      3     12      6      9  -2.19503000000000     
      7      9      7      9  -2.76880000000000     
      9     10      7      9 -0.871500000000000     
      8      9      8      9 -0.443875000000000     
      7     10      8      9  -1.34229607459569     
      9     11      8      9 -0.435750000000000     
      1      7      1     10  0.599520484429015     
      4      7      1     10  -4.85361250000000     
      3      8      1     10   1.18197312172010     
      2      9      1     10 -0.160322952875593     
      5      9      1     10   2.13816435330208     
      1     10      1     10  -6.84743750000000     
      4     10      1     10  -2.03318952990124     
      3     11      1     10   1.38342321390394     
      2      7      2     10 -0.599520484429015     
      5      7      2     10   1.36482500000000     
      1      8      2     10 -0.599520484429015     
      4      8      2     10  -5.53602500000000     
      6      9      2     10  -2.83190929485185     
      2     10      2     10  -6.75487500000000     
      5     10      2     10   1.23446976495062     
      1     11      2     10 -0.185124999999999     
      4     11      2     10  0.798719764950618     
      3     12      2     10  -3.26765929485185     
      3      7      3     10  0.435750000000000     
      1      9      3     10 -0.435750000000000     
      4      9      3     10  -4.47934999999999     
      3     10      3     10  -6.63184999999999     
      1      7      4     10  -3.72320247152905     
      4      7      4     10  -2.03318952990124     
      3      8      4     10   3.52158756720602     
      2      9      4     10   3.52158756720602     
      5      9      4     10  -1.46846731567304     
      1     10      4     10  -2.03318952990124     
      4     10      4     10  -9.41556000000000     
      3     11      4     10  -1.46846731567304     
      2      7      5     10  0.300272288163518     
      5      7      5     10  -1.23446976495062     
      1      8      5     10  -2.16187352392804     
      4      8      5     10  0.798719764950618     
      6      9      5     10 -0.259139999999998     
      2     10      5     10   1.23446976495062     
      5     10      5     10  -6.79662000000000     
      1     11      5     10 -0.798719764950618     
      4     11      5     10  -3.89067000000000     
      3     12      5     10  -1.01259000000000     
      6      7      6     10   2.83190929485185     
      2      8      6     10   3.22438792377716     
      5      8      6     10  -2.13816435330208     
      6     10      6     10  -5.36012000000000     
      2     11      6     10  -1.38342321390394     
      5     11      6     10  -1.46846731567304     
      1     12      6     10   3.26765929485185     
      4     12      6     10  -3.20762000000000     
      8      9      7     10  -1.34229607459569     
      7     10      7     10  -1.99382500000000     
      9     11      7     10 -0.754741139398139     
      7      8      8     10  0.000000000000000E+000
      8     10      8     10  -1.21885000000000     
      7     11      8     10  -1.54995000000000     
     10     11      8     10 -0.435750000000000     
      9     12      8     10 -0.435750000000000     
      7      9      9     10 -0.871500000000000     
      9     10      9     10  -2.15250000000000     
      2      7      1     11  0.599520484429015     
      5      7      1     11  -5.53602500000000     
      1      8      1     11  0.599520484429015     
      4      8      1     11   1.36482500000000     
      6      9      1     11   3.26765929485185     
      2     10      1     11 -0.185124999999999     
      5     10      1     11 -0.798719764950618     
      1     11      1     11  -6.75487500000000     
      4     11      1     11  -1.23446976495062     
      3     12      1     11   2.83190929485185     
      6      7      2     11   1.18197312172010     
      2      8      2     11 -0.599520484429015     
      5      8      2     11  -4.85361250000000     
      6     10      2     11  -1.38342321390394     
      2     11      2     11  -6.84743750000000     
      5     11      2     11   2.03318952990124     
      1     12      2     11 -0.160322952875593     
      4     12      2     11  -2.13816435330208     
      1      7      3     11   3.22438792377716     
      4      7      3     11   2.13816435330208     
      3      8      3     11  -2.83190929485185     
      2      9      3     11  -3.26765929485185     
      5      9      3     11  -3.20762000000000     
      1     10      3     11   1.38342321390394     
      4     10      3     11  -1.46846731567304     
      3     11      3     11  -5.36012000000000     
      2      7      4     11  -2.16187352392804     
      5      7      4     11 -0.798719764950618     
      1      8      4     11  0.300272288163518     
      4      8      4     11   1.23446976495062     
      6      9      4     11  -1.01259000000000     
      2     10      4     11  0.798719764950618     
      5     10      4     11  -3.89067000000000     
      1     11      4     11  -1.23446976495062     
      4     11      4     11  -6.79662000000000     
      3     12      4     11 -0.259139999999998     
      6      7      5     11  -3.52158756720602     
      2      8      5     11  -3.72320247152905     
      5      8      5     11   2.03318952990124     
      6     10      5     11  -1.46846731567304     
      2     11      5     11   2.03318952990124     
      5     11      5     11  -9.41556000000000     
      1     12      5     11  -3.52158756720602     
      4     12      5     11  -1.46846731567304     
      6      8      6     11 -0.435750000000000     
      6     11      6     11  -6.63185000000000     
      2     12      6     11  0.435750000000000     
      5     12      6     11  -4.47934999999999     
      7      8      7     11  0.000000000000000E+000
      8     10      7     11  -1.54995000000000     
      7     11      7     11  -1.21885000000000     
     10     11      7     11 -0.435750000000000     
      9     12      7     11 -0.435750000000000     
      8     11      8     11  -1.99382500000000     
      7     12      8     11  -1.34229607459569     
     10     12      8     11 -0.754741139398139     
      8      9      9     11 -0.435750000000000     
      7     10      9     11 -0.754741139398139     
      9     11      9     11  -2.15250000000000     
      7      8     10     11   2.46214581209156     
      8     10     10     11 -0.435750000000000     
      7     11     10     11 -0.435750000000000     
     10     11     10     11  -2.90595000000000     
      9     12     10     11  0.753450000000000     
      6      7      1     12  -6.21843750000000     
      2      8      1     12   1.03839993920936     
      5      8      1     12   1.18197312172010     
      6     10      1     12   3.26765929485185     
      2     11      1     12 -0.160322952875593     
      5     11      1     12  -3.52158756720602     
      1     12      1     12  -6.66231250000000     
      4     12      1     12   2.83190929485185     
      6      8      2     12  -4.17120000000000     
      6     11      2     12  0.435750000000000     
      2     12      2     12  -6.94000000000000     
      5     12      2     12 -0.435750000000000     
      2      7      3     12   4.02347475969257     
      5      7      3     12   3.26765929485185     
      1      8      3     12   1.56132894760101     
      4      8      3     12  -2.83190929485185     
      6      9      3     12  -2.19503000000000     
      2     10      3     12  -3.26765929485185     
      5     10      3     12  -1.01259000000000     
      1     11      3     12   2.83190929485185     
      4     11      3     12 -0.259139999999998     
      3     12      3     12  -5.10098000000000     
      6      7      4     12   3.26765929485185     
      2      8      4     12   3.22438792377716     
      5      8      4     12  -1.38342321390394     
      6     10      4     12  -3.20762000000000     
      2     11      4     12  -2.13816435330208     
      5     11      4     12  -1.46846731567304     
      1     12      4     12   2.83190929485185     
      4     12      4     12  -5.36012000000000     
      6      8      5     12  0.435750000000000     
      6     11      5     12  -4.47934999999999     
      2     12      5     12 -0.435750000000000     
      5     12      5     12  -6.63184999999999     
      6     12      6     12  -11.1112000000000     
      8     11      7     12  -1.34229607459569     
      7     12      7     12 -0.443875000000000     
     10     12      7     12 -0.435750000000000     
      8     12      8     12  -2.76880000000000     
     11     12      8     12 -0.871500000000000     
      7      8      9     12  -2.46214581209156     
      8     10      9     12 -0.435750000000000     
      7     11      9     12 -0.435750000000000     
     10     11      9     12  0.753450000000000     
      9     12      9     12  -2.90595000000000     
      8     11     10     12 -0.754741139398139     
      7     12     10     12 -0.435750000000000     
     10     12     10     12  -2.15250000000000     
      8     12     11     12 -0.871500000000000     
     11     12     11     12  -2.15250000000000     
