      1      1      1      1           2           0   6.23928002156499     
      1      1      1      1           0           0  -13.2013500000000     
      1      1      1      2           2           0  -2.07679987841872     
      1      1      2      1           2           0  -2.07679987841872     
      1      1      2      2           4           0  -8.99676306842720     
      1      1      2      2           2           0   5.92868898835015     
      1      2      1      1           2           0   2.07679987841872     
      1      2      1      2           2           0  0.506985692290721     
      1      2      1      2           0           0  -19.2365748171371     
      1      2      2      1           4           0   13.9048489638338     
      1      2      2      1           2           0  -6.04275720681120     
      1      2      2      2           4           0   10.3332459891516     
      1      2      2      2           2           0   4.37476832388677     
      2      1      1      1           2           0   2.07679987841872     
      2      1      1      2           4           0   13.9048489638338     
      2      1      1      2           2           0  -6.04275720681120     
      2      1      2      1           2           0  0.506985692290721     
      2      1      2      1           0           0  -19.2365748171371     
      2      1      2      2           4           0   10.3332459891516     
      2      1      2      2           2           0   4.37476832388677     
      2      2      1      1           4           0  -8.99676306842720     
      2      2      1      1           2           0   5.92868898835015     
      2      2      1      2           4           0  -10.3332459891516     
      2      2      1      2           2           0  -4.37476832388677     
      2      2      2      1           4           0  -10.3332459891516     
      2      2      2      1           2           0  -4.37476832388677     
      2      2      2      2           6           0   5.80750350032611     
      2      2      2      2           4           0  -9.43667643932439     
      2      2      2      2           2           0   11.1442400625031     
      2      2      2      2           0           0  -28.2041500000000     
      1      1      1      1           2           0   6.23928002156499     
      1      1      1      1           0           0  -13.2013500000000     
      1      1      1      2           2           0  -2.07679987841872     
      1      1      2      1           2           0  -2.07679987841872     
      1      1      2      2           4           0  -8.99676306842720     
      1      1      2      2           2           0   5.92868898835015     
      1      2      1      1           2           0   2.07679987841872     
      1      2      1      2           2           0  0.506985692290721     
      1      2      1      2           0           0  -19.2365748171371     
      1      2      2      1           4           0   13.9048489638338     
      1      2      2      1           2           0  -6.04275720681120     
      1      2      2      2           4           0   10.3332459891516     
      1      2      2      2           2           0   4.37476832388677     
      2      1      1      1           2           0   2.07679987841872     
      2      1      1      2           4           0   13.9048489638338     
      2      1      1      2           2           0  -6.04275720681120     
      2      1      2      1           2           0  0.506985692290721     
      2      1      2      1           0           0  -19.2365748171371     
      2      1      2      2           4           0   10.3332459891516     
      2      1      2      2           2           0   4.37476832388677     
      2      2      1      1           4           0  -8.99676306842720     
      2      2      1      1           2           0   5.92868898835015     
      2      2      1      2           4           0  -10.3332459891516     
      2      2      1      2           2           0  -4.37476832388677     
      2      2      2      1           4           0  -10.3332459891516     
      2      2      2      1           2           0  -4.37476832388677     
      2      2      2      2           6           0   5.80750350032611     
      2      2      2      2           4           0  -9.43667643932439     
      2      2      2      2           2           0   11.1442400625031     
      2      2      2      2           0           0  -28.2041500000000     
          60           6
   1   1   3   3   0   0   0   0-13.2014   1   1
   1   1   3   3   2   0   0   0  6.2393   1   1
   1   1   3   4   2   0   0   0 -2.0768   1   1
   1   1   4   3   2   0   0   0  2.0768   1   1
   1   1   4   4   0   0   0   0-19.2366   1   1
   1   1   4   4   2   0   0   0  0.5070   1   1
   1   2   3   3   2   0   0   0 -2.0768   1   1
   1   2   3   4   2   0   0   0  5.9287   1   1
   1   2   3   4   4   0   0   0 -8.9968   1   1
   1   2   4   3   2   0   0   0 -6.0428   1   1
   1   2   4   3   4   0   0   0 13.9048   1   1
   1   2   4   4   2   0   0   0  4.3748   1   1
   1   2   4   4   4   0   0   0 10.3332   1   1
   2   1   3   3   2   0   0   0  2.0768   1   1
   2   1   3   4   2   0   0   0 -6.0428   1   1
   2   1   3   4   4   0   0   0 13.9048   1   1
   2   1   4   3   2   0   0   0  5.9287   1   1
   2   1   4   3   4   0   0   0 -8.9968   1   1
   2   1   4   4   2   0   0   0 -4.3748   1   1
   2   1   4   4   4   0   0   0-10.3332   1   1
   2   2   3   3   0   0   0   0-19.2366   1   1
   2   2   3   3   2   0   0   0  0.5070   1   1
   2   2   3   4   2   0   0   0  4.3748   1   1
   2   2   3   4   4   0   0   0 10.3332   1   1
   2   2   4   3   2   0   0   0 -4.3748   1   1
   2   2   4   3   4   0   0   0-10.3332   1   1
   2   2   4   4   0   0   0   0-28.2042   1   1
   2   2   4   4   2   0   0   0 11.1442   1   1
   2   2   4   4   4   0   0   0 -9.4367   1   1
   2   2   4   4   6   0   0   0  5.8075   1   1
   3   3   1   1   0   0   0   0-13.2014   1   1
   3   3   1   1   2   0   0   0  6.2393   1   1
   3   3   1   2   2   0   0   0 -2.0768   1   1
   3   3   2   1   2   0   0   0  2.0768   1   1
   3   3   2   2   0   0   0   0-19.2366   1   1
   3   3   2   2   2   0   0   0  0.5070   1   1
   3   4   1   1   2   0   0   0 -2.0768   1   1
   3   4   1   2   2   0   0   0  5.9287   1   1
   3   4   1   2   4   0   0   0 -8.9968   1   1
   3   4   2   1   2   0   0   0 -6.0428   1   1
   3   4   2   1   4   0   0   0 13.9048   1   1
   3   4   2   2   2   0   0   0  4.3748   1   1
   3   4   2   2   4   0   0   0 10.3332   1   1
   4   3   1   1   2   0   0   0  2.0768   1   1
   4   3   1   2   2   0   0   0 -6.0428   1   1
   4   3   1   2   4   0   0   0 13.9048   1   1
   4   3   2   1   2   0   0   0  5.9287   1   1
   4   3   2   1   4   0   0   0 -8.9968   1   1
   4   3   2   2   2   0   0   0 -4.3748   1   1
   4   3   2   2   4   0   0   0-10.3332   1   1
   4   4   1   1   0   0   0   0-19.2366   1   1
   4   4   1   1   2   0   0   0  0.5070   1   1
   4   4   1   2   2   0   0   0  4.3748   1   1
   4   4   1   2   4   0   0   0 10.3332   1   1
   4   4   2   1   2   0   0   0 -4.3748   1   1
   4   4   2   1   4   0   0   0-10.3332   1   1
   4   4   2   2   0   0   0   0-28.2042   1   1
   4   4   2   2   2   0   0   0 11.1442   1   1
   4   4   2   2   4   0   0   0 -9.4367   1   1
   4   4   2   2   6   0   0   0  5.8075   1   1
