      1      2      1      2  -1.11110000000000     
      2      4      1      2  0.000000000000000E+000
      1      5      1      2  0.000000000000000E+000
      4      5      1      2   2.82008326472819     
      3      6      1      2  -2.82008326472819     
      1      3      1      3  -3.24640000000000     
      3      4      1      3  -1.61000000000000     
      2      3      2      3 -0.199450000000000     
      1      4      2      3  -1.75915740270733     
      3      5      2      3 -0.805000000000000     
      2      3      1      4  -1.75915740270733     
      1      4      1      4  -2.23075000000000     
      3      5      1      4  -1.39430090009295     
      1      2      2      4  0.000000000000000E+000
      2      4      2      4  -1.21510000000000     
      1      5      2      4  -2.03130000000000     
      4      5      2      4 -0.805000000000000     
      3      6      2      4 -0.805000000000000     
      1      3      3      4  -1.61000000000000     
      3      4      3      4  -2.10800000000000     
      1      2      1      5  0.000000000000000E+000
      2      4      1      5  -2.03130000000000     
      1      5      1      5  -1.21510000000000     
      4      5      1      5 -0.805000000000000     
      3      6      1      5 -0.805000000000000     
      2      5      2      5  -2.23075000000000     
      1      6      2      5  -1.75915740270733     
      4      6      2      5  -1.39430090009295     
      2      3      3      5 -0.805000000000000     
      1      4      3      5  -1.39430090009295     
      3      5      3      5  -2.10800000000000     
      1      2      4      5   2.82008326472819     
      2      4      4      5 -0.805000000000000     
      1      5      4      5 -0.805000000000000     
      4      5      4      5  -3.01960000000000     
      3      6      4      5  0.911600000000000     
      2      5      1      6  -1.75915740270733     
      1      6      1      6 -0.199450000000000     
      4      6      1      6 -0.805000000000000     
      2      6      2      6  -3.24640000000000     
      5      6      2      6  -1.61000000000000     
      1      2      3      6  -2.82008326472819     
      2      4      3      6 -0.805000000000000     
      1      5      3      6 -0.805000000000000     
      4      5      3      6  0.911600000000000     
      3      6      3      6  -3.01960000000000     
      2      5      4      6  -1.39430090009295     
      1      6      4      6 -0.805000000000000     
      4      6      4      6  -2.10800000000000     
      2      6      5      6  -1.61000000000000     
      5      6      5      6  -2.10800000000000     
      1      7      1      7  -8.67640000000000     
      4      7      1      7  6.109402589451773E-002
      3      8      1      7 -0.105817956888233     
      2      9      1      7 -0.105817956888233     
      5      9      1      7   1.86001103303179     
      1     10      1      7  6.109402589451773E-002
      4     10      1      7  -2.14775574123316     
      3     11      1      7   1.86001103303179     
      2      7      2      7  -4.89375000000000     
      5      7      2      7  6.109402589451773E-002
      1      8      2      7  -3.78265000000000     
      4      8      2      7 -6.109402589451773E-002
      6      9      2      7  0.200775173560776     
      2     10      2      7 -6.109402589451773E-002
      5     10      2      7  0.873102697055805     
      1     11      2      7  6.109402589451773E-002
      4     11      2      7  -1.94698056767239     
      3     12      2      7   3.02085843828897     
      3      7      3      7  -6.54155000000000     
      1      9      3      7  -3.29515000000000     
      4      9      3      7 -0.805000000000000     
      3     10      3      7  0.805000000000000     
      1      7      4      7  6.109402589451773E-002
      4      7      4      7  -6.50587500000000     
      3      8      4      7 -6.179091256001878E-002
      2      9      4      7   1.69736649014731     
      5      9      4      7  0.565171011982911     
      1     10      4      7  -4.27512500000000     
      4     10      4      7  -1.45760327181301     
      3     11      4      7   1.95947191207586     
      2      7      5      7  6.109402589451773E-002
      5      7      5      7  -6.47020000000000     
      1      8      5      7  6.109402589451773E-002
      4      8      5      7 -7.134999999999836E-002
      6      9      5      7   1.78390490771952     
      2     10      5      7   1.95995000000000     
      5     10      5      7  -1.13130163590651     
      1     11      5      7  -5.25510000000000     
      4     11      5      7 -0.326301635906507     
      3     12      5      7   2.58890490771952     
      6      7      6      7  -6.43452500000000     
      2      8      6      7  0.105817956888233     
      5      8      6      7 -6.179091256001890E-002
      6     10      6      7   1.78390490771952     
      2     11      6      7   1.69736649014731     
      5     11      6      7  -2.52464292405877     
      1     12      6      7  -6.23507500000000     
      4     12      6      7   2.58890490771952     
      2      7      1      8  -3.78265000000000     
      5      7      1      8  6.109402589451773E-002
      1      8      1      8  -4.89375000000000     
      4      8      1      8 -6.109402589451773E-002
      6      9      1      8   3.02085843828897     
      2     10      1      8 -6.109402589451773E-002
      5     10      1      8  -1.94698056767239     
      1     11      1      8  6.109402589451773E-002
      4     11      1      8  0.873102697055805     
      3     12      1      8  0.200775173560776     
      6      7      2      8  0.105817956888233     
      2      8      2      8  -8.67640000000000     
      5      8      2      8 -6.109402589451773E-002
      6     10      2      8   1.86001103303179     
      2     11      2      8 -6.109402589451773E-002
      5     11      2      8  -2.14775574123316     
      1     12      2      8  0.105817956888233     
      4     12      2      8   1.86001103303179     
      1      7      3      8 -0.105817956888233     
      4      7      3      8 -6.179091256001890E-002
      3      8      3      8  -6.43452500000000     
      2      9      3      8  -6.23507500000000     
      5      9      3      8  -2.58890490771952     
      1     10      3      8   1.69736649014731     
      4     10      3      8   2.52464292405877     
      3     11      3      8  -1.78390490771952     
      2      7      4      8 -6.109402589451773E-002
      5      7      4      8 -7.134999999999836E-002
      1      8      4      8 -6.109402589451773E-002
      4      8      4      8  -6.47020000000000     
      6      9      4      8  -2.58890490771952     
      2     10      4      8  -5.25510000000000     
      5     10      4      8  0.326301635906507     
      1     11      4      8   1.95995000000000     
      4     11      4      8   1.13130163590651     
      3     12      4      8  -1.78390490771952     
      6      7      5      8 -6.179091256001878E-002
      2      8      5      8 -6.109402589451773E-002
      5      8      5      8  -6.50587500000000     
      6     10      5      8  -1.95947191207586     
      2     11      5      8  -4.27512500000000     
      5     11      5      8   1.45760327181301     
      1     12      5      8   1.69736649014731     
      4     12      5      8 -0.565171011982911     
      6      8      6      8  -6.54155000000000     
      6     11      6      8 -0.805000000000000     
      2     12      6      8  -3.29515000000000     
      5     12      6      8  0.805000000000000     
      7      8      7      8  -1.11110000000000     
      8     10      7      8  0.000000000000000E+000
      7     11      7      8  0.000000000000000E+000
     10     11      7      8   2.82008326472819     
      9     12      7      8  -2.82008326472819     
      3      7      1      9  -3.29515000000000     
      1      9      1      9  -6.54155000000000     
      4      9      1      9  0.805000000000000     
      3     10      1      9 -0.805000000000000     
      1      7      2      9 -0.105817956888233     
      4      7      2      9   1.69736649014731     
      3      8      2      9  -6.23507500000000     
      2      9      2      9  -6.43452500000000     
      5      9      2      9  -1.78390490771952     
      1     10      2      9 -6.179091256001890E-002
      4     10      2      9   2.52464292405877     
      3     11      2      9  -2.58890490771952     
      3      9      3      9  -9.83670000000000     
      3      7      4      9 -0.805000000000000     
      1      9      4      9  0.805000000000000     
      4      9      4      9  -5.97235000000000     
      3     10      4      9  -3.86435000000000     
      1      7      5      9   1.86001103303179     
      4      7      5      9  0.565171011982911     
      3      8      5      9  -2.58890490771952     
      2      9      5      9  -1.78390490771952     
      5      9      5      9  -5.84278000000000     
      1     10      5      9   1.95947191207586     
      4     10      5      9 -0.149614548757796     
      3     11      5      9  -3.73478000000000     
      2      7      6      9  0.200775173560776     
      5      7      6      9   1.78390490771952     
      1      8      6      9   3.02085843828897     
      4      8      6      9  -2.58890490771952     
      6      9      6      9  -6.23379500000000     
      2     10      6      9  -1.78390490771952     
      5     10      6      9  0.391015000000003     
      1     11      6      9   2.58890490771952     
      4     11      6      9 -0.520584999999998     
      3     12      6      9  -3.21419500000000     
      7      9      7      9  -3.24640000000000     
      9     10      7      9  -1.61000000000000     
      8      9      8      9 -0.199450000000000     
      7     10      8      9  -1.75915740270733     
      9     11      8      9 -0.805000000000000     
      1      7      1     10  6.109402589451773E-002
      4      7      1     10  -4.27512500000000     
      3      8      1     10   1.69736649014731     
      2      9      1     10 -6.179091256001878E-002
      5      9      1     10   1.95947191207586     
      1     10      1     10  -6.50587500000000     
      4     10      1     10  -1.45760327181301     
      3     11      1     10  0.565171011982911     
      2      7      2     10 -6.109402589451773E-002
      5      7      2     10   1.95995000000000     
      1      8      2     10 -6.109402589451773E-002
      4      8      2     10  -5.25510000000000     
      6      9      2     10  -1.78390490771952     
      2     10      2     10  -6.47020000000000     
      5     10      2     10   1.13130163590651     
      1     11      2     10 -7.134999999999836E-002
      4     11      2     10  0.326301635906507     
      3     12      2     10  -2.58890490771952     
      3      7      3     10  0.805000000000000     
      1      9      3     10 -0.805000000000000     
      4      9      3     10  -3.86435000000000     
      3     10      3     10  -5.97235000000000     
      1      7      4     10  -2.14775574123316     
      4      7      4     10  -1.45760327181301     
      3      8      4     10   2.52464292405877     
      2      9      4     10   2.52464292405877     
      5      9      4     10 -0.149614548757795     
      1     10      4     10  -1.45760327181301     
      4     10      4     10  -9.66394000000000     
      3     11      4     10 -0.149614548757795     
      2      7      5     10  0.873102697055805     
      5      7      5     10  -1.13130163590651     
      1      8      5     10  -1.94698056767239     
      4      8      5     10  0.326301635906507     
      6      9      5     10  0.391015000000003     
      2     10      5     10   1.13130163590651     
      5     10      5     10  -6.40655500000000     
      1     11      5     10 -0.326301635906507     
      4     11      5     10  -3.38695500000000     
      3     12      5     10 -0.520584999999998     
      6      7      6     10   1.78390490771952     
      2      8      6     10   1.86001103303179     
      5      8      6     10  -1.95947191207586     
      6     10      6     10  -5.84278000000000     
      2     11      6     10 -0.565171011982911     
      5     11      6     10 -0.149614548757796     
      1     12      6     10   2.58890490771952     
      4     12      6     10  -3.73478000000000     
      8      9      7     10  -1.75915740270733     
      7     10      7     10  -2.23075000000000     
      9     11      7     10  -1.39430090009295     
      7      8      8     10  0.000000000000000E+000
      8     10      8     10  -1.21510000000000     
      7     11      8     10  -2.03130000000000     
     10     11      8     10 -0.805000000000000     
      9     12      8     10 -0.805000000000000     
      7      9      9     10  -1.61000000000000     
      9     10      9     10  -2.10800000000000     
      2      7      1     11  6.109402589451773E-002
      5      7      1     11  -5.25510000000000     
      1      8      1     11  6.109402589451773E-002
      4      8      1     11   1.95995000000000     
      6      9      1     11   2.58890490771952     
      2     10      1     11 -7.134999999999836E-002
      5     10      1     11 -0.326301635906507     
      1     11      1     11  -6.47020000000000     
      4     11      1     11  -1.13130163590651     
      3     12      1     11   1.78390490771952     
      6      7      2     11   1.69736649014731     
      2      8      2     11 -6.109402589451773E-002
      5      8      2     11  -4.27512500000000     
      6     10      2     11 -0.565171011982911     
      2     11      2     11  -6.50587500000000     
      5     11      2     11   1.45760327181301     
      1     12      2     11 -6.179091256001878E-002
      4     12      2     11  -1.95947191207586     
      1      7      3     11   1.86001103303179     
      4      7      3     11   1.95947191207586     
      3      8      3     11  -1.78390490771952     
      2      9      3     11  -2.58890490771952     
      5      9      3     11  -3.73478000000000     
      1     10      3     11  0.565171011982911     
      4     10      3     11 -0.149614548757796     
      3     11      3     11  -5.84278000000000     
      2      7      4     11  -1.94698056767239     
      5      7      4     11 -0.326301635906507     
      1      8      4     11  0.873102697055805     
      4      8      4     11   1.13130163590651     
      6      9      4     11 -0.520584999999998     
      2     10      4     11  0.326301635906507     
      5     10      4     11  -3.38695500000000     
      1     11      4     11  -1.13130163590651     
      4     11      4     11  -6.40655500000000     
      3     12      4     11  0.391015000000003     
      6      7      5     11  -2.52464292405877     
      2      8      5     11  -2.14775574123316     
      5      8      5     11   1.45760327181301     
      6     10      5     11 -0.149614548757795     
      2     11      5     11   1.45760327181301     
      5     11      5     11  -9.66394000000000     
      1     12      5     11  -2.52464292405877     
      4     12      5     11 -0.149614548757795     
      6      8      6     11 -0.805000000000000     
      6     11      6     11  -5.97235000000000     
      2     12      6     11  0.805000000000000     
      5     12      6     11  -3.86435000000000     
      7      8      7     11  0.000000000000000E+000
      8     10      7     11  -2.03130000000000     
      7     11      7     11  -1.21510000000000     
     10     11      7     11 -0.805000000000000     
      9     12      7     11 -0.805000000000000     
      8     11      8     11  -2.23075000000000     
      7     12      8     11  -1.75915740270733     
     10     12      8     11  -1.39430090009295     
      8      9      9     11 -0.805000000000000     
      7     10      9     11  -1.39430090009295     
      9     11      9     11  -2.10800000000000     
      7      8     10     11   2.82008326472819     
      8     10     10     11 -0.805000000000000     
      7     11     10     11 -0.805000000000000     
     10     11     10     11  -3.01960000000000     
      9     12     10     11  0.911600000000000     
      6      7      1     12  -6.23507500000000     
      2      8      1     12  0.105817956888233     
      5      8      1     12   1.69736649014731     
      6     10      1     12   2.58890490771952     
      2     11      1     12 -6.179091256001890E-002
      5     11      1     12  -2.52464292405877     
      1     12      1     12  -6.43452500000000     
      4     12      1     12   1.78390490771952     
      6      8      2     12  -3.29515000000000     
      6     11      2     12  0.805000000000000     
      2     12      2     12  -6.54155000000000     
      5     12      2     12 -0.805000000000000     
      2      7      3     12   3.02085843828897     
      5      7      3     12   2.58890490771952     
      1      8      3     12  0.200775173560776     
      4      8      3     12  -1.78390490771952     
      6      9      3     12  -3.21419500000000     
      2     10      3     12  -2.58890490771952     
      5     10      3     12 -0.520584999999998     
      1     11      3     12   1.78390490771952     
      4     11      3     12  0.391015000000003     
      3     12      3     12  -6.23379500000000     
      6      7      4     12   2.58890490771952     
      2      8      4     12   1.86001103303179     
      5      8      4     12 -0.565171011982911     
      6     10      4     12  -3.73478000000000     
      2     11      4     12  -1.95947191207586     
      5     11      4     12 -0.149614548757796     
      1     12      4     12   1.78390490771952     
      4     12      4     12  -5.84278000000000     
      6      8      5     12  0.805000000000000     
      6     11      5     12  -3.86435000000000     
      2     12      5     12 -0.805000000000000     
      5     12      5     12  -5.97235000000000     
      6     12      6     12  -9.83670000000000     
      8     11      7     12  -1.75915740270733     
      7     12      7     12 -0.199450000000000     
     10     12      7     12 -0.805000000000000     
      8     12      8     12  -3.24640000000000     
     11     12      8     12  -1.61000000000000     
      7      8      9     12  -2.82008326472819     
      8     10      9     12 -0.805000000000000     
      7     11      9     12 -0.805000000000000     
     10     11      9     12  0.911600000000000     
      9     12      9     12  -3.01960000000000     
      8     11     10     12  -1.39430090009295     
      7     12     10     12 -0.805000000000000     
     10     12     10     12  -2.10800000000000     
      8     12     11     12  -1.61000000000000     
     11     12     11     12  -2.10800000000000     
