 ! Total Interaction
  20
   1   1   1   1     1     0  -8.6764
   1   2   1   1     1     0  -0.1728
   2   2   1   1     1     0   3.3959
   1   1   1   2     1     0  -0.1728
   1   2   1   2     1     0 -13.6139
   2   2   1   2     1     0  -6.5186
   1   1   2   2     1     0   3.3959
   1   2   2   2     1     0  -6.5186
   2   2   2   2     1     0  -9.4048
   1   2   1   2     2     0  -9.8367
   2   2   2   2     3     0  -9.8367
   1   1   1   1     0     1  -1.1111
   2   2   1   1     0     1  -3.9882
   1   1   2   2     0     1  -3.9882
   2   2   2   2     0     1  -3.9312
   1   2   1   2     1     1   0.8162
   1   2   1   2     2     1  -3.2464
   2   2   1   2     2     1   1.6100
   1   2   2   2     2     1   1.6100
   2   2   2   2     2     1  -2.1080
