      1      1      1      1           2           0   6.55174198725041     
      1      1      1      1           0           0  -13.5701500000000     
      1      1      1      2           2           0 -0.211635913776467     
      1      1      2      1           2           0 -0.211635913776467     
      1      1      2      2           4           0  -6.75484481841798     
      1      1      2      2           2           0   2.20776383453752     
      1      2      1      1           2           0  0.211635913776467     
      1      2      1      2           2           0  0.195400022389971     
      1      2      1      2           0           0  -18.3509412513705     
      1      2      2      1           4           0   13.9420515448095     
      1      2      2      1           2           0  -4.01000072841328     
      1      2      2      2           4           0   8.18683615398172     
      1      2      2      2           2           0   1.78722766536831     
      2      1      1      1           2           0  0.211635913776467     
      2      1      1      2           4           0   13.9420515448095     
      2      1      1      2           2           0  -4.01000072841328     
      2      1      2      1           2           0  0.195400022389971     
      2      1      2      1           0           0  -18.3509412513705     
      2      1      2      2           4           0   8.18683615398172     
      2      1      2      2           2           0   1.78722766536831     
      2      2      1      1           4           0  -6.75484481841798     
      2      2      1      1           2           0   2.20776383453752     
      2      2      1      2           4           0  -8.18683615398172     
      2      2      1      2           2           0  -1.78722766536831     
      2      2      2      1           4           0  -8.18683615398172     
      2      2      2      1           2           0  -1.78722766536831     
      2      2      2      2           6           0   8.50396063526726     
      2      2      2      2           4           0  -9.51528540907340     
      2      2      2      2           2           0   6.31522178922285     
      2      2      2      2           0           0  -27.8856250000000     
      1      1      1      1           2           0   6.55174198725041     
      1      1      1      1           0           0  -13.5701500000000     
      1      1      1      2           2           0 -0.211635913776467     
      1      1      2      1           2           0 -0.211635913776467     
      1      1      2      2           4           0  -6.75484481841798     
      1      1      2      2           2           0   2.20776383453752     
      1      2      1      1           2           0  0.211635913776467     
      1      2      1      2           2           0  0.195400022389971     
      1      2      1      2           0           0  -18.3509412513705     
      1      2      2      1           4           0   13.9420515448095     
      1      2      2      1           2           0  -4.01000072841328     
      1      2      2      2           4           0   8.18683615398172     
      1      2      2      2           2           0   1.78722766536831     
      2      1      1      1           2           0  0.211635913776467     
      2      1      1      2           4           0   13.9420515448095     
      2      1      1      2           2           0  -4.01000072841328     
      2      1      2      1           2           0  0.195400022389971     
      2      1      2      1           0           0  -18.3509412513705     
      2      1      2      2           4           0   8.18683615398172     
      2      1      2      2           2           0   1.78722766536831     
      2      2      1      1           4           0  -6.75484481841798     
      2      2      1      1           2           0   2.20776383453752     
      2      2      1      2           4           0  -8.18683615398172     
      2      2      1      2           2           0  -1.78722766536831     
      2      2      2      1           4           0  -8.18683615398172     
      2      2      2      1           2           0  -1.78722766536831     
      2      2      2      2           6           0   8.50396063526726     
      2      2      2      2           4           0  -9.51528540907340     
      2      2      2      2           2           0   6.31522178922285     
      2      2      2      2           0           0  -27.8856250000000     
          60           6
   1   1   3   3   0   0   0   0-13.5701   1   1
   1   1   3   3   2   0   0   0  6.5517   1   1
   1   1   3   4   2   0   0   0 -0.2116   1   1
   1   1   4   3   2   0   0   0  0.2116   1   1
   1   1   4   4   0   0   0   0-18.3509   1   1
   1   1   4   4   2   0   0   0  0.1954   1   1
   1   2   3   3   2   0   0   0 -0.2116   1   1
   1   2   3   4   2   0   0   0  2.2078   1   1
   1   2   3   4   4   0   0   0 -6.7548   1   1
   1   2   4   3   2   0   0   0 -4.0100   1   1
   1   2   4   3   4   0   0   0 13.9421   1   1
   1   2   4   4   2   0   0   0  1.7872   1   1
   1   2   4   4   4   0   0   0  8.1868   1   1
   2   1   3   3   2   0   0   0  0.2116   1   1
   2   1   3   4   2   0   0   0 -4.0100   1   1
   2   1   3   4   4   0   0   0 13.9421   1   1
   2   1   4   3   2   0   0   0  2.2078   1   1
   2   1   4   3   4   0   0   0 -6.7548   1   1
   2   1   4   4   2   0   0   0 -1.7872   1   1
   2   1   4   4   4   0   0   0 -8.1868   1   1
   2   2   3   3   0   0   0   0-18.3509   1   1
   2   2   3   3   2   0   0   0  0.1954   1   1
   2   2   3   4   2   0   0   0  1.7872   1   1
   2   2   3   4   4   0   0   0  8.1868   1   1
   2   2   4   3   2   0   0   0 -1.7872   1   1
   2   2   4   3   4   0   0   0 -8.1868   1   1
   2   2   4   4   0   0   0   0-27.8856   1   1
   2   2   4   4   2   0   0   0  6.3152   1   1
   2   2   4   4   4   0   0   0 -9.5153   1   1
   2   2   4   4   6   0   0   0  8.5040   1   1
   3   3   1   1   0   0   0   0-13.5701   1   1
   3   3   1   1   2   0   0   0  6.5517   1   1
   3   3   1   2   2   0   0   0 -0.2116   1   1
   3   3   2   1   2   0   0   0  0.2116   1   1
   3   3   2   2   0   0   0   0-18.3509   1   1
   3   3   2   2   2   0   0   0  0.1954   1   1
   3   4   1   1   2   0   0   0 -0.2116   1   1
   3   4   1   2   2   0   0   0  2.2078   1   1
   3   4   1   2   4   0   0   0 -6.7548   1   1
   3   4   2   1   2   0   0   0 -4.0100   1   1
   3   4   2   1   4   0   0   0 13.9421   1   1
   3   4   2   2   2   0   0   0  1.7872   1   1
   3   4   2   2   4   0   0   0  8.1868   1   1
   4   3   1   1   2   0   0   0  0.2116   1   1
   4   3   1   2   2   0   0   0 -4.0100   1   1
   4   3   1   2   4   0   0   0 13.9421   1   1
   4   3   2   1   2   0   0   0  2.2078   1   1
   4   3   2   1   4   0   0   0 -6.7548   1   1
   4   3   2   2   2   0   0   0 -1.7872   1   1
   4   3   2   2   4   0   0   0 -8.1868   1   1
   4   4   1   1   0   0   0   0-18.3509   1   1
   4   4   1   1   2   0   0   0  0.1954   1   1
   4   4   1   2   2   0   0   0  1.7872   1   1
   4   4   1   2   4   0   0   0  8.1868   1   1
   4   4   2   1   2   0   0   0 -1.7872   1   1
   4   4   2   1   4   0   0   0 -8.1868   1   1
   4   4   2   2   0   0   0   0-27.8856   1   1
   4   4   2   2   2   0   0   0  6.3152   1   1
   4   4   2   2   4   0   0   0 -9.5153   1   1
   4   4   2   2   6   0   0   0  8.5040   1   1
