      1      2      1      2  -1.21990000000000     
      2      4      1      2  0.000000000000000E+000
      1      5      1      2  0.000000000000000E+000
      4      5      1      2   2.38266700988619     
      3      6      1      2  -2.38266700988619     
      1      3      1      3  -2.68020000000000     
      3      4      1      3 -0.855200000000000     
      2      3      2      3 -0.456375000000000     
      1      4      2      3  -1.28392596238062     
      3      5      2      3 -0.427600000000000     
      2      3      1      4  -1.28392596238062     
      1      4      1      4  -1.93892500000000     
      3      5      1      4 -0.740624925316452     
      1      2      2      4  0.000000000000000E+000
      2      4      2      4  -1.19765000000000     
      1      5      2      4  -1.48255000000000     
      4      5      2      4 -0.427600000000000     
      3      6      2      4 -0.427600000000000     
      1      3      3      4 -0.855200000000000     
      3      4      3      4  -2.07550000000000     
      1      2      1      5  0.000000000000000E+000
      2      4      1      5  -1.48255000000000     
      1      5      1      5  -1.19765000000000     
      4      5      1      5 -0.427600000000000     
      3      6      1      5 -0.427600000000000     
      2      5      2      5  -1.93892500000000     
      1      6      2      5  -1.28392596238062     
      4      6      2      5 -0.740624925316452     
      2      3      3      5 -0.427600000000000     
      1      4      3      5 -0.740624925316452     
      3      5      3      5  -2.07550000000000     
      1      2      4      5   2.38266700988619     
      2      4      4      5 -0.427600000000000     
      1      5      4      5 -0.427600000000000     
      4      5      4      5  -2.83900000000000     
      3      6      4      5  0.763500000000000     
      2      5      1      6  -1.28392596238062     
      1      6      1      6 -0.456375000000000     
      4      6      1      6 -0.427600000000000     
      2      6      2      6  -2.68020000000000     
      5      6      2      6 -0.855200000000000     
      1      2      3      6  -2.38266700988619     
      2      4      3      6 -0.427600000000000     
      1      5      3      6 -0.427600000000000     
      4      5      3      6  0.763500000000000     
      3      6      3      6  -2.83900000000000     
      2      5      4      6 -0.740624925316452     
      1      6      4      6 -0.427600000000000     
      4      6      4      6  -2.07550000000000     
      2      6      5      6 -0.855200000000000     
      5      6      5      6  -2.07550000000000     
      1      7      1      7  -7.36290000000000     
      4      7      1      7  0.588524973981564     
      3      8      1      7  -1.01935515645922     
      2      9      1      7  -1.01935515645922     
      5      9      1      7   2.91591057939025     
      1     10      1      7  0.588524973981564     
      4     10      1      7  -3.36700351588768     
      3     11      1      7   2.91591057939025     
      2      7      2      7  -4.29140000000000     
      5      7      2      7  0.588524973981564     
      1      8      2      7  -3.07150000000000     
      4      8      2      7 -0.588524973981564     
      6      9      2      7   1.33391913197267     
      2     10      2      7 -0.588524973981564     
      5     10      2      7  0.349582625971175     
      1     11      2      7  0.588524973981564     
      4     11      2      7  -2.03308438391502     
      3     12      2      7   3.71658614185886     
      3      7      3      7  -6.27945000000000     
      1      9      3      7  -3.59925000000000     
      4      9      3      7 -0.427600000000000     
      3     10      3      7  0.427600000000000     
      1      7      4      7  0.588524973981564     
      4      7      4      7  -6.12633750000000     
      3      8      4      7 -0.265198629273889     
      2      9      4      7   1.01872733310673     
      5      9      4      7   1.18186307300132     
      1     10      4      7  -4.18741250000000     
      4     10      4      7  -1.79229792668518     
      3     11      4      7   1.92248799831777     
      2      7      5      7  0.588524973981564     
      5      7      5      7  -5.97322500000000     
      1      8      5      7  0.588524973981564     
      4      8      5      7 -0.306224999999999     
      6      9      5      7   2.47464689002777     
      2     10      5      7   1.17632500000000     
      5     10      5      7  -1.10994896334259     
      1     11      5      7  -4.77557500000000     
      4     11      5      7 -0.682348963342591     
      3     12      5      7   2.90224689002777     
      6      7      6      7  -5.82011250000000     
      2      8      6      7   1.01935515645922     
      5      8      6      7 -0.265198629273889     
      6     10      6      7   2.47464689002777     
      2     11      6      7   1.01872733310673     
      5     11      6      7  -3.10435107131910     
      1     12      6      7  -5.36373750000000     
      4     12      6      7   2.90224689002777     
      2      7      1      8  -3.07150000000000     
      5      7      1      8  0.588524973981564     
      1      8      1      8  -4.29140000000000     
      4      8      1      8 -0.588524973981564     
      6      9      1      8   3.71658614185886     
      2     10      1      8 -0.588524973981564     
      5     10      1      8  -2.03308438391502     
      1     11      1      8  0.588524973981564     
      4     11      1      8  0.349582625971175     
      3     12      1      8   1.33391913197267     
      6      7      2      8   1.01935515645922     
      2      8      2      8  -7.36290000000000     
      5      8      2      8 -0.588524973981564     
      6     10      2      8   2.91591057939025     
      2     11      2      8 -0.588524973981564     
      5     11      2      8  -3.36700351588768     
      1     12      2      8   1.01935515645922     
      4     12      2      8   2.91591057939025     
      1      7      3      8  -1.01935515645922     
      4      7      3      8 -0.265198629273889     
      3      8      3      8  -5.82011250000000     
      2      9      3      8  -5.36373750000000     
      5      9      3      8  -2.90224689002777     
      1     10      3      8   1.01872733310673     
      4     10      3      8   3.10435107131910     
      3     11      3      8  -2.47464689002777     
      2      7      4      8 -0.588524973981564     
      5      7      4      8 -0.306224999999999     
      1      8      4      8 -0.588524973981564     
      4      8      4      8  -5.97322500000000     
      6      9      4      8  -2.90224689002777     
      2     10      4      8  -4.77557500000000     
      5     10      4      8  0.682348963342591     
      1     11      4      8   1.17632500000000     
      4     11      4      8   1.10994896334259     
      3     12      4      8  -2.47464689002777     
      6      7      5      8 -0.265198629273889     
      2      8      5      8 -0.588524973981564     
      5      8      5      8  -6.12633750000000     
      6     10      5      8  -1.92248799831777     
      2     11      5      8  -4.18741250000000     
      5     11      5      8   1.79229792668518     
      1     12      5      8   1.01872733310673     
      4     12      5      8  -1.18186307300132     
      6      8      6      8  -6.27945000000000     
      6     11      6      8 -0.427600000000000     
      2     12      6      8  -3.59925000000000     
      5     12      6      8  0.427600000000000     
      7      8      7      8  -1.21990000000000     
      8     10      7      8  0.000000000000000E+000
      7     11      7      8  0.000000000000000E+000
     10     11      7      8   2.38266700988619     
      9     12      7      8  -2.38266700988619     
      3      7      1      9  -3.59925000000000     
      1      9      1      9  -6.27945000000000     
      4      9      1      9  0.427600000000000     
      3     10      1      9 -0.427600000000000     
      1      7      2      9  -1.01935515645922     
      4      7      2      9   1.01872733310673     
      3      8      2      9  -5.36373750000000     
      2      9      2      9  -5.82011250000000     
      5      9      2      9  -2.47464689002777     
      1     10      2      9 -0.265198629273889     
      4     10      2      9   3.10435107131910     
      3     11      2      9  -2.90224689002777     
      3      9      3      9  -9.87870000000000     
      3      7      4      9 -0.427600000000000     
      1      9      4      9  0.427600000000000     
      4      9      4      9  -5.97710000000000     
      3     10      4      9  -3.90159999999999     
      1      7      5      9   2.91591057939025     
      4      7      5      9   1.18186307300132     
      3      8      5      9  -2.90224689002777     
      2      9      5      9  -2.47464689002777     
      5      9      5      9  -4.72865000000000     
      1     10      5      9   1.92248799831777     
      4     10      5      9  -1.44158588713957     
      3     11      5      9  -2.65315000000000     
      2      7      6      9   1.33391913197267     
      5      7      6      9   2.47464689002777     
      1      8      6      9   3.71658614185886     
      4      8      6      9  -2.90224689002777     
      6      9      6      9  -4.48617500000000     
      2     10      6      9  -2.47464689002777     
      5     10      6      9 -0.242474999999998     
      1     11      6      9   2.90224689002777     
      4     11      6      9  -1.00597500000000     
      3     12      6      9  -1.64717500000000     
      7      9      7      9  -2.68020000000000     
      9     10      7      9 -0.855200000000000     
      8      9      8      9 -0.456375000000000     
      7     10      8      9  -1.28392596238062     
      9     11      8      9 -0.427600000000000     
      1      7      1     10  0.588524973981564     
      4      7      1     10  -4.18741250000000     
      3      8      1     10   1.01872733310673     
      2      9      1     10 -0.265198629273889     
      5      9      1     10   1.92248799831777     
      1     10      1     10  -6.12633750000000     
      4     10      1     10  -1.79229792668518     
      3     11      1     10   1.18186307300132     
      2      7      2     10 -0.588524973981564     
      5      7      2     10   1.17632500000000     
      1      8      2     10 -0.588524973981564     
      4      8      2     10  -4.77557500000000     
      6      9      2     10  -2.47464689002777     
      2     10      2     10  -5.97322500000000     
      5     10      2     10   1.10994896334259     
      1     11      2     10 -0.306224999999999     
      4     11      2     10  0.682348963342591     
      3     12      2     10  -2.90224689002777     
      3      7      3     10  0.427600000000000     
      1      9      3     10 -0.427600000000000     
      4      9      3     10  -3.90159999999999     
      3     10      3     10  -5.97709999999999     
      1      7      4     10  -3.36700351588768     
      4      7      4     10  -1.79229792668518     
      3      8      4     10   3.10435107131910     
      2      9      4     10   3.10435107131910     
      5      9      4     10  -1.44158588713957     
      1     10      4     10  -1.79229792668518     
      4     10      4     10  -8.21409999999999     
      3     11      4     10  -1.44158588713957     
      2      7      5     10  0.349582625971175     
      5      7      5     10  -1.10994896334259     
      1      8      5     10  -2.03308438391502     
      4      8      5     10  0.682348963342591     
      6      9      5     10 -0.242474999999998     
      2     10      5     10   1.10994896334259     
      5     10      5     10  -6.15077500000000     
      1     11      5     10 -0.682348963342591     
      4     11      5     10  -3.31177500000000     
      3     12      5     10  -1.00597500000000     
      6      7      6     10   2.47464689002777     
      2      8      6     10   2.91591057939025     
      5      8      6     10  -1.92248799831777     
      6     10      6     10  -4.72865000000000     
      2     11      6     10  -1.18186307300132     
      5     11      6     10  -1.44158588713957     
      1     12      6     10   2.90224689002777     
      4     12      6     10  -2.65315000000000     
      8      9      7     10  -1.28392596238062     
      7     10      7     10  -1.93892500000000     
      9     11      7     10 -0.740624925316452     
      7      8      8     10  0.000000000000000E+000
      8     10      8     10  -1.19765000000000     
      7     11      8     10  -1.48255000000000     
     10     11      8     10 -0.427600000000000     
      9     12      8     10 -0.427600000000000     
      7      9      9     10 -0.855200000000000     
      9     10      9     10  -2.07550000000000     
      2      7      1     11  0.588524973981564     
      5      7      1     11  -4.77557500000000     
      1      8      1     11  0.588524973981564     
      4      8      1     11   1.17632500000000     
      6      9      1     11   2.90224689002777     
      2     10      1     11 -0.306224999999999     
      5     10      1     11 -0.682348963342591     
      1     11      1     11  -5.97322500000000     
      4     11      1     11  -1.10994896334259     
      3     12      1     11   2.47464689002777     
      6      7      2     11   1.01872733310673     
      2      8      2     11 -0.588524973981564     
      5      8      2     11  -4.18741250000000     
      6     10      2     11  -1.18186307300132     
      2     11      2     11  -6.12633750000000     
      5     11      2     11   1.79229792668518     
      1     12      2     11 -0.265198629273889     
      4     12      2     11  -1.92248799831777     
      1      7      3     11   2.91591057939025     
      4      7      3     11   1.92248799831777     
      3      8      3     11  -2.47464689002777     
      2      9      3     11  -2.90224689002777     
      5      9      3     11  -2.65315000000000     
      1     10      3     11   1.18186307300132     
      4     10      3     11  -1.44158588713957     
      3     11      3     11  -4.72865000000000     
      2      7      4     11  -2.03308438391502     
      5      7      4     11 -0.682348963342591     
      1      8      4     11  0.349582625971175     
      4      8      4     11   1.10994896334259     
      6      9      4     11  -1.00597500000000     
      2     10      4     11  0.682348963342591     
      5     10      4     11  -3.31177500000000     
      1     11      4     11  -1.10994896334259     
      4     11      4     11  -6.15077500000000     
      3     12      4     11 -0.242474999999998     
      6      7      5     11  -3.10435107131910     
      2      8      5     11  -3.36700351588768     
      5      8      5     11   1.79229792668518     
      6     10      5     11  -1.44158588713957     
      2     11      5     11   1.79229792668518     
      5     11      5     11  -8.21409999999999     
      1     12      5     11  -3.10435107131910     
      4     12      5     11  -1.44158588713957     
      6      8      6     11 -0.427600000000000     
      6     11      6     11  -5.97710000000000     
      2     12      6     11  0.427600000000000     
      5     12      6     11  -3.90159999999999     
      7      8      7     11  0.000000000000000E+000
      8     10      7     11  -1.48255000000000     
      7     11      7     11  -1.19765000000000     
     10     11      7     11 -0.427600000000000     
      9     12      7     11 -0.427600000000000     
      8     11      8     11  -1.93892500000000     
      7     12      8     11  -1.28392596238062     
     10     12      8     11 -0.740624925316452     
      8      9      9     11 -0.427600000000000     
      7     10      9     11 -0.740624925316452     
      9     11      9     11  -2.07550000000000     
      7      8     10     11   2.38266700988619     
      8     10     10     11 -0.427600000000000     
      7     11     10     11 -0.427600000000000     
     10     11     10     11  -2.83900000000000     
      9     12     10     11  0.763500000000000     
      6      7      1     12  -5.36373750000000     
      2      8      1     12   1.01935515645922     
      5      8      1     12   1.01872733310673     
      6     10      1     12   2.90224689002777     
      2     11      1     12 -0.265198629273889     
      5     11      1     12  -3.10435107131910     
      1     12      1     12  -5.82011250000000     
      4     12      1     12   2.47464689002777     
      6      8      2     12  -3.59925000000000     
      6     11      2     12  0.427600000000000     
      2     12      2     12  -6.27945000000000     
      5     12      2     12 -0.427600000000000     
      2      7      3     12   3.71658614185886     
      5      7      3     12   2.90224689002777     
      1      8      3     12   1.33391913197267     
      4      8      3     12  -2.47464689002777     
      6      9      3     12  -1.64717500000000     
      2     10      3     12  -2.90224689002777     
      5     10      3     12  -1.00597500000000     
      1     11      3     12   2.47464689002777     
      4     11      3     12 -0.242474999999998     
      3     12      3     12  -4.48617500000000     
      6      7      4     12   2.90224689002777     
      2      8      4     12   2.91591057939025     
      5      8      4     12  -1.18186307300132     
      6     10      4     12  -2.65315000000000     
      2     11      4     12  -1.92248799831777     
      5     11      4     12  -1.44158588713957     
      1     12      4     12   2.47464689002777     
      4     12      4     12  -4.72865000000000     
      6      8      5     12  0.427600000000000     
      6     11      5     12  -3.90159999999999     
      2     12      5     12 -0.427600000000000     
      5     12      5     12  -5.97709999999999     
      6     12      6     12  -9.87870000000000     
      8     11      7     12  -1.28392596238062     
      7     12      7     12 -0.456375000000000     
     10     12      7     12 -0.427600000000000     
      8     12      8     12  -2.68020000000000     
     11     12      8     12 -0.855200000000000     
      7      8      9     12  -2.38266700988619     
      8     10      9     12 -0.427600000000000     
      7     11      9     12 -0.427600000000000     
     10     11      9     12  0.763500000000000     
      9     12      9     12  -2.83900000000000     
      8     11     10     12 -0.740624925316452     
      7     12     10     12 -0.427600000000000     
     10     12     10     12  -2.07550000000000     
      8     12     11     12 -0.855200000000000     
     11     12     11     12  -2.07550000000000     
