 ! Total Interaction
  20
   1   1   1   1     1     0  -7.3629
   1   2   1   1     1     0  -1.6646
   2   2   1   1     1     0   5.3237
   1   1   1   2     1     0  -1.6646
   1   2   1   2     1     0 -11.6189
   2   2   1   2     1     0  -8.0154
   1   1   2   2     1     0   5.3237
   1   2   2   2     1     0  -8.0154
   2   2   2   2     1     0  -5.7172
   1   2   1   2     2     0  -9.8787
   2   2   2   2     3     0  -9.8787
   1   1   1   1     0     1  -1.2199
   2   2   1   1     0     1  -3.3696
   1   1   2   2     0     1  -3.3696
   2   2   2   2     0     1  -3.6025
   1   2   1   2     1     1   0.2849
   1   2   1   2     2     1  -2.6802
   2   2   1   2     2     1   0.8552
   1   2   2   2     2     1   0.8552
   2   2   2   2     2     1  -2.0755
