      1      1      1      1           2           0   5.31999405544781     
      1      1      1      1           0           0  -11.6543000000000     
      1      1      1      2           2           0  -2.03871031291844     
      1      1      2      1           2           0  -2.03871031291844     
      1      1      2      2           4           0  -8.31053925743008     
      1      1      2      2           2           0   5.22632628915508     
      1      2      1      1           2           0   2.03871031291844     
      1      2      1      2           2           0  0.838631700860100     
      1      2      1      2           0           0  -17.1113653862809     
      1      2      2      1           4           0   11.9936816634648     
      1      2      2      1           2           0  -5.21535653603555     
      1      2      2      2           4           0   9.17771050462798     
      1      2      2      2           2           0   3.73737919313003     
      2      1      1      1           2           0   2.03871031291844     
      2      1      1      2           4           0   11.9936816634648     
      2      1      1      2           2           0  -5.21535653603555     
      2      1      2      1           2           0  0.838631700860100     
      2      1      2      1           0           0  -17.1113653862809     
      2      1      2      2           4           0   9.17771050462798     
      2      1      2      2           2           0   3.73737919313003     
      2      2      1      1           4           0  -8.31053925743008     
      2      2      1      1           2           0   5.22632628915508     
      2      2      1      2           4           0  -9.17771050462798     
      2      2      1      2           2           0  -3.73737919313003     
      2      2      2      1           4           0  -9.17771050462798     
      2      2      2      1           2           0  -3.73737919313003     
      2      2      2      2           6           0   4.35801541580282     
      2      2      2      2           4           0  -8.18205223816892     
      2      2      2      2           2           0   10.0609202246551     
      2      2      2      2           0           0  -25.0706250000000     
      1      1      1      1           2           0   5.31999405544781     
      1      1      1      1           0           0  -11.6543000000000     
      1      1      1      2           2           0  -2.03871031291844     
      1      1      2      1           2           0  -2.03871031291844     
      1      1      2      2           4           0  -8.31053925743008     
      1      1      2      2           2           0   5.22632628915508     
      1      2      1      1           2           0   2.03871031291844     
      1      2      1      2           2           0  0.838631700860100     
      1      2      1      2           0           0  -17.1113653862809     
      1      2      2      1           4           0   11.9936816634648     
      1      2      2      1           2           0  -5.21535653603555     
      1      2      2      2           4           0   9.17771050462798     
      1      2      2      2           2           0   3.73737919313003     
      2      1      1      1           2           0   2.03871031291844     
      2      1      1      2           4           0   11.9936816634648     
      2      1      1      2           2           0  -5.21535653603555     
      2      1      2      1           2           0  0.838631700860100     
      2      1      2      1           0           0  -17.1113653862809     
      2      1      2      2           4           0   9.17771050462798     
      2      1      2      2           2           0   3.73737919313003     
      2      2      1      1           4           0  -8.31053925743008     
      2      2      1      1           2           0   5.22632628915508     
      2      2      1      2           4           0  -9.17771050462798     
      2      2      1      2           2           0  -3.73737919313003     
      2      2      2      1           4           0  -9.17771050462798     
      2      2      2      1           2           0  -3.73737919313003     
      2      2      2      2           6           0   4.35801541580282     
      2      2      2      2           4           0  -8.18205223816892     
      2      2      2      2           2           0   10.0609202246551     
      2      2      2      2           0           0  -25.0706250000000     
          60           6
   1   1   3   3   0   0   0   0-11.6543   1   1
   1   1   3   3   2   0   0   0  5.3200   1   1
   1   1   3   4   2   0   0   0 -2.0387   1   1
   1   1   4   3   2   0   0   0  2.0387   1   1
   1   1   4   4   0   0   0   0-17.1114   1   1
   1   1   4   4   2   0   0   0  0.8386   1   1
   1   2   3   3   2   0   0   0 -2.0387   1   1
   1   2   3   4   2   0   0   0  5.2263   1   1
   1   2   3   4   4   0   0   0 -8.3105   1   1
   1   2   4   3   2   0   0   0 -5.2154   1   1
   1   2   4   3   4   0   0   0 11.9937   1   1
   1   2   4   4   2   0   0   0  3.7374   1   1
   1   2   4   4   4   0   0   0  9.1777   1   1
   2   1   3   3   2   0   0   0  2.0387   1   1
   2   1   3   4   2   0   0   0 -5.2154   1   1
   2   1   3   4   4   0   0   0 11.9937   1   1
   2   1   4   3   2   0   0   0  5.2263   1   1
   2   1   4   3   4   0   0   0 -8.3105   1   1
   2   1   4   4   2   0   0   0 -3.7374   1   1
   2   1   4   4   4   0   0   0 -9.1777   1   1
   2   2   3   3   0   0   0   0-17.1114   1   1
   2   2   3   3   2   0   0   0  0.8386   1   1
   2   2   3   4   2   0   0   0  3.7374   1   1
   2   2   3   4   4   0   0   0  9.1777   1   1
   2   2   4   3   2   0   0   0 -3.7374   1   1
   2   2   4   3   4   0   0   0 -9.1777   1   1
   2   2   4   4   0   0   0   0-25.0706   1   1
   2   2   4   4   2   0   0   0 10.0609   1   1
   2   2   4   4   4   0   0   0 -8.1821   1   1
   2   2   4   4   6   0   0   0  4.3580   1   1
   3   3   1   1   0   0   0   0-11.6543   1   1
   3   3   1   1   2   0   0   0  5.3200   1   1
   3   3   1   2   2   0   0   0 -2.0387   1   1
   3   3   2   1   2   0   0   0  2.0387   1   1
   3   3   2   2   0   0   0   0-17.1114   1   1
   3   3   2   2   2   0   0   0  0.8386   1   1
   3   4   1   1   2   0   0   0 -2.0387   1   1
   3   4   1   2   2   0   0   0  5.2263   1   1
   3   4   1   2   4   0   0   0 -8.3105   1   1
   3   4   2   1   2   0   0   0 -5.2154   1   1
   3   4   2   1   4   0   0   0 11.9937   1   1
   3   4   2   2   2   0   0   0  3.7374   1   1
   3   4   2   2   4   0   0   0  9.1777   1   1
   4   3   1   1   2   0   0   0  2.0387   1   1
   4   3   1   2   2   0   0   0 -5.2154   1   1
   4   3   1   2   4   0   0   0 11.9937   1   1
   4   3   2   1   2   0   0   0  5.2263   1   1
   4   3   2   1   4   0   0   0 -8.3105   1   1
   4   3   2   2   2   0   0   0 -3.7374   1   1
   4   3   2   2   4   0   0   0 -9.1777   1   1
   4   4   1   1   0   0   0   0-17.1114   1   1
   4   4   1   1   2   0   0   0  0.8386   1   1
   4   4   1   2   2   0   0   0  3.7374   1   1
   4   4   1   2   4   0   0   0  9.1777   1   1
   4   4   2   1   2   0   0   0 -3.7374   1   1
   4   4   2   1   4   0   0   0 -9.1777   1   1
   4   4   2   2   0   0   0   0-25.0706   1   1
   4   4   2   2   2   0   0   0 10.0609   1   1
   4   4   2   2   4   0   0   0 -8.1821   1   1
   4   4   2   2   6   0   0   0  4.3580   1   1
