      1      1      1      1           2           0   5.32397777230522     
      1      1      1      1           0           0  -11.8112000000000     
      1      1      1      2           2           0 -0.430375347807004     
      1      1      2      1           2           0 -0.430375347807004     
      1      1      2      2           4           0  -6.64668616145167     
      1      1      2      2           2           0   3.08858903565477     
      1      2      1      1           2           0  0.430375347807004     
      1      2      1      2           2           0 -0.352870257672702     
      1      2      1      2           0           0  -16.5688907414241     
      1      2      2      1           4           0   12.5859322181553     
      1      2      2      1           2           0  -3.78418460437648     
      1      2      2      2           4           0   8.48213963644735     
      1      2      2      2           2           0   2.36650481254717     
      2      1      1      1           2           0  0.430375347807004     
      2      1      1      2           4           0   12.5859322181553     
      2      1      1      2           2           0  -3.78418460437648     
      2      1      2      1           2           0 -0.352870257672702     
      2      1      2      1           0           0  -16.5688907414241     
      2      1      2      2           4           0   8.48213963644735     
      2      1      2      2           2           0   2.36650481254717     
      2      2      1      1           4           0  -6.64668616145167     
      2      2      1      1           2           0   3.08858903565477     
      2      2      1      2           4           0  -8.48213963644735     
      2      2      1      2           2           0  -2.36650481254717     
      2      2      2      1           4           0  -8.48213963644735     
      2      2      2      1           2           0  -2.36650481254717     
      2      2      2      2           6           0   7.02731391353589     
      2      2      2      2           4           0  -8.69478262540962     
      2      2      2      2           2           0   6.12206348316276     
      2      2      2      2           0           0  -24.4465250000000     
      1      1      1      1           2           0   5.32397777230522     
      1      1      1      1           0           0  -11.8112000000000     
      1      1      1      2           2           0 -0.430375347807004     
      1      1      2      1           2           0 -0.430375347807004     
      1      1      2      2           4           0  -6.64668616145167     
      1      1      2      2           2           0   3.08858903565477     
      1      2      1      1           2           0  0.430375347807004     
      1      2      1      2           2           0 -0.352870257672702     
      1      2      1      2           0           0  -16.5688907414241     
      1      2      2      1           4           0   12.5859322181553     
      1      2      2      1           2           0  -3.78418460437648     
      1      2      2      2           4           0   8.48213963644735     
      1      2      2      2           2           0   2.36650481254717     
      2      1      1      1           2           0  0.430375347807004     
      2      1      1      2           4           0   12.5859322181553     
      2      1      1      2           2           0  -3.78418460437648     
      2      1      2      1           2           0 -0.352870257672702     
      2      1      2      1           0           0  -16.5688907414241     
      2      1      2      2           4           0   8.48213963644735     
      2      1      2      2           2           0   2.36650481254717     
      2      2      1      1           4           0  -6.64668616145167     
      2      2      1      1           2           0   3.08858903565477     
      2      2      1      2           4           0  -8.48213963644735     
      2      2      1      2           2           0  -2.36650481254717     
      2      2      2      1           4           0  -8.48213963644735     
      2      2      2      1           2           0  -2.36650481254717     
      2      2      2      2           6           0   7.02731391353589     
      2      2      2      2           4           0  -8.69478262540962     
      2      2      2      2           2           0   6.12206348316276     
      2      2      2      2           0           0  -24.4465250000000     
          60           6
   1   1   3   3   0   0   0   0-11.8112   1   1
   1   1   3   3   2   0   0   0  5.3240   1   1
   1   1   3   4   2   0   0   0 -0.4304   1   1
   1   1   4   3   2   0   0   0  0.4304   1   1
   1   1   4   4   0   0   0   0-16.5689   1   1
   1   1   4   4   2   0   0   0 -0.3529   1   1
   1   2   3   3   2   0   0   0 -0.4304   1   1
   1   2   3   4   2   0   0   0  3.0886   1   1
   1   2   3   4   4   0   0   0 -6.6467   1   1
   1   2   4   3   2   0   0   0 -3.7842   1   1
   1   2   4   3   4   0   0   0 12.5859   1   1
   1   2   4   4   2   0   0   0  2.3665   1   1
   1   2   4   4   4   0   0   0  8.4821   1   1
   2   1   3   3   2   0   0   0  0.4304   1   1
   2   1   3   4   2   0   0   0 -3.7842   1   1
   2   1   3   4   4   0   0   0 12.5859   1   1
   2   1   4   3   2   0   0   0  3.0886   1   1
   2   1   4   3   4   0   0   0 -6.6467   1   1
   2   1   4   4   2   0   0   0 -2.3665   1   1
   2   1   4   4   4   0   0   0 -8.4821   1   1
   2   2   3   3   0   0   0   0-16.5689   1   1
   2   2   3   3   2   0   0   0 -0.3529   1   1
   2   2   3   4   2   0   0   0  2.3665   1   1
   2   2   3   4   4   0   0   0  8.4821   1   1
   2   2   4   3   2   0   0   0 -2.3665   1   1
   2   2   4   3   4   0   0   0 -8.4821   1   1
   2   2   4   4   0   0   0   0-24.4465   1   1
   2   2   4   4   2   0   0   0  6.1221   1   1
   2   2   4   4   4   0   0   0 -8.6948   1   1
   2   2   4   4   6   0   0   0  7.0273   1   1
   3   3   1   1   0   0   0   0-11.8112   1   1
   3   3   1   1   2   0   0   0  5.3240   1   1
   3   3   1   2   2   0   0   0 -0.4304   1   1
   3   3   2   1   2   0   0   0  0.4304   1   1
   3   3   2   2   0   0   0   0-16.5689   1   1
   3   3   2   2   2   0   0   0 -0.3529   1   1
   3   4   1   1   2   0   0   0 -0.4304   1   1
   3   4   1   2   2   0   0   0  3.0886   1   1
   3   4   1   2   4   0   0   0 -6.6467   1   1
   3   4   2   1   2   0   0   0 -3.7842   1   1
   3   4   2   1   4   0   0   0 12.5859   1   1
   3   4   2   2   2   0   0   0  2.3665   1   1
   3   4   2   2   4   0   0   0  8.4821   1   1
   4   3   1   1   2   0   0   0  0.4304   1   1
   4   3   1   2   2   0   0   0 -3.7842   1   1
   4   3   1   2   4   0   0   0 12.5859   1   1
   4   3   2   1   2   0   0   0  3.0886   1   1
   4   3   2   1   4   0   0   0 -6.6467   1   1
   4   3   2   2   2   0   0   0 -2.3665   1   1
   4   3   2   2   4   0   0   0 -8.4821   1   1
   4   4   1   1   0   0   0   0-16.5689   1   1
   4   4   1   1   2   0   0   0 -0.3529   1   1
   4   4   1   2   2   0   0   0  2.3665   1   1
   4   4   1   2   4   0   0   0  8.4821   1   1
   4   4   2   1   2   0   0   0 -2.3665   1   1
   4   4   2   1   4   0   0   0 -8.4821   1   1
   4   4   2   2   0   0   0   0-24.4465   1   1
   4   4   2   2   2   0   0   0  6.1221   1   1
   4   4   2   2   4   0   0   0 -8.6948   1   1
   4   4   2   2   6   0   0   0  7.0273   1   1
