      1      2      1      2  -1.29490000000000     
      2      4      1      2  0.000000000000000E+000
      1      5      1      2  0.000000000000000E+000
      4      5      1      2   2.37821223716472     
      3      6      1      2  -2.37821223716472     
      1      3      1      3  -2.71560000000000     
      3      4      1      3  -1.38610000000000     
      2      3      2      3 -0.326025000000000     
      1      4      2      3  -1.37962176949880     
      3      5      2      3 -0.693050000000000     
      2      3      1      4  -1.37962176949880     
      1      4      1      4  -1.91907500000000     
      3      5      1      4  -1.20039781218561     
      1      2      2      4  0.000000000000000E+000
      2      4      2      4  -1.12255000000000     
      1      5      2      4  -1.59305000000000     
      4      5      2      4 -0.693050000000000     
      3      6      2      4 -0.693050000000000     
      1      3      3      4  -1.38610000000000     
      3      4      3      4  -1.73550000000000     
      1      2      1      5  0.000000000000000E+000
      2      4      1      5  -1.59305000000000     
      1      5      1      5  -1.12255000000000     
      4      5      1      5 -0.693050000000000     
      3      6      1      5 -0.693050000000000     
      2      5      2      5  -1.91907500000000     
      1      6      2      5  -1.37962176949880     
      4      6      2      5  -1.20039781218561     
      2      3      3      5 -0.693050000000000     
      1      4      3      5  -1.20039781218561     
      3      5      3      5  -1.73550000000000     
      1      2      4      5   2.37821223716472     
      2      4      4      5 -0.693050000000000     
      1      5      4      5 -0.693050000000000     
      4      5      4      5  -2.70430000000000     
      3      6      4      5  0.968800000000000     
      2      5      1      6  -1.37962176949880     
      1      6      1      6 -0.326025000000000     
      4      6      1      6 -0.693050000000000     
      2      6      2      6  -2.71560000000000     
      5      6      2      6  -1.38610000000000     
      1      2      3      6  -2.37821223716472     
      2      4      3      6 -0.693050000000000     
      1      5      3      6 -0.693050000000000     
      4      5      3      6  0.968800000000000     
      3      6      3      6  -2.70430000000000     
      2      5      4      6  -1.20039781218561     
      1      6      4      6 -0.693050000000000     
      4      6      4      6  -1.73550000000000     
      2      6      5      6  -1.38610000000000     
      5      6      5      6  -1.73550000000000     
      1      7      1      7  -7.44250000000000     
      4      7      1      7  0.124238661454476     
      3      8      1      7 -0.215187673903502     
      2      9      1      7 -0.215187673903502     
      5      9      1      7   2.05927249945217     
      1     10      1      7  0.124238661454476     
      4     10      1      7  -2.37784306378701     
      3     11      1      7   2.05927249945217     
      2      7      2      7  -4.36870000000000     
      5      7      2      7  0.124238661454476     
      1      8      2      7  -3.07380000000000     
      4      8      2      7 -0.124238661454476     
      6      9      2      7  0.594276179257901     
      2     10      2      7 -0.124238661454476     
      5     10      2      7  0.594645352635605     
      1     11      2      7  0.124238661454476     
      4     11      2      7  -1.78356688452911     
      3     12      2      7   2.97248841642262     
      3      7      3      7  -5.76135000000000     
      1      9      3      7  -3.04575000000000     
      4      9      3      7 -0.693050000000000     
      3     10      3      7  0.693050000000000     
      1      7      4      7  0.124238661454476     
      4      7      4      7  -5.82577500000000     
      3      8      4      7  0.111587373277626     
      2      9      4      7   1.49120914277643     
      5      9      4      7  0.748354530139887     
      1     10      4      7  -3.90670000000000     
      4     10      4      7  -1.55717537885108     
      3     11      4      7   1.94875234232550     
      2      7      5      7  0.124238661454476     
      5      7      5      7  -5.89020000000000     
      1      8      5      7  0.124238661454476     
      4      8      5      7  0.128850000000001     
      6      9      5      7   1.98923806827662     
      2     10      5      7   1.72190000000000     
      5     10      5      7  -1.12511268942554     
      1     11      5      7  -4.76765000000000     
      4     11      5      7 -0.432062689425540     
      3     12      5      7   2.68228806827662     
      6      7      6      7  -5.95462500000000     
      2      8      6      7  0.215187673903502     
      5      8      6      7  0.111587373277626     
      6     10      6      7   1.98923806827662     
      2     11      6      7   1.49120914277643     
      5     11      6      7  -2.69710687246539     
      1     12      6      7  -5.62860000000000     
      4     12      6      7   2.68228806827662     
      2      7      1      8  -3.07380000000000     
      5      7      1      8  0.124238661454476     
      1      8      1      8  -4.36870000000000     
      4      8      1      8 -0.124238661454476     
      6      9      1      8   2.97248841642262     
      2     10      1      8 -0.124238661454476     
      5     10      1      8  -1.78356688452911     
      1     11      1      8  0.124238661454476     
      4     11      1      8  0.594645352635605     
      3     12      1      8  0.594276179257901     
      6      7      2      8  0.215187673903502     
      2      8      2      8  -7.44250000000000     
      5      8      2      8 -0.124238661454476     
      6     10      2      8   2.05927249945217     
      2     11      2      8 -0.124238661454476     
      5     11      2      8  -2.37784306378701     
      1     12      2      8  0.215187673903502     
      4     12      2      8   2.05927249945217     
      1      7      3      8 -0.215187673903502     
      4      7      3      8  0.111587373277626     
      3      8      3      8  -5.95462500000000     
      2      9      3      8  -5.62860000000000     
      5      9      3      8  -2.68228806827662     
      1     10      3      8   1.49120914277643     
      4     10      3      8   2.69710687246539     
      3     11      3      8  -1.98923806827662     
      2      7      4      8 -0.124238661454476     
      5      7      4      8  0.128850000000001     
      1      8      4      8 -0.124238661454476     
      4      8      4      8  -5.89020000000000     
      6      9      4      8  -2.68228806827662     
      2     10      4      8  -4.76765000000000     
      5     10      4      8  0.432062689425540     
      1     11      4      8   1.72190000000000     
      4     11      4      8   1.12511268942554     
      3     12      4      8  -1.98923806827662     
      6      7      5      8  0.111587373277626     
      2      8      5      8 -0.124238661454476     
      5      8      5      8  -5.82577500000000     
      6     10      5      8  -1.94875234232550     
      2     11      5      8  -3.90670000000000     
      5     11      5      8   1.55717537885108     
      1     12      5      8   1.49120914277643     
      4     12      5      8 -0.748354530139887     
      6      8      6      8  -5.76135000000000     
      6     11      6      8 -0.693050000000000     
      2     12      6      8  -3.04575000000000     
      5     12      6      8  0.693050000000000     
      7      8      7      8  -1.29490000000000     
      8     10      7      8  0.000000000000000E+000
      7     11      7      8  0.000000000000000E+000
     10     11      7      8   2.37821223716472     
      9     12      7      8  -2.37821223716472     
      3      7      1      9  -3.04575000000000     
      1      9      1      9  -5.76135000000000     
      4      9      1      9  0.693050000000000     
      3     10      1      9 -0.693050000000000     
      1      7      2      9 -0.215187673903502     
      4      7      2      9   1.49120914277643     
      3      8      2      9  -5.62860000000000     
      2      9      2      9  -5.95462500000000     
      5      9      2      9  -1.98923806827662     
      1     10      2      9  0.111587373277626     
      4     10      2      9   2.69710687246539     
      3     11      2      9  -2.68228806827662     
      3      9      3      9  -8.80710000000000     
      3      7      4      9 -0.693050000000000     
      1      9      4      9  0.693050000000000     
      4      9      4      9  -5.27130000000000     
      3     10      4      9  -3.53580000000000     
      1      7      5      9   2.05927249945217     
      4      7      5      9  0.748354530139887     
      3      8      5      9  -2.68228806827662     
      2      9      5      9  -1.98923806827662     
      5      9      5      9  -5.00775000000000     
      1     10      5      9   1.94875234232550     
      4     10      5      9 -0.304321326889847     
      3     11      5      9  -3.27225000000000     
      2      7      6      9  0.594276179257901     
      5      7      6      9   1.98923806827662     
      1      8      6      9   2.97248841642262     
      4      8      6      9  -2.68228806827662     
      6      9      6      9  -5.36037500000000     
      2     10      6      9  -1.98923806827662     
      5     10      6      9  0.352625000000002     
      1     11      6      9   2.68228806827662     
      4     11      6      9 -0.616174999999998     
      3     12      6      9  -2.65607500000000     
      7      9      7      9  -2.71560000000000     
      9     10      7      9  -1.38610000000000     
      8      9      8      9 -0.326025000000000     
      7     10      8      9  -1.37962176949880     
      9     11      8      9 -0.693050000000000     
      1      7      1     10  0.124238661454476     
      4      7      1     10  -3.90670000000000     
      3      8      1     10   1.49120914277643     
      2      9      1     10  0.111587373277626     
      5      9      1     10   1.94875234232550     
      1     10      1     10  -5.82577500000000     
      4     10      1     10  -1.55717537885108     
      3     11      1     10  0.748354530139887     
      2      7      2     10 -0.124238661454476     
      5      7      2     10   1.72190000000000     
      1      8      2     10 -0.124238661454476     
      4      8      2     10  -4.76765000000000     
      6      9      2     10  -1.98923806827662     
      2     10      2     10  -5.89020000000000     
      5     10      2     10   1.12511268942554     
      1     11      2     10  0.128850000000001     
      4     11      2     10  0.432062689425540     
      3     12      2     10  -2.68228806827662     
      3      7      3     10  0.693050000000000     
      1      9      3     10 -0.693050000000000     
      4      9      3     10  -3.53580000000000     
      3     10      3     10  -5.27129999999999     
      1      7      4     10  -2.37784306378701     
      4      7      4     10  -1.55717537885108     
      3      8      4     10   2.69710687246539     
      2      9      4     10   2.69710687246539     
      5      9      4     10 -0.304321326889847     
      1     10      4     10  -1.55717537885108     
      4     10      4     10  -8.45570000000000     
      3     11      4     10 -0.304321326889847     
      2      7      5     10  0.594645352635605     
      5      7      5     10  -1.12511268942554     
      1      8      5     10  -1.78356688452911     
      4      8      5     10  0.432062689425540     
      6      9      5     10  0.352625000000002     
      2     10      5     10   1.12511268942554     
      5     10      5     10  -5.71177500000000     
      1     11      5     10 -0.432062689425540     
      4     11      5     10  -3.00747500000000     
      3     12      5     10 -0.616174999999998     
      6      7      6     10   1.98923806827662     
      2      8      6     10   2.05927249945217     
      5      8      6     10  -1.94875234232550     
      6     10      6     10  -5.00775000000000     
      2     11      6     10 -0.748354530139887     
      5     11      6     10 -0.304321326889847     
      1     12      6     10   2.68228806827662     
      4     12      6     10  -3.27225000000000     
      8      9      7     10  -1.37962176949880     
      7     10      7     10  -1.91907500000000     
      9     11      7     10  -1.20039781218561     
      7      8      8     10  0.000000000000000E+000
      8     10      8     10  -1.12255000000000     
      7     11      8     10  -1.59305000000000     
     10     11      8     10 -0.693050000000000     
      9     12      8     10 -0.693050000000000     
      7      9      9     10  -1.38610000000000     
      9     10      9     10  -1.73550000000000     
      2      7      1     11  0.124238661454476     
      5      7      1     11  -4.76765000000000     
      1      8      1     11  0.124238661454476     
      4      8      1     11   1.72190000000000     
      6      9      1     11   2.68228806827662     
      2     10      1     11  0.128850000000001     
      5     10      1     11 -0.432062689425540     
      1     11      1     11  -5.89020000000000     
      4     11      1     11  -1.12511268942554     
      3     12      1     11   1.98923806827662     
      6      7      2     11   1.49120914277643     
      2      8      2     11 -0.124238661454476     
      5      8      2     11  -3.90670000000000     
      6     10      2     11 -0.748354530139887     
      2     11      2     11  -5.82577500000000     
      5     11      2     11   1.55717537885108     
      1     12      2     11  0.111587373277626     
      4     12      2     11  -1.94875234232550     
      1      7      3     11   2.05927249945217     
      4      7      3     11   1.94875234232550     
      3      8      3     11  -1.98923806827662     
      2      9      3     11  -2.68228806827662     
      5      9      3     11  -3.27225000000000     
      1     10      3     11  0.748354530139887     
      4     10      3     11 -0.304321326889847     
      3     11      3     11  -5.00775000000000     
      2      7      4     11  -1.78356688452911     
      5      7      4     11 -0.432062689425540     
      1      8      4     11  0.594645352635605     
      4      8      4     11   1.12511268942554     
      6      9      4     11 -0.616174999999998     
      2     10      4     11  0.432062689425540     
      5     10      4     11  -3.00747500000000     
      1     11      4     11  -1.12511268942554     
      4     11      4     11  -5.71177500000000     
      3     12      4     11  0.352625000000002     
      6      7      5     11  -2.69710687246539     
      2      8      5     11  -2.37784306378701     
      5      8      5     11   1.55717537885108     
      6     10      5     11 -0.304321326889847     
      2     11      5     11   1.55717537885108     
      5     11      5     11  -8.45570000000000     
      1     12      5     11  -2.69710687246539     
      4     12      5     11 -0.304321326889847     
      6      8      6     11 -0.693050000000000     
      6     11      6     11  -5.27130000000000     
      2     12      6     11  0.693050000000000     
      5     12      6     11  -3.53580000000000     
      7      8      7     11  0.000000000000000E+000
      8     10      7     11  -1.59305000000000     
      7     11      7     11  -1.12255000000000     
     10     11      7     11 -0.693050000000000     
      9     12      7     11 -0.693050000000000     
      8     11      8     11  -1.91907500000000     
      7     12      8     11  -1.37962176949880     
     10     12      8     11  -1.20039781218561     
      8      9      9     11 -0.693050000000000     
      7     10      9     11  -1.20039781218561     
      9     11      9     11  -1.73550000000000     
      7      8     10     11   2.37821223716472     
      8     10     10     11 -0.693050000000000     
      7     11     10     11 -0.693050000000000     
     10     11     10     11  -2.70430000000000     
      9     12     10     11  0.968800000000000     
      6      7      1     12  -5.62860000000000     
      2      8      1     12  0.215187673903502     
      5      8      1     12   1.49120914277643     
      6     10      1     12   2.68228806827662     
      2     11      1     12  0.111587373277626     
      5     11      1     12  -2.69710687246539     
      1     12      1     12  -5.95462500000000     
      4     12      1     12   1.98923806827662     
      6      8      2     12  -3.04575000000000     
      6     11      2     12  0.693050000000000     
      2     12      2     12  -5.76135000000000     
      5     12      2     12 -0.693050000000000     
      2      7      3     12   2.97248841642262     
      5      7      3     12   2.68228806827662     
      1      8      3     12  0.594276179257901     
      4      8      3     12  -1.98923806827662     
      6      9      3     12  -2.65607500000000     
      2     10      3     12  -2.68228806827662     
      5     10      3     12 -0.616174999999998     
      1     11      3     12   1.98923806827662     
      4     11      3     12  0.352625000000002     
      3     12      3     12  -5.36037500000000     
      6      7      4     12   2.68228806827662     
      2      8      4     12   2.05927249945217     
      5      8      4     12 -0.748354530139887     
      6     10      4     12  -3.27225000000000     
      2     11      4     12  -1.94875234232550     
      5     11      4     12 -0.304321326889847     
      1     12      4     12   1.98923806827662     
      4     12      4     12  -5.00775000000000     
      6      8      5     12  0.693050000000000     
      6     11      5     12  -3.53580000000000     
      2     12      5     12 -0.693050000000000     
      5     12      5     12  -5.27129999999999     
      6     12      6     12  -8.80710000000000     
      8     11      7     12  -1.37962176949880     
      7     12      7     12 -0.326025000000000     
     10     12      7     12 -0.693050000000000     
      8     12      8     12  -2.71560000000000     
     11     12      8     12  -1.38610000000000     
      7      8      9     12  -2.37821223716472     
      8     10      9     12 -0.693050000000000     
      7     11      9     12 -0.693050000000000     
     10     11      9     12  0.968800000000000     
      9     12      9     12  -2.70430000000000     
      8     11     10     12  -1.20039781218561     
      7     12     10     12 -0.693050000000000     
     10     12     10     12  -1.73550000000000     
      8     12     11     12  -1.38610000000000     
     11     12     11     12  -1.73550000000000     
