 ! Total Interaction
  20
   1   1   1   1     1     0  -7.4425
   1   2   1   1     1     0  -0.3514
   2   2   1   1     1     0   3.7597
   1   1   1   2     1     0  -0.3514
   1   2   1   2     1     0 -12.5086
   2   2   1   2     1     0  -6.9639
   1   1   2   2     1     0   3.7597
   1   2   2   2     1     0  -6.9639
   2   2   2   2     1     0  -7.9286
   1   2   1   2     2     0  -8.8071
   2   2   2   2     3     0  -8.8071
   1   1   1   1     0     1  -1.2949
   2   2   1   1     0     1  -3.3633
   1   1   2   2     0     1  -3.3633
   2   2   2   2     0     1  -3.6731
   1   2   1   2     1     1   0.4705
   1   2   1   2     2     1  -2.7156
   2   2   1   2     2     1   1.3861
   1   2   2   2     2     1   1.3861
   2   2   2   2     2     1  -1.7355
