 ! Total Interaction
  20
   1   1   1   1     1     0  -8.3841
   1   2   1   1     1     0  -0.2286
   2   2   1   1     1     0   3.5277
   1   1   1   2     1     0  -0.2286
   1   2   1   2     1     0 -13.3904
   2   2   1   2     1     0  -6.6939
   1   1   2   2     1     0   3.5277
   1   2   2   2     1     0  -6.6939
   2   2   2   2     1     0  -9.0425
   1   2   1   2     2     0  -9.6140
   2   2   2   2     3     0  -9.6140
   1   1   1   1     0     1  -1.1693
   2   2   1   1     0     1  -3.8350
   1   1   2   2     0     1  -3.8350
   2   2   2   2     0     1  -3.8811
   1   2   1   2     1     1   0.7225
   1   2   1   2     2     1  -3.1192
   2   2   1   2     2     1   1.5570
   1   2   2   2     2     1   1.5570
   2   2   2   2     2     1  -2.0182
