      1      1      1      1           2           0   6.24820008322397     
      1      1      1      1           0           0  -13.1608000000000     
      1      1      1      2           2           0 -0.279976677600117     
      1      1      2      1           2           0 -0.279976677600117     
      1      1      2      2           4           0  -6.77352459467411     
      1      1      2      2           2           0   2.48205387438406     
      1      2      1      1           2           0  0.279976677600117     
      1      2      1      2           2           0  4.470785375636011E-002
      1      2      1      2           0           0  -17.9728335778005     
      1      2      2      1           4           0   13.6493781974045     
      1      2      2      1           2           0  -3.97529476035661     
      1      2      2      2           4           0   8.33086970309749     
      1      2      2      2           2           0   1.96714979221522     
      2      1      1      1           2           0  0.279976677600117     
      2      1      1      2           4           0   13.6493781974045     
      2      1      1      2           2           0  -3.97529476035661     
      2      1      2      1           2           0  4.470785375636011E-002
      2      1      2      1           0           0  -17.9728335778005     
      2      1      2      2           4           0   8.33086970309749     
      2      1      2      2           2           0   1.96714979221522     
      2      2      1      1           4           0  -6.77352459467411     
      2      2      1      1           2           0   2.48205387438406     
      2      2      1      2           4           0  -8.33086970309749     
      2      2      1      2           2           0  -1.96714979221522     
      2      2      2      1           4           0  -8.33086970309749     
      2      2      2      1           2           0  -1.96714979221522     
      2      2      2      2           6           0   8.13568528152362     
      2      2      2      2           4           0  -9.34206840319638     
      2      2      2      2           2           0   6.31592326979991     
      2      2      2      2           0           0  -27.0994000000000     
      1      1      1      1           2           0   6.24820008322397     
      1      1      1      1           0           0  -13.1608000000000     
      1      1      1      2           2           0 -0.279976677600117     
      1      1      2      1           2           0 -0.279976677600117     
      1      1      2      2           4           0  -6.77352459467411     
      1      1      2      2           2           0   2.48205387438406     
      1      2      1      1           2           0  0.279976677600117     
      1      2      1      2           2           0  4.470785375636011E-002
      1      2      1      2           0           0  -17.9728335778005     
      1      2      2      1           4           0   13.6493781974045     
      1      2      2      1           2           0  -3.97529476035661     
      1      2      2      2           4           0   8.33086970309749     
      1      2      2      2           2           0   1.96714979221522     
      2      1      1      1           2           0  0.279976677600117     
      2      1      1      2           4           0   13.6493781974045     
      2      1      1      2           2           0  -3.97529476035661     
      2      1      2      1           2           0  4.470785375636011E-002
      2      1      2      1           0           0  -17.9728335778005     
      2      1      2      2           4           0   8.33086970309749     
      2      1      2      2           2           0   1.96714979221522     
      2      2      1      1           4           0  -6.77352459467411     
      2      2      1      1           2           0   2.48205387438406     
      2      2      1      2           4           0  -8.33086970309749     
      2      2      1      2           2           0  -1.96714979221522     
      2      2      2      1           4           0  -8.33086970309749     
      2      2      2      1           2           0  -1.96714979221522     
      2      2      2      2           6           0   8.13568528152362     
      2      2      2      2           4           0  -9.34206840319638     
      2      2      2      2           2           0   6.31592326979991     
      2      2      2      2           0           0  -27.0994000000000     
          60           6
   1   1   3   3   0   0   0   0-13.1608   1   1
   1   1   3   3   2   0   0   0  6.2482   1   1
   1   1   3   4   2   0   0   0 -0.2800   1   1
   1   1   4   3   2   0   0   0  0.2800   1   1
   1   1   4   4   0   0   0   0-17.9728   1   1
   1   1   4   4   2   0   0   0  0.0447   1   1
   1   2   3   3   2   0   0   0 -0.2800   1   1
   1   2   3   4   2   0   0   0  2.4821   1   1
   1   2   3   4   4   0   0   0 -6.7735   1   1
   1   2   4   3   2   0   0   0 -3.9753   1   1
   1   2   4   3   4   0   0   0 13.6494   1   1
   1   2   4   4   2   0   0   0  1.9671   1   1
   1   2   4   4   4   0   0   0  8.3309   1   1
   2   1   3   3   2   0   0   0  0.2800   1   1
   2   1   3   4   2   0   0   0 -3.9753   1   1
   2   1   3   4   4   0   0   0 13.6494   1   1
   2   1   4   3   2   0   0   0  2.4821   1   1
   2   1   4   3   4   0   0   0 -6.7735   1   1
   2   1   4   4   2   0   0   0 -1.9671   1   1
   2   1   4   4   4   0   0   0 -8.3309   1   1
   2   2   3   3   0   0   0   0-17.9728   1   1
   2   2   3   3   2   0   0   0  0.0447   1   1
   2   2   3   4   2   0   0   0  1.9671   1   1
   2   2   3   4   4   0   0   0  8.3309   1   1
   2   2   4   3   2   0   0   0 -1.9671   1   1
   2   2   4   3   4   0   0   0 -8.3309   1   1
   2   2   4   4   0   0   0   0-27.0994   1   1
   2   2   4   4   2   0   0   0  6.3159   1   1
   2   2   4   4   4   0   0   0 -9.3421   1   1
   2   2   4   4   6   0   0   0  8.1357   1   1
   3   3   1   1   0   0   0   0-13.1608   1   1
   3   3   1   1   2   0   0   0  6.2482   1   1
   3   3   1   2   2   0   0   0 -0.2800   1   1
   3   3   2   1   2   0   0   0  0.2800   1   1
   3   3   2   2   0   0   0   0-17.9728   1   1
   3   3   2   2   2   0   0   0  0.0447   1   1
   3   4   1   1   2   0   0   0 -0.2800   1   1
   3   4   1   2   2   0   0   0  2.4821   1   1
   3   4   1   2   4   0   0   0 -6.7735   1   1
   3   4   2   1   2   0   0   0 -3.9753   1   1
   3   4   2   1   4   0   0   0 13.6494   1   1
   3   4   2   2   2   0   0   0  1.9671   1   1
   3   4   2   2   4   0   0   0  8.3309   1   1
   4   3   1   1   2   0   0   0  0.2800   1   1
   4   3   1   2   2   0   0   0 -3.9753   1   1
   4   3   1   2   4   0   0   0 13.6494   1   1
   4   3   2   1   2   0   0   0  2.4821   1   1
   4   3   2   1   4   0   0   0 -6.7735   1   1
   4   3   2   2   2   0   0   0 -1.9671   1   1
   4   3   2   2   4   0   0   0 -8.3309   1   1
   4   4   1   1   0   0   0   0-17.9728   1   1
   4   4   1   1   2   0   0   0  0.0447   1   1
   4   4   1   2   2   0   0   0  1.9671   1   1
   4   4   1   2   4   0   0   0  8.3309   1   1
   4   4   2   1   2   0   0   0 -1.9671   1   1
   4   4   2   1   4   0   0   0 -8.3309   1   1
   4   4   2   2   0   0   0   0-27.0994   1   1
   4   4   2   2   2   0   0   0  6.3159   1   1
   4   4   2   2   4   0   0   0 -9.3421   1   1
   4   4   2   2   6   0   0   0  8.1357   1   1
