      1      2      1      2  -1.16930000000000     
      2      4      1      2  0.000000000000000E+000
      1      5      1      2  0.000000000000000E+000
      4      5      1      2   2.71175450585041     
      3      6      1      2  -2.71175450585041     
      1      3      1      3  -3.11920000000000     
      3      4      1      3  -1.55700000000000     
      2      3      2      3 -0.237925000000000     
      1      4      2      3  -1.66350489685934     
      3      5      2      3 -0.778500000000000     
      2      3      1      4  -1.66350489685934     
      1      4      1      4  -2.15877500000000     
      3      5      1      4  -1.34840155369237     
      1      2      2      4  0.000000000000000E+000
      2      4      2      4  -1.19835000000000     
      1      5      2      4  -1.92085000000000     
      4      5      2      4 -0.778500000000000     
      3      6      2      4 -0.778500000000000     
      1      3      3      4  -1.55700000000000     
      3      4      3      4  -2.01820000000000     
      1      2      1      5  0.000000000000000E+000
      2      4      1      5  -1.92085000000000     
      1      5      1      5  -1.19835000000000     
      4      5      1      5 -0.778500000000000     
      3      6      1      5 -0.778500000000000     
      2      5      2      5  -2.15877500000000     
      1      6      2      5  -1.66350489685934     
      4      6      2      5  -1.34840155369237     
      2      3      3      5 -0.778500000000000     
      1      4      3      5  -1.34840155369237     
      3      5      3      5  -2.01820000000000     
      1      2      4      5   2.71175450585041     
      2      4      4      5 -0.778500000000000     
      1      5      4      5 -0.778500000000000     
      4      5      4      5  -2.94965000000000     
      3      6      4      5  0.931450000000000     
      2      5      1      6  -1.66350489685934     
      1      6      1      6 -0.237925000000000     
      4      6      1      6 -0.778500000000000     
      2      6      2      6  -3.11920000000000     
      5      6      2      6  -1.55700000000000     
      1      2      3      6  -2.71175450585041     
      2      4      3      6 -0.778500000000000     
      1      5      3      6 -0.778500000000000     
      4      5      3      6  0.931450000000000     
      3      6      3      6  -2.94965000000000     
      2      5      4      6  -1.34840155369237     
      1      6      4      6 -0.778500000000000     
      4      6      4      6  -2.01820000000000     
      2      6      5      6  -1.55700000000000     
      5      6      5      6  -2.01820000000000     
      1      7      1      7  -8.38410000000000     
      4      7      1      7  8.082230508962242E-002
      3      8      1      7 -0.139988338800059     
      2      9      1      7 -0.139988338800059     
      5      9      1      7   1.93220086611097     
      1     10      1      7  8.082230508962242E-002
      4     10      1      7  -2.23111338035520     
      3     11      1      7   1.93220086611097     
      2      7      2      7  -4.77670000000000     
      5      7      2      7  8.082230508962240E-002
      1      8      2      7  -3.60740000000000     
      4      8      2      7 -8.082230508962240E-002
      6      9      2      7  0.317457782341194     
      2     10      2      7 -8.082230508962240E-002
      5     10      2      7  0.798098907836405     
      1     11      2      7  8.082230508962240E-002
      4     11      2      7  -1.91365559801400     
      3     12      2      7   3.02921228819160     
      3      7      3      7  -6.36660000000000     
      1      9      3      7  -3.24740000000000     
      4      9      3      7 -0.778500000000000     
      3     10      3      7  0.778500000000000     
      1      7      4      7  8.082230508962242E-002
      4      7      4      7  -6.35843750000000     
      3      8      4      7 -1.413786471677980E-002
      2      9      4      7   1.64936703214256     
      5      9      4      7  0.622067384212706     
      1     10      4      7  -4.19966250000000     
      4     10      4      7  -1.49680154345859     
      3     11      4      7   1.97046893790508     
      2      7      5      7  8.082230508962242E-002
      5      7      5      7  -6.35027500000000     
      1      8      5      7  8.082230508962242E-002
      4      8      5      7 -1.632499999999837E-002
      6      9      5      7   1.85595231518788     
      2     10      5      7   1.90452500000000     
      5     10      5      7  -1.13765077172929     
      1     11      5      7  -5.15192500000000     
      4     11      5      7 -0.359150771729292     
      3     12      5      7   2.63445231518788     
      6      7      6      7  -6.34211250000000     
      2      8      6      7  0.139988338800059     
      5      8      6      7 -1.413786471677980E-002
      6     10      6      7   1.85595231518788     
      2     11      6      7   1.64936703214256     
      5     11      6      7  -2.59253632211778     
      1     12      6      7  -6.10418750000000     
      4     12      6      7   2.63445231518788     
      2      7      1      8  -3.60740000000000     
      5      7      1      8  8.082230508962240E-002
      1      8      1      8  -4.77670000000000     
      4      8      1      8 -8.082230508962240E-002
      6      9      1      8   3.02921228819160     
      2     10      1      8 -8.082230508962240E-002
      5     10      1      8  -1.91365559801400     
      1     11      1      8  8.082230508962240E-002
      4     11      1      8  0.798098907836405     
      3     12      1      8  0.317457782341194     
      6      7      2      8  0.139988338800059     
      2      8      2      8  -8.38410000000000     
      5      8      2      8 -8.082230508962242E-002
      6     10      2      8   1.93220086611097     
      2     11      2      8 -8.082230508962242E-002
      5     11      2      8  -2.23111338035520     
      1     12      2      8  0.139988338800059     
      4     12      2      8   1.93220086611097     
      1      7      3      8 -0.139988338800059     
      4      7      3      8 -1.413786471677980E-002
      3      8      3      8  -6.34211250000000     
      2      9      3      8  -6.10418750000000     
      5      9      3      8  -2.63445231518788     
      1     10      3      8   1.64936703214256     
      4     10      3      8   2.59253632211778     
      3     11      3      8  -1.85595231518788     
      2      7      4      8 -8.082230508962242E-002
      5      7      4      8 -1.632499999999837E-002
      1      8      4      8 -8.082230508962242E-002
      4      8      4      8  -6.35027500000000     
      6      9      4      8  -2.63445231518788     
      2     10      4      8  -5.15192500000000     
      5     10      4      8  0.359150771729292     
      1     11      4      8   1.90452500000000     
      4     11      4      8   1.13765077172929     
      3     12      4      8  -1.85595231518788     
      6      7      5      8 -1.413786471677980E-002
      2      8      5      8 -8.082230508962242E-002
      5      8      5      8  -6.35843750000000     
      6     10      5      8  -1.97046893790508     
      2     11      5      8  -4.19966250000000     
      5     11      5      8   1.49680154345859     
      1     12      5      8   1.64936703214256     
      4     12      5      8 -0.622067384212706     
      6      8      6      8  -6.36660000000000     
      6     11      6      8 -0.778500000000000     
      2     12      6      8  -3.24740000000000     
      5     12      6      8  0.778500000000000     
      7      8      7      8  -1.16930000000000     
      8     10      7      8  0.000000000000000E+000
      7     11      7      8  0.000000000000000E+000
     10     11      7      8   2.71175450585041     
      9     12      7      8  -2.71175450585041     
      3      7      1      9  -3.24740000000000     
      1      9      1      9  -6.36660000000000     
      4      9      1      9  0.778500000000000     
      3     10      1      9 -0.778500000000000     
      1      7      2      9 -0.139988338800059     
      4      7      2      9   1.64936703214256     
      3      8      2      9  -6.10418750000000     
      2      9      2      9  -6.34211250000000     
      5      9      2      9  -1.85595231518788     
      1     10      2      9 -1.413786471677980E-002
      4     10      2      9   2.59253632211778     
      3     11      2      9  -2.63445231518788     
      3      9      3      9  -9.61400000000000     
      3      7      4      9 -0.778500000000000     
      1      9      4      9  0.778500000000000     
      4      9      4      9  -5.81610000000000     
      3     10      4      9  -3.79790000000000     
      1      7      5      9   1.93220086611097     
      4      7      5      9  0.622067384212707     
      3      8      5      9  -2.63445231518788     
      2      9      5      9  -1.85595231518788     
      5      9      5      9  -5.64465000000000     
      1     10      5      9   1.97046893790508     
      4     10      5      9 -0.197973407305118     
      3     11      5      9  -3.62645000000000     
      2      7      6      9  0.317457782341194     
      5      7      6      9   1.85595231518788     
      1      8      6      9   3.02921228819160     
      4      8      6      9  -2.63445231518788     
      6      9      6      9  -6.02465000000000     
      2     10      6      9  -1.85595231518788     
      5     10      6      9  0.380000000000002     
      1     11      6      9   2.63445231518788     
      4     11      6      9 -0.551449999999998     
      3     12      6      9  -3.07500000000000     
      7      9      7      9  -3.11920000000000     
      9     10      7      9  -1.55700000000000     
      8      9      8      9 -0.237925000000000     
      7     10      8      9  -1.66350489685934     
      9     11      8      9 -0.778500000000000     
      1      7      1     10  8.082230508962242E-002
      4      7      1     10  -4.19966250000000     
      3      8      1     10   1.64936703214256     
      2      9      1     10 -1.413786471677980E-002
      5      9      1     10   1.97046893790508     
      1     10      1     10  -6.35843750000000     
      4     10      1     10  -1.49680154345859     
      3     11      1     10  0.622067384212706     
      2      7      2     10 -8.082230508962242E-002
      5      7      2     10   1.90452500000000     
      1      8      2     10 -8.082230508962242E-002
      4      8      2     10  -5.15192500000000     
      6      9      2     10  -1.85595231518788     
      2     10      2     10  -6.35027500000000     
      5     10      2     10   1.13765077172929     
      1     11      2     10 -1.632499999999837E-002
      4     11      2     10  0.359150771729292     
      3     12      2     10  -2.63445231518788     
      3      7      3     10  0.778500000000000     
      1      9      3     10 -0.778500000000000     
      4      9      3     10  -3.79790000000000     
      3     10      3     10  -5.81610000000000     
      1      7      4     10  -2.23111338035520     
      4      7      4     10  -1.49680154345859     
      3      8      4     10   2.59253632211778     
      2      9      4     10   2.59253632211778     
      5      9      4     10 -0.197973407305118     
      1     10      4     10  -1.49680154345859     
      4     10      4     10  -9.38540000000000     
      3     11      4     10 -0.197973407305118     
      2      7      5     10  0.798098907836405     
      5      7      5     10  -1.13765077172929     
      1      8      5     10  -1.91365559801400     
      4      8      5     10  0.359150771729293     
      6      9      5     10  0.380000000000003     
      2     10      5     10   1.13765077172929     
      5     10      5     10  -6.25325000000000     
      1     11      5     10 -0.359150771729293     
      4     11      5     10  -3.30360000000000     
      3     12      5     10 -0.551449999999998     
      6      7      6     10   1.85595231518788     
      2      8      6     10   1.93220086611097     
      5      8      6     10  -1.97046893790508     
      6     10      6     10  -5.64465000000000     
      2     11      6     10 -0.622067384212707     
      5     11      6     10 -0.197973407305118     
      1     12      6     10   2.63445231518788     
      4     12      6     10  -3.62645000000000     
      8      9      7     10  -1.66350489685934     
      7     10      7     10  -2.15877500000000     
      9     11      7     10  -1.34840155369237     
      7      8      8     10  0.000000000000000E+000
      8     10      8     10  -1.19835000000000     
      7     11      8     10  -1.92085000000000     
     10     11      8     10 -0.778500000000000     
      9     12      8     10 -0.778500000000000     
      7      9      9     10  -1.55700000000000     
      9     10      9     10  -2.01820000000000     
      2      7      1     11  8.082230508962242E-002
      5      7      1     11  -5.15192500000000     
      1      8      1     11  8.082230508962242E-002
      4      8      1     11   1.90452500000000     
      6      9      1     11   2.63445231518788     
      2     10      1     11 -1.632499999999837E-002
      5     10      1     11 -0.359150771729292     
      1     11      1     11  -6.35027500000000     
      4     11      1     11  -1.13765077172929     
      3     12      1     11   1.85595231518788     
      6      7      2     11   1.64936703214256     
      2      8      2     11 -8.082230508962242E-002
      5      8      2     11  -4.19966250000000     
      6     10      2     11 -0.622067384212706     
      2     11      2     11  -6.35843750000000     
      5     11      2     11   1.49680154345859     
      1     12      2     11 -1.413786471677980E-002
      4     12      2     11  -1.97046893790508     
      1      7      3     11   1.93220086611097     
      4      7      3     11   1.97046893790508     
      3      8      3     11  -1.85595231518788     
      2      9      3     11  -2.63445231518788     
      5      9      3     11  -3.62645000000000     
      1     10      3     11  0.622067384212707     
      4     10      3     11 -0.197973407305118     
      3     11      3     11  -5.64465000000000     
      2      7      4     11  -1.91365559801400     
      5      7      4     11 -0.359150771729293     
      1      8      4     11  0.798098907836405     
      4      8      4     11   1.13765077172929     
      6      9      4     11 -0.551449999999998     
      2     10      4     11  0.359150771729293     
      5     10      4     11  -3.30360000000000     
      1     11      4     11  -1.13765077172929     
      4     11      4     11  -6.25325000000000     
      3     12      4     11  0.380000000000003     
      6      7      5     11  -2.59253632211778     
      2      8      5     11  -2.23111338035520     
      5      8      5     11   1.49680154345859     
      6     10      5     11 -0.197973407305118     
      2     11      5     11   1.49680154345859     
      5     11      5     11  -9.38540000000000     
      1     12      5     11  -2.59253632211778     
      4     12      5     11 -0.197973407305118     
      6      8      6     11 -0.778500000000000     
      6     11      6     11  -5.81610000000000     
      2     12      6     11  0.778500000000000     
      5     12      6     11  -3.79790000000000     
      7      8      7     11  0.000000000000000E+000
      8     10      7     11  -1.92085000000000     
      7     11      7     11  -1.19835000000000     
     10     11      7     11 -0.778500000000000     
      9     12      7     11 -0.778500000000000     
      8     11      8     11  -2.15877500000000     
      7     12      8     11  -1.66350489685934     
     10     12      8     11  -1.34840155369237     
      8      9      9     11 -0.778500000000000     
      7     10      9     11  -1.34840155369237     
      9     11      9     11  -2.01820000000000     
      7      8     10     11   2.71175450585041     
      8     10     10     11 -0.778500000000000     
      7     11     10     11 -0.778500000000000     
     10     11     10     11  -2.94965000000000     
      9     12     10     11  0.931450000000000     
      6      7      1     12  -6.10418750000000     
      2      8      1     12  0.139988338800059     
      5      8      1     12   1.64936703214256     
      6     10      1     12   2.63445231518788     
      2     11      1     12 -1.413786471677980E-002
      5     11      1     12  -2.59253632211778     
      1     12      1     12  -6.34211250000000     
      4     12      1     12   1.85595231518788     
      6      8      2     12  -3.24740000000000     
      6     11      2     12  0.778500000000000     
      2     12      2     12  -6.36660000000000     
      5     12      2     12 -0.778500000000000     
      2      7      3     12   3.02921228819160     
      5      7      3     12   2.63445231518788     
      1      8      3     12  0.317457782341194     
      4      8      3     12  -1.85595231518788     
      6      9      3     12  -3.07500000000000     
      2     10      3     12  -2.63445231518788     
      5     10      3     12 -0.551449999999998     
      1     11      3     12   1.85595231518788     
      4     11      3     12  0.380000000000002     
      3     12      3     12  -6.02465000000000     
      6      7      4     12   2.63445231518788     
      2      8      4     12   1.93220086611097     
      5      8      4     12 -0.622067384212707     
      6     10      4     12  -3.62645000000000     
      2     11      4     12  -1.97046893790508     
      5     11      4     12 -0.197973407305118     
      1     12      4     12   1.85595231518788     
      4     12      4     12  -5.64465000000000     
      6      8      5     12  0.778500000000000     
      6     11      5     12  -3.79790000000000     
      2     12      5     12 -0.778500000000000     
      5     12      5     12  -5.81610000000000     
      6     12      6     12  -9.61400000000000     
      8     11      7     12  -1.66350489685934     
      7     12      7     12 -0.237925000000000     
     10     12      7     12 -0.778500000000000     
      8     12      8     12  -3.11920000000000     
     11     12      8     12  -1.55700000000000     
      7      8      9     12  -2.71175450585041     
      8     10      9     12 -0.778500000000000     
      7     11      9     12 -0.778500000000000     
     10     11      9     12  0.931450000000000     
      9     12      9     12  -2.94965000000000     
      8     11     10     12  -1.34840155369237     
      7     12     10     12 -0.778500000000000     
     10     12     10     12  -2.01820000000000     
      8     12     11     12  -1.55700000000000     
     11     12     11     12  -2.01820000000000     
