      1      2      1      2  -1.26940000000000     
      2      4      1      2  0.000000000000000E+000
      1      5      1      2  0.000000000000000E+000
      4      5      1      2   1.99545533650844     
      3      6      1      2  -1.99545533650844     
      1      3      1      3  -2.23480000000000     
      3      4      1      3 -0.768100000000000     
      2      3      2      3 -0.482800000000000     
      1      4      2      3  -1.01151767162022     
      3      5      2      3 -0.384050000000000     
      2      3      1      4  -1.01151767162022     
      1      4      1      4  -1.65080000000000     
      3      5      1      4 -0.665194112646827     
      1      2      2      4  0.000000000000000E+000
      2      4      2      4  -1.06680000000000     
      1      5      2      4  -1.16800000000000     
      4      5      2      4 -0.384050000000000     
      3      6      2      4 -0.384050000000000     
      1      3      3      4 -0.768100000000000     
      3      4      3      4  -1.69160000000000     
      1      2      1      5  0.000000000000000E+000
      2      4      1      5  -1.16800000000000     
      1      5      1      5  -1.06680000000000     
      4      5      1      5 -0.384050000000000     
      3      6      1      5 -0.384050000000000     
      2      5      2      5  -1.65080000000000     
      1      6      2      5  -1.01151767162022     
      4      6      2      5 -0.665194112646827     
      2      3      3      5 -0.384050000000000     
      1      4      3      5 -0.665194112646828     
      3      5      3      5  -1.69160000000000     
      1      2      4      5   1.99545533650844     
      2      4      4      5 -0.384050000000000     
      1      5      4      5 -0.384050000000000     
      4      5      4      5  -2.47820000000000     
      3      6      4      5  0.786600000000000     
      2      5      1      6  -1.01151767162022     
      1      6      1      6 -0.482800000000000     
      4      6      1      6 -0.384050000000000     
      2      6      2      6  -2.23480000000000     
      5      6      2      6 -0.768100000000000     
      1      2      3      6  -1.99545533650844     
      2      4      3      6 -0.384050000000000     
      1      5      3      6 -0.384050000000000     
      4      5      3      6  0.786600000000000     
      3      6      3      6  -2.47820000000000     
      2      5      4      6 -0.665194112646828     
      1      6      4      6 -0.384050000000000     
      4      6      4      6  -1.69160000000000     
      2      6      5      6 -0.768100000000000     
      5      6      5      6  -1.69160000000000     
      1      7      1      7  -7.31660000000000     
      4      7      1      7  0.514314117296035     
      3      8      1      7 -0.890818182206673     
      2      9      1      7 -0.890818182206673     
      5      9      1      7   3.06478157052016     
      1     10      1      7  0.514314117296035     
      4     10      1      7  -3.53890492949443     
      3     11      1      7   3.06478157052016     
      2      7      2      7  -4.29300000000000     
      5      7      2      7  0.514314117296035     
      1      8      2      7  -3.02360000000000     
      4      8      2      7 -0.514314117296035     
      6      9      2      7   1.65645102886661     
      2     10      2      7 -0.514314117296035     
      5     10      2      7  0.113001435880610     
      1     11      2      7  0.514314117296035     
      4     11      2      7  -1.88245390062783     
      3     12      2      7   3.65190636537505     
      3      7      3      7  -6.02410000000000     
      1      9      3      7  -3.78930000000000     
      4      9      3      7 -0.384050000000000     
      3     10      3      7  0.384050000000000     
      1      7      4      7  0.514314117296035     
      4      7      4      7  -6.07131250000000     
      3      8      4      7  8.177444875234691E-002
      2      9      4      7   1.09329212037257     
      5      9      4      7   1.38913769023309     
      1     10      4      7  -4.42051250000000     
      4     10      4      7  -1.98808803879506     
      3     11      4      7   2.05433180287992     
      2      7      5      7  0.514314117296035     
      5      7      5      7  -6.11852500000000     
      1      8      5      7  0.514314117296035     
      4      8      5      7  9.442500000000198E-002
      6      9      5      7   2.79010705819260     
      2     10      5      7   1.26242500000000     
      5     10      5      7  -1.18606901939753     
      1     11      5      7  -5.05172500000000     
      4     11      5      7 -0.802019019397532     
      3     12      5      7   3.17415705819260     
      6      7      6      7  -6.16573750000000     
      2      8      6      7  0.890818182206673     
      5      8      6      7  8.177444875234735E-002
      6     10      6      7   2.79010705819260     
      2     11      6      7   1.09329212037257     
      5     11      6      7  -3.44346949311302     
      1     12      6      7  -5.68293750000000     
      4     12      6      7   3.17415705819260     
      2      7      1      8  -3.02360000000000     
      5      7      1      8  0.514314117296035     
      1      8      1      8  -4.29300000000000     
      4      8      1      8 -0.514314117296035     
      6      9      1      8   3.65190636537505     
      2     10      1      8 -0.514314117296035     
      5     10      1      8  -1.88245390062783     
      1     11      1      8  0.514314117296035     
      4     11      1      8  0.113001435880610     
      3     12      1      8   1.65645102886661     
      6      7      2      8  0.890818182206673     
      2      8      2      8  -7.31660000000000     
      5      8      2      8 -0.514314117296035     
      6     10      2      8   3.06478157052016     
      2     11      2      8 -0.514314117296035     
      5     11      2      8  -3.53890492949443     
      1     12      2      8  0.890818182206673     
      4     12      2      8   3.06478157052016     
      1      7      3      8 -0.890818182206673     
      4      7      3      8  8.177444875234735E-002
      3      8      3      8  -6.16573750000000     
      2      9      3      8  -5.68293750000000     
      5      9      3      8  -3.17415705819260     
      1     10      3      8   1.09329212037257     
      4     10      3      8   3.44346949311302     
      3     11      3      8  -2.79010705819260     
      2      7      4      8 -0.514314117296035     
      5      7      4      8  9.442500000000198E-002
      1      8      4      8 -0.514314117296035     
      4      8      4      8  -6.11852500000000     
      6      9      4      8  -3.17415705819260     
      2     10      4      8  -5.05172500000000     
      5     10      4      8  0.802019019397532     
      1     11      4      8   1.26242500000000     
      4     11      4      8   1.18606901939753     
      3     12      4      8  -2.79010705819260     
      6      7      5      8  8.177444875234691E-002
      2      8      5      8 -0.514314117296035     
      5      8      5      8  -6.07131250000000     
      6     10      5      8  -2.05433180287992     
      2     11      5      8  -4.42051250000000     
      5     11      5      8   1.98808803879506     
      1     12      5      8   1.09329212037257     
      4     12      5      8  -1.38913769023309     
      6      8      6      8  -6.02410000000000     
      6     11      6      8 -0.384050000000000     
      2     12      6      8  -3.78930000000000     
      5     12      6      8  0.384050000000000     
      7      8      7      8  -1.26940000000000     
      8     10      7      8  0.000000000000000E+000
      7     11      7      8  0.000000000000000E+000
     10     11      7      8   1.99545533650844     
      9     12      7      8  -1.99545533650844     
      3      7      1      9  -3.78930000000000     
      1      9      1      9  -6.02410000000000     
      4      9      1      9  0.384050000000000     
      3     10      1      9 -0.384050000000000     
      1      7      2      9 -0.890818182206673     
      4      7      2      9   1.09329212037257     
      3      8      2      9  -5.68293750000000     
      2      9      2      9  -6.16573750000000     
      5      9      2      9  -2.79010705819260     
      1     10      2      9  8.177444875234735E-002
      4     10      2      9   3.44346949311302     
      3     11      2      9  -3.17415705819260     
      3      9      3      9  -9.81340000000000     
      3      7      4      9 -0.384050000000000     
      1      9      4      9  0.384050000000000     
      4      9      4      9  -5.75250000000000     
      3     10      4      9  -4.06089999999999     
      1      7      5      9   3.06478157052016     
      4      7      5      9   1.38913769023309     
      3      8      5      9  -3.17415705819260     
      2      9      5      9  -2.79010705819260     
      5      9      5      9  -4.66149000000000     
      1     10      5      9   2.05433180287992     
      4     10      5      9  -1.25978983437714     
      3     11      5      9  -2.96989000000000     
      2      7      6      9   1.65645102886661     
      5      7      6      9   2.79010705819260     
      1      8      6      9   3.65190636537505     
      4      8      6      9  -3.17415705819260     
      6      9      6      9  -4.50928500000000     
      2     10      6      9  -2.79010705819260     
      5     10      6      9 -0.152204999999998     
      1     11      6      9   3.17415705819260     
      4     11      6      9 -0.938804999999998     
      3     12      6      9  -2.03108500000000     
      7      9      7      9  -2.23480000000000     
      9     10      7      9 -0.768100000000000     
      8      9      8      9 -0.482800000000000     
      7     10      8      9  -1.01151767162022     
      9     11      8      9 -0.384050000000000     
      1      7      1     10  0.514314117296035     
      4      7      1     10  -4.42051250000000     
      3      8      1     10   1.09329212037257     
      2      9      1     10  8.177444875234691E-002
      5      9      1     10   2.05433180287992     
      1     10      1     10  -6.07131250000000     
      4     10      1     10  -1.98808803879506     
      3     11      1     10   1.38913769023309     
      2      7      2     10 -0.514314117296035     
      5      7      2     10   1.26242500000000     
      1      8      2     10 -0.514314117296035     
      4      8      2     10  -5.05172500000000     
      6      9      2     10  -2.79010705819260     
      2     10      2     10  -6.11852500000000     
      5     10      2     10   1.18606901939753     
      1     11      2     10  9.442500000000198E-002
      4     11      2     10  0.802019019397532     
      3     12      2     10  -3.17415705819260     
      3      7      3     10  0.384050000000000     
      1      9      3     10 -0.384050000000000     
      4      9      3     10  -4.06089999999999     
      3     10      3     10  -5.75249999999999     
      1      7      4     10  -3.53890492949443     
      4      7      4     10  -1.98808803879506     
      3      8      4     10   3.44346949311302     
      2      9      4     10   3.44346949311302     
      5      9      4     10  -1.25978983437714     
      1     10      4     10  -1.98808803879506     
      4     10      4     10  -8.35872000000000     
      3     11      4     10  -1.25978983437714     
      2      7      5     10  0.113001435880610     
      5      7      5     10  -1.18606901939753     
      1      8      5     10  -1.88245390062783     
      4      8      5     10  0.802019019397532     
      6      9      5     10 -0.152204999999998     
      2     10      5     10   1.18606901939753     
      5     10      5     10  -5.96396500000000     
      1     11      5     10 -0.802019019397532     
      4     11      5     10  -3.48576500000000     
      3     12      5     10 -0.938804999999998     
      6      7      6     10   2.79010705819260     
      2      8      6     10   3.06478157052016     
      5      8      6     10  -2.05433180287992     
      6     10      6     10  -4.66149000000000     
      2     11      6     10  -1.38913769023309     
      5     11      6     10  -1.25978983437714     
      1     12      6     10   3.17415705819260     
      4     12      6     10  -2.96989000000000     
      8      9      7     10  -1.01151767162022     
      7     10      7     10  -1.65080000000000     
      9     11      7     10 -0.665194112646827     
      7      8      8     10  0.000000000000000E+000
      8     10      8     10  -1.06680000000000     
      7     11      8     10  -1.16800000000000     
     10     11      8     10 -0.384050000000000     
      9     12      8     10 -0.384050000000000     
      7      9      9     10 -0.768100000000000     
      9     10      9     10  -1.69160000000000     
      2      7      1     11  0.514314117296035     
      5      7      1     11  -5.05172500000000     
      1      8      1     11  0.514314117296035     
      4      8      1     11   1.26242500000000     
      6      9      1     11   3.17415705819260     
      2     10      1     11  9.442500000000198E-002
      5     10      1     11 -0.802019019397532     
      1     11      1     11  -6.11852500000000     
      4     11      1     11  -1.18606901939753     
      3     12      1     11   2.79010705819260     
      6      7      2     11   1.09329212037257     
      2      8      2     11 -0.514314117296035     
      5      8      2     11  -4.42051250000000     
      6     10      2     11  -1.38913769023309     
      2     11      2     11  -6.07131250000000     
      5     11      2     11   1.98808803879506     
      1     12      2     11  8.177444875234691E-002
      4     12      2     11  -2.05433180287992     
      1      7      3     11   3.06478157052016     
      4      7      3     11   2.05433180287992     
      3      8      3     11  -2.79010705819260     
      2      9      3     11  -3.17415705819260     
      5      9      3     11  -2.96989000000000     
      1     10      3     11   1.38913769023309     
      4     10      3     11  -1.25978983437714     
      3     11      3     11  -4.66149000000000     
      2      7      4     11  -1.88245390062783     
      5      7      4     11 -0.802019019397532     
      1      8      4     11  0.113001435880610     
      4      8      4     11   1.18606901939753     
      6      9      4     11 -0.938804999999998     
      2     10      4     11  0.802019019397532     
      5     10      4     11  -3.48576500000000     
      1     11      4     11  -1.18606901939753     
      4     11      4     11  -5.96396500000000     
      3     12      4     11 -0.152204999999998     
      6      7      5     11  -3.44346949311302     
      2      8      5     11  -3.53890492949443     
      5      8      5     11   1.98808803879506     
      6     10      5     11  -1.25978983437714     
      2     11      5     11   1.98808803879506     
      5     11      5     11  -8.35872000000000     
      1     12      5     11  -3.44346949311302     
      4     12      5     11  -1.25978983437714     
      6      8      6     11 -0.384050000000000     
      6     11      6     11  -5.75250000000000     
      2     12      6     11  0.384050000000000     
      5     12      6     11  -4.06089999999999     
      7      8      7     11  0.000000000000000E+000
      8     10      7     11  -1.16800000000000     
      7     11      7     11  -1.06680000000000     
     10     11      7     11 -0.384050000000000     
      9     12      7     11 -0.384050000000000     
      8     11      8     11  -1.65080000000000     
      7     12      8     11  -1.01151767162022     
     10     12      8     11 -0.665194112646827     
      8      9      9     11 -0.384050000000000     
      7     10      9     11 -0.665194112646828     
      9     11      9     11  -1.69160000000000     
      7      8     10     11   1.99545533650844     
      8     10     10     11 -0.384050000000000     
      7     11     10     11 -0.384050000000000     
     10     11     10     11  -2.47820000000000     
      9     12     10     11  0.786600000000000     
      6      7      1     12  -5.68293750000000     
      2      8      1     12  0.890818182206673     
      5      8      1     12   1.09329212037257     
      6     10      1     12   3.17415705819260     
      2     11      1     12  8.177444875234735E-002
      5     11      1     12  -3.44346949311302     
      1     12      1     12  -6.16573750000000     
      4     12      1     12   2.79010705819260     
      6      8      2     12  -3.78930000000000     
      6     11      2     12  0.384050000000000     
      2     12      2     12  -6.02410000000000     
      5     12      2     12 -0.384050000000000     
      2      7      3     12   3.65190636537505     
      5      7      3     12   3.17415705819260     
      1      8      3     12   1.65645102886661     
      4      8      3     12  -2.79010705819260     
      6      9      3     12  -2.03108500000000     
      2     10      3     12  -3.17415705819260     
      5     10      3     12 -0.938804999999998     
      1     11      3     12   2.79010705819260     
      4     11      3     12 -0.152204999999998     
      3     12      3     12  -4.50928500000000     
      6      7      4     12   3.17415705819260     
      2      8      4     12   3.06478157052016     
      5      8      4     12  -1.38913769023309     
      6     10      4     12  -2.96989000000000     
      2     11      4     12  -2.05433180287992     
      5     11      4     12  -1.25978983437714     
      1     12      4     12   2.79010705819260     
      4     12      4     12  -4.66149000000000     
      6      8      5     12  0.384050000000000     
      6     11      5     12  -4.06089999999999     
      2     12      5     12 -0.384050000000000     
      5     12      5     12  -5.75249999999999     
      6     12      6     12  -9.81340000000000     
      8     11      7     12  -1.01151767162022     
      7     12      7     12 -0.482800000000000     
     10     12      7     12 -0.384050000000000     
      8     12      8     12  -2.23480000000000     
     11     12      8     12 -0.768100000000000     
      7      8      9     12  -1.99545533650844     
      8     10      9     12 -0.384050000000000     
      7     11      9     12 -0.384050000000000     
     10     11      9     12  0.786600000000000     
      9     12      9     12  -2.47820000000000     
      8     11     10     12 -0.665194112646828     
      7     12     10     12 -0.384050000000000     
     10     12     10     12  -1.69160000000000     
      8     12     11     12 -0.768100000000000     
     11     12     11     12  -1.69160000000000     
