      1      1      1      1           2           0   5.23702882176526     
      1      1      1      1           0           0  -11.6096000000000     
      1      1      1      2           2           0  -1.78163636441334     
      1      1      2      1           2           0  -1.78163636441334     
      1      1      2      2           4           0  -8.16591088044278     
      1      1      2      2           2           0   5.93383891276686     
      1      2      1      1           2           0   1.78163636441334     
      1      2      1      2           2           0 -0.258593512462126     
      1      2      1      2           0           0  -17.2390335156241     
      1      2      2      1           4           0   12.7074345618827     
      1      2      2      1           2           0  -5.46996800474817     
      1      2      2      2           4           0   10.0375659549882     
      1      2      2      2           2           0   4.39283908472201     
      2      1      1      1           2           0   1.78163636441334     
      2      1      1      2           4           0   12.7074345618827     
      2      1      1      2           2           0  -5.46996800474817     
      2      1      2      1           2           0 -0.258593512462126     
      2      1      2      1           0           0  -17.2390335156241     
      2      1      2      2           4           0   10.0375659549882     
      2      1      2      2           2           0   4.39283908472201     
      2      2      1      1           4           0  -8.16591088044278     
      2      2      1      1           2           0   5.93383891276686     
      2      2      1      2           4           0  -10.0375659549882     
      2      2      1      2           2           0  -4.39283908472201     
      2      2      2      1           4           0  -10.0375659549882     
      2      2      2      1           2           0  -4.39283908472201     
      2      2      2      2           6           0   5.37374580163363     
      2      2      2      2           4           0  -8.74010772331354     
      2      2      2      2           2           0   9.81689158637677     
      2      2      2      2           0           0  -24.7366750000000     
      1      1      1      1           2           0   5.23702882176526     
      1      1      1      1           0           0  -11.6096000000000     
      1      1      1      2           2           0  -1.78163636441334     
      1      1      2      1           2           0  -1.78163636441334     
      1      1      2      2           4           0  -8.16591088044278     
      1      1      2      2           2           0   5.93383891276686     
      1      2      1      1           2           0   1.78163636441334     
      1      2      1      2           2           0 -0.258593512462126     
      1      2      1      2           0           0  -17.2390335156241     
      1      2      2      1           4           0   12.7074345618827     
      1      2      2      1           2           0  -5.46996800474817     
      1      2      2      2           4           0   10.0375659549882     
      1      2      2      2           2           0   4.39283908472201     
      2      1      1      1           2           0   1.78163636441334     
      2      1      1      2           4           0   12.7074345618827     
      2      1      1      2           2           0  -5.46996800474817     
      2      1      2      1           2           0 -0.258593512462126     
      2      1      2      1           0           0  -17.2390335156241     
      2      1      2      2           4           0   10.0375659549882     
      2      1      2      2           2           0   4.39283908472201     
      2      2      1      1           4           0  -8.16591088044278     
      2      2      1      1           2           0   5.93383891276686     
      2      2      1      2           4           0  -10.0375659549882     
      2      2      1      2           2           0  -4.39283908472201     
      2      2      2      1           4           0  -10.0375659549882     
      2      2      2      1           2           0  -4.39283908472201     
      2      2      2      2           6           0   5.37374580163363     
      2      2      2      2           4           0  -8.74010772331354     
      2      2      2      2           2           0   9.81689158637677     
      2      2      2      2           0           0  -24.7366750000000     
          60           6
   1   1   3   3   0   0   0   0-11.6096   1   1
   1   1   3   3   2   0   0   0  5.2370   1   1
   1   1   3   4   2   0   0   0 -1.7816   1   1
   1   1   4   3   2   0   0   0  1.7816   1   1
   1   1   4   4   0   0   0   0-17.2390   1   1
   1   1   4   4   2   0   0   0 -0.2586   1   1
   1   2   3   3   2   0   0   0 -1.7816   1   1
   1   2   3   4   2   0   0   0  5.9338   1   1
   1   2   3   4   4   0   0   0 -8.1659   1   1
   1   2   4   3   2   0   0   0 -5.4700   1   1
   1   2   4   3   4   0   0   0 12.7074   1   1
   1   2   4   4   2   0   0   0  4.3928   1   1
   1   2   4   4   4   0   0   0 10.0376   1   1
   2   1   3   3   2   0   0   0  1.7816   1   1
   2   1   3   4   2   0   0   0 -5.4700   1   1
   2   1   3   4   4   0   0   0 12.7074   1   1
   2   1   4   3   2   0   0   0  5.9338   1   1
   2   1   4   3   4   0   0   0 -8.1659   1   1
   2   1   4   4   2   0   0   0 -4.3928   1   1
   2   1   4   4   4   0   0   0-10.0376   1   1
   2   2   3   3   0   0   0   0-17.2390   1   1
   2   2   3   3   2   0   0   0 -0.2586   1   1
   2   2   3   4   2   0   0   0  4.3928   1   1
   2   2   3   4   4   0   0   0 10.0376   1   1
   2   2   4   3   2   0   0   0 -4.3928   1   1
   2   2   4   3   4   0   0   0-10.0376   1   1
   2   2   4   4   0   0   0   0-24.7367   1   1
   2   2   4   4   2   0   0   0  9.8169   1   1
   2   2   4   4   4   0   0   0 -8.7401   1   1
   2   2   4   4   6   0   0   0  5.3737   1   1
   3   3   1   1   0   0   0   0-11.6096   1   1
   3   3   1   1   2   0   0   0  5.2370   1   1
   3   3   1   2   2   0   0   0 -1.7816   1   1
   3   3   2   1   2   0   0   0  1.7816   1   1
   3   3   2   2   0   0   0   0-17.2390   1   1
   3   3   2   2   2   0   0   0 -0.2586   1   1
   3   4   1   1   2   0   0   0 -1.7816   1   1
   3   4   1   2   2   0   0   0  5.9338   1   1
   3   4   1   2   4   0   0   0 -8.1659   1   1
   3   4   2   1   2   0   0   0 -5.4700   1   1
   3   4   2   1   4   0   0   0 12.7074   1   1
   3   4   2   2   2   0   0   0  4.3928   1   1
   3   4   2   2   4   0   0   0 10.0376   1   1
   4   3   1   1   2   0   0   0  1.7816   1   1
   4   3   1   2   2   0   0   0 -5.4700   1   1
   4   3   1   2   4   0   0   0 12.7074   1   1
   4   3   2   1   2   0   0   0  5.9338   1   1
   4   3   2   1   4   0   0   0 -8.1659   1   1
   4   3   2   2   2   0   0   0 -4.3928   1   1
   4   3   2   2   4   0   0   0-10.0376   1   1
   4   4   1   1   0   0   0   0-17.2390   1   1
   4   4   1   1   2   0   0   0 -0.2586   1   1
   4   4   1   2   2   0   0   0  4.3928   1   1
   4   4   1   2   4   0   0   0 10.0376   1   1
   4   4   2   1   2   0   0   0 -4.3928   1   1
   4   4   2   1   4   0   0   0-10.0376   1   1
   4   4   2   2   0   0   0   0-24.7367   1   1
   4   4   2   2   2   0   0   0  9.8169   1   1
   4   4   2   2   4   0   0   0 -8.7401   1   1
   4   4   2   2   6   0   0   0  5.3737   1   1
