 ! Total Interaction
  20
   1   1   1   1     1     0  -7.3166
   1   2   1   1     1     0  -1.4547
   2   2   1   1     1     0   5.5955
   1   1   1   2     1     0  -1.4547
   1   2   1   2     1     0 -12.5271
   2   2   1   2     1     0  -8.8910
   1   1   2   2     1     0   5.5955
   1   2   2   2     1     0  -8.8910
   2   2   2   2     1     0  -6.1767
   1   2   1   2     2     0  -9.8134
   2   2   2   2     3     0  -9.8134
   1   1   1   1     0     1  -1.2694
   2   2   1   1     0     1  -2.8220
   1   1   2   2     0     1  -2.8220
   2   2   2   2     0     1  -3.2648
   1   2   1   2     1     1   0.1012
   1   2   1   2     2     1  -2.2348
   2   2   1   2     2     1   0.7681
   1   2   2   2     2     1   0.7681
   2   2   2   2     2     1  -1.6916
