      1      1      1      1           2           0   5.34935231663610     
      1      1      1      1           0           0  -11.6957500000000     
      1      1      1      2           2           0  -2.04765095047960     
      1      1      2      1           2           0  -2.04765095047960     
      1      1      2      2           4           0  -8.32865848439711     
      1      1      2      2           2           0   5.20856668290615     
      1      2      1      1           2           0   2.04765095047960     
      1      2      1      2           2           0  0.875671438811386     
      1      2      1      2           0           0  -17.1566378979464     
      1      2      2      1           4           0   12.0125484870249     
      1      2      2      1           2           0  -5.22468795976133     
      1      2      2      2           4           0   9.16483177490412     
      1      2      2      2           2           0   3.72318841018123     
      2      1      1      1           2           0   2.04765095047960     
      2      1      1      2           4           0   12.0125484870249     
      2      1      1      2           2           0  -5.22468795976133     
      2      1      2      1           2           0  0.875671438811386     
      2      1      2      1           0           0  -17.1566378979464     
      2      1      2      2           4           0   9.16483177490412     
      2      1      2      2           2           0   3.72318841018123     
      2      2      1      1           4           0  -8.32865848439711     
      2      2      1      1           2           0   5.20856668290615     
      2      2      1      2           4           0  -9.16483177490412     
      2      2      1      2           2           0  -3.72318841018124     
      2      2      2      1           4           0  -9.16483177490412     
      2      2      2      1           2           0  -3.72318841018124     
      2      2      2      2           6           0   4.35878268368303     
      2      2      2      2           4           0  -8.19039277172499     
      2      2      2      2           2           0   10.0931190491678     
      2      2      2      2           0           0  -25.1625750000000     
      1      1      1      1           2           0   5.34935231663610     
      1      1      1      1           0           0  -11.6957500000000     
      1      1      1      2           2           0  -2.04765095047960     
      1      1      2      1           2           0  -2.04765095047960     
      1      1      2      2           4           0  -8.32865848439711     
      1      1      2      2           2           0   5.20856668290615     
      1      2      1      1           2           0   2.04765095047960     
      1      2      1      2           2           0  0.875671438811386     
      1      2      1      2           0           0  -17.1566378979464     
      1      2      2      1           4           0   12.0125484870249     
      1      2      2      1           2           0  -5.22468795976133     
      1      2      2      2           4           0   9.16483177490412     
      1      2      2      2           2           0   3.72318841018123     
      2      1      1      1           2           0   2.04765095047960     
      2      1      1      2           4           0   12.0125484870249     
      2      1      1      2           2           0  -5.22468795976133     
      2      1      2      1           2           0  0.875671438811386     
      2      1      2      1           0           0  -17.1566378979464     
      2      1      2      2           4           0   9.16483177490412     
      2      1      2      2           2           0   3.72318841018123     
      2      2      1      1           4           0  -8.32865848439711     
      2      2      1      1           2           0   5.20856668290615     
      2      2      1      2           4           0  -9.16483177490412     
      2      2      1      2           2           0  -3.72318841018124     
      2      2      2      1           4           0  -9.16483177490412     
      2      2      2      1           2           0  -3.72318841018124     
      2      2      2      2           6           0   4.35878268368303     
      2      2      2      2           4           0  -8.19039277172499     
      2      2      2      2           2           0   10.0931190491678     
      2      2      2      2           0           0  -25.1625750000000     
          60           6
   1   1   3   3   0   0   0   0-11.6958   1   1
   1   1   3   3   2   0   0   0  5.3494   1   1
   1   1   3   4   2   0   0   0 -2.0477   1   1
   1   1   4   3   2   0   0   0  2.0477   1   1
   1   1   4   4   0   0   0   0-17.1566   1   1
   1   1   4   4   2   0   0   0  0.8757   1   1
   1   2   3   3   2   0   0   0 -2.0477   1   1
   1   2   3   4   2   0   0   0  5.2086   1   1
   1   2   3   4   4   0   0   0 -8.3287   1   1
   1   2   4   3   2   0   0   0 -5.2247   1   1
   1   2   4   3   4   0   0   0 12.0125   1   1
   1   2   4   4   2   0   0   0  3.7232   1   1
   1   2   4   4   4   0   0   0  9.1648   1   1
   2   1   3   3   2   0   0   0  2.0477   1   1
   2   1   3   4   2   0   0   0 -5.2247   1   1
   2   1   3   4   4   0   0   0 12.0125   1   1
   2   1   4   3   2   0   0   0  5.2086   1   1
   2   1   4   3   4   0   0   0 -8.3287   1   1
   2   1   4   4   2   0   0   0 -3.7232   1   1
   2   1   4   4   4   0   0   0 -9.1648   1   1
   2   2   3   3   0   0   0   0-17.1566   1   1
   2   2   3   3   2   0   0   0  0.8757   1   1
   2   2   3   4   2   0   0   0  3.7232   1   1
   2   2   3   4   4   0   0   0  9.1648   1   1
   2   2   4   3   2   0   0   0 -3.7232   1   1
   2   2   4   3   4   0   0   0 -9.1648   1   1
   2   2   4   4   0   0   0   0-25.1626   1   1
   2   2   4   4   2   0   0   0 10.0931   1   1
   2   2   4   4   4   0   0   0 -8.1904   1   1
   2   2   4   4   6   0   0   0  4.3588   1   1
   3   3   1   1   0   0   0   0-11.6958   1   1
   3   3   1   1   2   0   0   0  5.3494   1   1
   3   3   1   2   2   0   0   0 -2.0477   1   1
   3   3   2   1   2   0   0   0  2.0477   1   1
   3   3   2   2   0   0   0   0-17.1566   1   1
   3   3   2   2   2   0   0   0  0.8757   1   1
   3   4   1   1   2   0   0   0 -2.0477   1   1
   3   4   1   2   2   0   0   0  5.2086   1   1
   3   4   1   2   4   0   0   0 -8.3287   1   1
   3   4   2   1   2   0   0   0 -5.2247   1   1
   3   4   2   1   4   0   0   0 12.0125   1   1
   3   4   2   2   2   0   0   0  3.7232   1   1
   3   4   2   2   4   0   0   0  9.1648   1   1
   4   3   1   1   2   0   0   0  2.0477   1   1
   4   3   1   2   2   0   0   0 -5.2247   1   1
   4   3   1   2   4   0   0   0 12.0125   1   1
   4   3   2   1   2   0   0   0  5.2086   1   1
   4   3   2   1   4   0   0   0 -8.3287   1   1
   4   3   2   2   2   0   0   0 -3.7232   1   1
   4   3   2   2   4   0   0   0 -9.1648   1   1
   4   4   1   1   0   0   0   0-17.1566   1   1
   4   4   1   1   2   0   0   0  0.8757   1   1
   4   4   1   2   2   0   0   0  3.7232   1   1
   4   4   1   2   4   0   0   0  9.1648   1   1
   4   4   2   1   2   0   0   0 -3.7232   1   1
   4   4   2   1   4   0   0   0 -9.1648   1   1
   4   4   2   2   0   0   0   0-25.1626   1   1
   4   4   2   2   2   0   0   0 10.0931   1   1
   4   4   2   2   4   0   0   0 -8.1904   1   1
   4   4   2   2   6   0   0   0  4.3588   1   1
