      1      2      1      2  -1.21520000000000     
      2      4      1      2  0.000000000000000E+000
      1      5      1      2  0.000000000000000E+000
      4      5      1      2   2.40048610077209     
      3      6      1      2  -2.40048610077209     
      1      3      1      3  -2.70020000000000     
      3      4      1      3 -0.858900000000000     
      2      3      2      3 -0.453800000000000     
      1      4      2      3  -1.29695964470758     
      3      5      2      3 -0.429450000000000     
      2      3      1      4  -1.29695964470758     
      1      4      1      4  -1.95140000000000     
      3      5      1      4 -0.743829219310455     
      1      2      2      4  0.000000000000000E+000
      2      4      2      4  -1.20260000000000     
      1      5      2      4  -1.49760000000000     
      4      5      2      4 -0.429450000000000     
      3      6      2      4 -0.429450000000000     
      1      3      3      4 -0.858900000000000     
      3      4      3      4  -2.09280000000000     
      1      2      1      5  0.000000000000000E+000
      2      4      1      5  -1.49760000000000     
      1      5      1      5  -1.20260000000000     
      4      5      1      5 -0.429450000000000     
      3      6      1      5 -0.429450000000000     
      2      5      2      5  -1.95140000000000     
      1      6      2      5  -1.29695964470758     
      4      6      2      5 -0.743829219310455     
      2      3      3      5 -0.429450000000000     
      1      4      3      5 -0.743829219310455     
      3      5      3      5  -2.09280000000000     
      1      2      4      5   2.40048610077209     
      2      4      4      5 -0.429450000000000     
      1      5      4      5 -0.429450000000000     
      4      5      4      5  -2.85425000000000     
      3      6      4      5  0.761450000000000     
      2      5      1      6  -1.29695964470758     
      1      6      1      6 -0.453800000000000     
      4      6      1      6 -0.429450000000000     
      2      6      2      6  -2.70020000000000     
      5      6      2      6 -0.858900000000000     
      1      2      3      6  -2.40048610077209     
      2      4      3      6 -0.429450000000000     
      1      5      3      6 -0.429450000000000     
      4      5      3      6  0.761450000000000     
      3      6      3      6  -2.85425000000000     
      2      5      4      6 -0.743829219310455     
      1      6      4      6 -0.429450000000000     
      4      6      4      6  -2.09280000000000     
      2      6      5      6 -0.858900000000000     
      5      6      5      6  -2.09280000000000     
      1      7      1      7  -7.39210000000000     
      4      7      1      7  0.591105913732895     
      3      8      1      7  -1.02382547523980     
      2      9      1      7  -1.02382547523980     
      5      9      1      7   2.91497945104250     
      1     10      1      7  0.591105913732895     
      4     10      1      7  -3.36592834148322     
      3     11      1      7   2.91497945104250     
      2      7      2      7  -4.30365000000000     
      5      7      2      7  0.591105913732895     
      1      8      2      7  -3.08845000000000     
      4      8      2      7 -0.591105913732895     
      6      9      2      7   1.32420320572637     
      2     10      2      7 -0.591105913732895     
      5     10      2      7  0.358760965015240     
      1     11      2      7  0.591105913732895     
      4     11      2      7  -2.04172513575685     
      3     12      2      7   3.72468930649846     
      3      7      3      7  -6.30560000000000     
      1      9      3      7  -3.60540000000000     
      4      9      3      7 -0.429450000000000     
      3     10      3      7  0.429450000000000     
      1      7      4      7  0.591105913732895     
      4      7      4      7  -6.14572500000000     
      3      8      4      7 -0.276911622860073     
      2      9      4      7   1.02004802184750     
      5      9      4      7   1.17737555341140     
      1     10      4      7  -4.19432500000000     
      4     10      4      7  -1.78896618539871     
      3     11      4      7   1.92120477272185     
      2      7      5      7  0.591105913732895     
      5      7      5      7  -5.98585000000000     
      1      8      5      7  0.591105913732895     
      4      8      5      7 -0.319749999999998     
      6      9      5      7   2.46872427809806     
      2     10      5      7   1.17785000000000     
      5     10      5      7  -1.10920809269935     
      1     11      5      7  -4.78325000000000     
      4     11      5      7 -0.679758092699354     
      3     12      5      7   2.89817427809806     
      6      7      6      7  -5.82597500000000     
      2      8      6      7   1.02382547523980     
      5      8      6      7 -0.276911622860073     
      6     10      6      7   2.46872427809806     
      2     11      6      7   1.02004802184750     
      5     11      6      7  -3.09858032613325     
      1     12      6      7  -5.37217500000000     
      4     12      6      7   2.89817427809806     
      2      7      1      8  -3.08845000000000     
      5      7      1      8  0.591105913732895     
      1      8      1      8  -4.30365000000000     
      4      8      1      8 -0.591105913732895     
      6      9      1      8   3.72468930649846     
      2     10      1      8 -0.591105913732895     
      5     10      1      8  -2.04172513575685     
      1     11      1      8  0.591105913732895     
      4     11      1      8  0.358760965015240     
      3     12      1      8   1.32420320572637     
      6      7      2      8   1.02382547523980     
      2      8      2      8  -7.39210000000000     
      5      8      2      8 -0.591105913732895     
      6     10      2      8   2.91497945104250     
      2     11      2      8 -0.591105913732895     
      5     11      2      8  -3.36592834148322     
      1     12      2      8   1.02382547523980     
      4     12      2      8   2.91497945104250     
      1      7      3      8  -1.02382547523980     
      4      7      3      8 -0.276911622860073     
      3      8      3      8  -5.82597500000000     
      2      9      3      8  -5.37217500000000     
      5      9      3      8  -2.89817427809806     
      1     10      3      8   1.02004802184750     
      4     10      3      8   3.09858032613325     
      3     11      3      8  -2.46872427809806     
      2      7      4      8 -0.591105913732895     
      5      7      4      8 -0.319749999999998     
      1      8      4      8 -0.591105913732895     
      4      8      4      8  -5.98585000000000     
      6      9      4      8  -2.89817427809806     
      2     10      4      8  -4.78325000000000     
      5     10      4      8  0.679758092699354     
      1     11      4      8   1.17785000000000     
      4     11      4      8   1.10920809269935     
      3     12      4      8  -2.46872427809806     
      6      7      5      8 -0.276911622860073     
      2      8      5      8 -0.591105913732895     
      5      8      5      8  -6.14572500000000     
      6     10      5      8  -1.92120477272185     
      2     11      5      8  -4.19432500000000     
      5     11      5      8   1.78896618539871     
      1     12      5      8   1.02004802184750     
      4     12      5      8  -1.17737555341140     
      6      8      6      8  -6.30560000000000     
      6     11      6      8 -0.429450000000000     
      2     12      6      8  -3.60540000000000     
      5     12      6      8  0.429450000000000     
      7      8      7      8  -1.21520000000000     
      8     10      7      8  0.000000000000000E+000
      7     11      7      8  0.000000000000000E+000
     10     11      7      8   2.40048610077209     
      9     12      7      8  -2.40048610077209     
      3      7      1      9  -3.60540000000000     
      1      9      1      9  -6.30560000000000     
      4      9      1      9  0.429450000000000     
      3     10      1      9 -0.429450000000000     
      1      7      2      9  -1.02382547523980     
      4      7      2      9   1.02004802184750     
      3      8      2      9  -5.37217500000000     
      2      9      2      9  -5.82597500000000     
      5      9      2      9  -2.46872427809806     
      1     10      2      9 -0.276911622860073     
      4     10      2      9   3.09858032613325     
      3     11      2      9  -2.89817427809806     
      3      9      3      9  -9.91100000000000     
      3      7      4      9 -0.429450000000000     
      1      9      4      9  0.429450000000000     
      4      9      4      9  -6.00190000000000     
      3     10      4      9  -3.90909999999999     
      1      7      5      9   2.91497945104250     
      4      7      5      9   1.17737555341140     
      3      8      5      9  -2.89817427809806     
      2      9      5      9  -2.46872427809806     
      5      9      5      9  -4.74796000000000     
      1     10      5      9   1.92120477272185     
      4     10      5      9  -1.44792519309527     
      3     11      5      9  -2.65516000000000     
      2      7      6      9   1.32420320572637     
      5      7      6      9   2.46872427809806     
      1      8      6      9   3.72468930649846     
      4      8      6      9  -2.89817427809806     
      6      9      6      9  -4.50171500000000     
      2     10      6      9  -2.46872427809806     
      5     10      6      9 -0.246244999999997     
      1     11      6      9   2.89817427809806     
      4     11      6      9  -1.00769500000000     
      3     12      6      9  -1.64746500000000     
      7      9      7      9  -2.70020000000000     
      9     10      7      9 -0.858900000000000     
      8      9      8      9 -0.453800000000000     
      7     10      8      9  -1.29695964470758     
      9     11      8      9 -0.429450000000000     
      1      7      1     10  0.591105913732895     
      4      7      1     10  -4.19432500000000     
      3      8      1     10   1.02004802184750     
      2      9      1     10 -0.276911622860073     
      5      9      1     10   1.92120477272185     
      1     10      1     10  -6.14572500000000     
      4     10      1     10  -1.78896618539871     
      3     11      1     10   1.17737555341140     
      2      7      2     10 -0.591105913732895     
      5      7      2     10   1.17785000000000     
      1      8      2     10 -0.591105913732895     
      4      8      2     10  -4.78325000000000     
      6      9      2     10  -2.46872427809806     
      2     10      2     10  -5.98585000000000     
      5     10      2     10   1.10920809269935     
      1     11      2     10 -0.319749999999998     
      4     11      2     10  0.679758092699354     
      3     12      2     10  -2.89817427809806     
      3      7      3     10  0.429450000000000     
      1      9      3     10 -0.429450000000000     
      4      9      3     10  -3.90910000000000     
      3     10      3     10  -6.00189999999999     
      1      7      4     10  -3.36592834148322     
      4      7      4     10  -1.78896618539871     
      3      8      4     10   3.09858032613325     
      2      9      4     10   3.09858032613325     
      5      9      4     10  -1.44792519309527     
      1     10      4     10  -1.78896618539871     
      4     10      4     10  -8.23908000000000     
      3     11      4     10  -1.44792519309527     
      2      7      5     10  0.358760965015240     
      5      7      5     10  -1.10920809269935     
      1      8      5     10  -2.04172513575685     
      4      8      5     10  0.679758092699354     
      6      9      5     10 -0.246244999999997     
      2     10      5     10   1.10920809269935     
      5     10      5     10  -6.17363500000000     
      1     11      5     10 -0.679758092699354     
      4     11      5     10  -3.31938500000000     
      3     12      5     10  -1.00769500000000     
      6      7      6     10   2.46872427809806     
      2      8      6     10   2.91497945104250     
      5      8      6     10  -1.92120477272185     
      6     10      6     10  -4.74796000000000     
      2     11      6     10  -1.17737555341140     
      5     11      6     10  -1.44792519309527     
      1     12      6     10   2.89817427809806     
      4     12      6     10  -2.65516000000000     
      8      9      7     10  -1.29695964470758     
      7     10      7     10  -1.95140000000000     
      9     11      7     10 -0.743829219310455     
      7      8      8     10  0.000000000000000E+000
      8     10      8     10  -1.20260000000000     
      7     11      8     10  -1.49760000000000     
     10     11      8     10 -0.429450000000000     
      9     12      8     10 -0.429450000000000     
      7      9      9     10 -0.858900000000000     
      9     10      9     10  -2.09280000000000     
      2      7      1     11  0.591105913732895     
      5      7      1     11  -4.78325000000000     
      1      8      1     11  0.591105913732895     
      4      8      1     11   1.17785000000000     
      6      9      1     11   2.89817427809806     
      2     10      1     11 -0.319749999999998     
      5     10      1     11 -0.679758092699354     
      1     11      1     11  -5.98585000000000     
      4     11      1     11  -1.10920809269935     
      3     12      1     11   2.46872427809806     
      6      7      2     11   1.02004802184750     
      2      8      2     11 -0.591105913732895     
      5      8      2     11  -4.19432500000000     
      6     10      2     11  -1.17737555341140     
      2     11      2     11  -6.14572500000000     
      5     11      2     11   1.78896618539871     
      1     12      2     11 -0.276911622860073     
      4     12      2     11  -1.92120477272185     
      1      7      3     11   2.91497945104250     
      4      7      3     11   1.92120477272185     
      3      8      3     11  -2.46872427809806     
      2      9      3     11  -2.89817427809806     
      5      9      3     11  -2.65516000000000     
      1     10      3     11   1.17737555341140     
      4     10      3     11  -1.44792519309527     
      3     11      3     11  -4.74796000000000     
      2      7      4     11  -2.04172513575685     
      5      7      4     11 -0.679758092699354     
      1      8      4     11  0.358760965015240     
      4      8      4     11   1.10920809269935     
      6      9      4     11  -1.00769500000000     
      2     10      4     11  0.679758092699354     
      5     10      4     11  -3.31938500000000     
      1     11      4     11  -1.10920809269935     
      4     11      4     11  -6.17363500000000     
      3     12      4     11 -0.246244999999997     
      6      7      5     11  -3.09858032613325     
      2      8      5     11  -3.36592834148322     
      5      8      5     11   1.78896618539871     
      6     10      5     11  -1.44792519309527     
      2     11      5     11   1.78896618539871     
      5     11      5     11  -8.23908000000000     
      1     12      5     11  -3.09858032613325     
      4     12      5     11  -1.44792519309527     
      6      8      6     11 -0.429450000000000     
      6     11      6     11  -6.00190000000000     
      2     12      6     11  0.429450000000000     
      5     12      6     11  -3.90909999999999     
      7      8      7     11  0.000000000000000E+000
      8     10      7     11  -1.49760000000000     
      7     11      7     11  -1.20260000000000     
     10     11      7     11 -0.429450000000000     
      9     12      7     11 -0.429450000000000     
      8     11      8     11  -1.95140000000000     
      7     12      8     11  -1.29695964470758     
     10     12      8     11 -0.743829219310455     
      8      9      9     11 -0.429450000000000     
      7     10      9     11 -0.743829219310455     
      9     11      9     11  -2.09280000000000     
      7      8     10     11   2.40048610077209     
      8     10     10     11 -0.429450000000000     
      7     11     10     11 -0.429450000000000     
     10     11     10     11  -2.85425000000000     
      9     12     10     11  0.761450000000000     
      6      7      1     12  -5.37217500000000     
      2      8      1     12   1.02382547523980     
      5      8      1     12   1.02004802184750     
      6     10      1     12   2.89817427809806     
      2     11      1     12 -0.276911622860073     
      5     11      1     12  -3.09858032613325     
      1     12      1     12  -5.82597500000000     
      4     12      1     12   2.46872427809806     
      6      8      2     12  -3.60540000000000     
      6     11      2     12  0.429450000000000     
      2     12      2     12  -6.30560000000000     
      5     12      2     12 -0.429450000000000     
      2      7      3     12   3.72468930649846     
      5      7      3     12   2.89817427809806     
      1      8      3     12   1.32420320572637     
      4      8      3     12  -2.46872427809806     
      6      9      3     12  -1.64746500000000     
      2     10      3     12  -2.89817427809806     
      5     10      3     12  -1.00769500000000     
      1     11      3     12   2.46872427809806     
      4     11      3     12 -0.246244999999997     
      3     12      3     12  -4.50171500000000     
      6      7      4     12   2.89817427809806     
      2      8      4     12   2.91497945104250     
      5      8      4     12  -1.17737555341140     
      6     10      4     12  -2.65516000000000     
      2     11      4     12  -1.92120477272185     
      5     11      4     12  -1.44792519309527     
      1     12      4     12   2.46872427809806     
      4     12      4     12  -4.74796000000000     
      6      8      5     12  0.429450000000000     
      6     11      5     12  -3.90910000000000     
      2     12      5     12 -0.429450000000000     
      5     12      5     12  -6.00189999999999     
      6     12      6     12  -9.91100000000000     
      8     11      7     12  -1.29695964470758     
      7     12      7     12 -0.453800000000000     
     10     12      7     12 -0.429450000000000     
      8     12      8     12  -2.70020000000000     
     11     12      8     12 -0.858900000000000     
      7      8      9     12  -2.40048610077209     
      8     10      9     12 -0.429450000000000     
      7     11      9     12 -0.429450000000000     
     10     11      9     12  0.761450000000000     
      9     12      9     12  -2.85425000000000     
      8     11     10     12 -0.743829219310455     
      7     12     10     12 -0.429450000000000     
     10     12     10     12  -2.09280000000000     
      8     12     11     12 -0.858900000000000     
     11     12     11     12  -2.09280000000000     
