 ! Total Interaction
  20
   1   1   1   1     1     0  -7.3921
   1   2   1   1     1     0  -1.6719
   2   2   1   1     1     0   5.3220
   1   1   1   2     1     0  -1.6719
   1   2   1   2     1     0 -11.6272
   2   2   1   2     1     0  -8.0005
   1   1   2   2     1     0   5.3220
   1   2   2   2     1     0  -8.0005
   2   2   2   2     1     0  -5.7312
   1   2   1   2     2     0  -9.9110
   2   2   2   2     3     0  -9.9110
   1   1   1   1     0     1  -1.2152
   2   2   1   1     0     1  -3.3948
   1   1   2   2     0     1  -3.3948
   2   2   2   2     0     1  -3.6157
   1   2   1   2     1     1   0.2950
   1   2   1   2     2     1  -2.7002
   2   2   1   2     2     1   0.8589
   1   2   2   2     2     1   0.8589
   2   2   2   2     2     1  -2.0928
