      1      1      1      1           2           0   5.20741075295583     
      1      1      1      1           0           0  -11.4775000000000     
      1      1      1      2           2           0 -0.350399507705134     
      1      1      2      1           2           0 -0.350399507705134     
      1      1      2      2           4           0  -6.23584148278081     
      1      1      2      2           2           0   2.09295108438541     
      1      2      1      1           2           0  0.350399507705134     
      1      2      1      2           2           0  0.300288892152208     
      1      2      1      2           0           0  -15.8127814603013     
      1      2      2      1           4           0   11.6947473257228     
      1      2      2      1           2           0  -3.24213930414780     
      1      2      2      2           4           0   7.40221657389721     
      1      2      2      2           2           0   1.55185576911046     
      2      1      1      1           2           0  0.350399507705134     
      2      1      1      2           4           0   11.6947473257228     
      2      1      1      2           2           0  -3.24213930414780     
      2      1      2      1           2           0  0.300288892152208     
      2      1      2      1           0           0  -15.8127814603013     
      2      1      2      2           4           0   7.40221657389721     
      2      1      2      2           2           0   1.55185576911046     
      2      2      1      1           4           0  -6.23584148278081     
      2      2      1      1           2           0   2.09295108438542     
      2      2      1      2           4           0  -7.40221657389721     
      2      2      1      2           2           0  -1.55185576911046     
      2      2      2      1           4           0  -7.40221657389721     
      2      2      2      1           2           0  -1.55185576911046     
      2      2      2      2           6           0   6.45909913321510     
      2      2      2      2           4           0  -8.06453568561142     
      2      2      2      2           2           0   5.46723569459924     
      2      2      2      2           0           0  -23.7606500000000     
      1      1      1      1           2           0   5.20741075295583     
      1      1      1      1           0           0  -11.4775000000000     
      1      1      1      2           2           0 -0.350399507705134     
      1      1      2      1           2           0 -0.350399507705134     
      1      1      2      2           4           0  -6.23584148278081     
      1      1      2      2           2           0   2.09295108438541     
      1      2      1      1           2           0  0.350399507705134     
      1      2      1      2           2           0  0.300288892152208     
      1      2      1      2           0           0  -15.8127814603013     
      1      2      2      1           4           0   11.6947473257228     
      1      2      2      1           2           0  -3.24213930414780     
      1      2      2      2           4           0   7.40221657389721     
      1      2      2      2           2           0   1.55185576911046     
      2      1      1      1           2           0  0.350399507705134     
      2      1      1      2           4           0   11.6947473257228     
      2      1      1      2           2           0  -3.24213930414780     
      2      1      2      1           2           0  0.300288892152208     
      2      1      2      1           0           0  -15.8127814603013     
      2      1      2      2           4           0   7.40221657389721     
      2      1      2      2           2           0   1.55185576911046     
      2      2      1      1           4           0  -6.23584148278081     
      2      2      1      1           2           0   2.09295108438542     
      2      2      1      2           4           0  -7.40221657389721     
      2      2      1      2           2           0  -1.55185576911046     
      2      2      2      1           4           0  -7.40221657389721     
      2      2      2      1           2           0  -1.55185576911046     
      2      2      2      2           6           0   6.45909913321510     
      2      2      2      2           4           0  -8.06453568561142     
      2      2      2      2           2           0   5.46723569459924     
      2      2      2      2           0           0  -23.7606500000000     
          60           6
   1   1   3   3   0   0   0   0-11.4775   1   1
   1   1   3   3   2   0   0   0  5.2074   1   1
   1   1   3   4   2   0   0   0 -0.3504   1   1
   1   1   4   3   2   0   0   0  0.3504   1   1
   1   1   4   4   0   0   0   0-15.8128   1   1
   1   1   4   4   2   0   0   0  0.3003   1   1
   1   2   3   3   2   0   0   0 -0.3504   1   1
   1   2   3   4   2   0   0   0  2.0930   1   1
   1   2   3   4   4   0   0   0 -6.2358   1   1
   1   2   4   3   2   0   0   0 -3.2421   1   1
   1   2   4   3   4   0   0   0 11.6947   1   1
   1   2   4   4   2   0   0   0  1.5519   1   1
   1   2   4   4   4   0   0   0  7.4022   1   1
   2   1   3   3   2   0   0   0  0.3504   1   1
   2   1   3   4   2   0   0   0 -3.2421   1   1
   2   1   3   4   4   0   0   0 11.6947   1   1
   2   1   4   3   2   0   0   0  2.0930   1   1
   2   1   4   3   4   0   0   0 -6.2358   1   1
   2   1   4   4   2   0   0   0 -1.5519   1   1
   2   1   4   4   4   0   0   0 -7.4022   1   1
   2   2   3   3   0   0   0   0-15.8128   1   1
   2   2   3   3   2   0   0   0  0.3003   1   1
   2   2   3   4   2   0   0   0  1.5519   1   1
   2   2   3   4   4   0   0   0  7.4022   1   1
   2   2   4   3   2   0   0   0 -1.5519   1   1
   2   2   4   3   4   0   0   0 -7.4022   1   1
   2   2   4   4   0   0   0   0-23.7607   1   1
   2   2   4   4   2   0   0   0  5.4672   1   1
   2   2   4   4   4   0   0   0 -8.0645   1   1
   2   2   4   4   6   0   0   0  6.4591   1   1
   3   3   1   1   0   0   0   0-11.4775   1   1
   3   3   1   1   2   0   0   0  5.2074   1   1
   3   3   1   2   2   0   0   0 -0.3504   1   1
   3   3   2   1   2   0   0   0  0.3504   1   1
   3   3   2   2   0   0   0   0-15.8128   1   1
   3   3   2   2   2   0   0   0  0.3003   1   1
   3   4   1   1   2   0   0   0 -0.3504   1   1
   3   4   1   2   2   0   0   0  2.0930   1   1
   3   4   1   2   4   0   0   0 -6.2358   1   1
   3   4   2   1   2   0   0   0 -3.2421   1   1
   3   4   2   1   4   0   0   0 11.6947   1   1
   3   4   2   2   2   0   0   0  1.5519   1   1
   3   4   2   2   4   0   0   0  7.4022   1   1
   4   3   1   1   2   0   0   0  0.3504   1   1
   4   3   1   2   2   0   0   0 -3.2421   1   1
   4   3   1   2   4   0   0   0 11.6947   1   1
   4   3   2   1   2   0   0   0  2.0930   1   1
   4   3   2   1   4   0   0   0 -6.2358   1   1
   4   3   2   2   2   0   0   0 -1.5519   1   1
   4   3   2   2   4   0   0   0 -7.4022   1   1
   4   4   1   1   0   0   0   0-15.8128   1   1
   4   4   1   1   2   0   0   0  0.3003   1   1
   4   4   1   2   2   0   0   0  1.5519   1   1
   4   4   1   2   4   0   0   0  7.4022   1   1
   4   4   2   1   2   0   0   0 -1.5519   1   1
   4   4   2   1   4   0   0   0 -7.4022   1   1
   4   4   2   2   0   0   0   0-23.7607   1   1
   4   4   2   2   2   0   0   0  5.4672   1   1
   4   4   2   2   4   0   0   0 -8.0645   1   1
   4   4   2   2   6   0   0   0  6.4591   1   1
