      1      2      1      2  -1.22900000000000     
      2      4      1      2  0.000000000000000E+000
      1      5      1      2  0.000000000000000E+000
      4      5      1      2   2.57966695912476     
      3      6      1      2  -2.57966695912476     
      1      3      1      3  -2.96150000000000     
      3      4      1      3  -1.49080000000000     
      2      3      2      3 -0.278375000000000     
      1      4      2      3  -1.54910294101942     
      3      5      2      3 -0.745400000000000     
      2      3      1      4  -1.54910294101942     
      1      4      1      4  -2.06712500000000     
      3      5      1      4  -1.29107067196184     
      1      2      2      4  0.000000000000000E+000
      2      4      2      4  -1.17275000000000     
      1      5      2      4  -1.78875000000000     
      4      5      2      4 -0.745400000000000     
      3      6      2      4 -0.745400000000000     
      1      3      3      4  -1.49080000000000     
      3      4      3      4  -1.90730000000000     
      1      2      1      5  0.000000000000000E+000
      2      4      1      5  -1.78875000000000     
      1      5      1      5  -1.17275000000000     
      4      5      1      5 -0.745400000000000     
      3      6      1      5 -0.745400000000000     
      2      5      2      5  -2.06712500000000     
      1      6      2      5  -1.54910294101942     
      4      6      2      5  -1.29107067196184     
      2      3      3      5 -0.745400000000000     
      1      4      3      5  -1.29107067196184     
      3      5      3      5  -1.90730000000000     
      1      2      4      5   2.57966695912476     
      2      4      4      5 -0.745400000000000     
      1      5      4      5 -0.745400000000000     
      4      5      4      5  -2.85800000000000     
      3      6      4      5  0.950700000000000     
      2      5      1      6  -1.54910294101942     
      1      6      1      6 -0.278375000000000     
      4      6      1      6 -0.745400000000000     
      2      6      2      6  -2.96150000000000     
      5      6      2      6  -1.49080000000000     
      1      2      3      6  -2.57966695912476     
      2      4      3      6 -0.745400000000000     
      1      5      3      6 -0.745400000000000     
      4      5      3      6  0.950700000000000     
      3      6      3      6  -2.85800000000000     
      2      5      4      6  -1.29107067196184     
      1      6      4      6 -0.745400000000000     
      4      6      4      6  -1.90730000000000     
      2      6      5      6  -1.49080000000000     
      5      6      5      6  -1.90730000000000     
      1      7      1      7  -7.24200000000000     
      4      7      1      7  0.101151625048736     
      3      8      1      7 -0.175199753852567     
      2      9      1      7 -0.175199753852567     
      5      9      1      7   1.73080328171633     
      1     10      1      7  0.101151625048736     
      4     10      1      7  -1.99855948122642     
      3     11      1      7   1.73080328171633     
      2      7      2      7  -4.23550000000000     
      5      7      2      7  0.101151625048736     
      1      8      2      7  -3.00650000000000     
      4      8      2      7 -0.101151625048736     
      6      9      2      7  0.209086131357431     
      2     10      2      7 -0.101151625048736     
      5     10      2      7  0.790193609255777     
      1     11      2      7  0.101151625048736     
      4     11      2      7  -1.78947334986899     
      3     12      2      7   2.78875309048219     
      3      7      3      7  -5.67290000000000     
      1      9      3      7  -2.71140000000000     
      4      9      3      7 -0.745400000000000     
      3     10      3      7  0.745400000000000     
      1      7      4      7  0.101151625048736     
      4      7      4      7  -5.61807500000000     
      3      8      4      7 -9.495968552496259E-002
      2      9      4      7   1.45414325549445     
      5      9      4      7  0.490739883046143     
      1     10      4      7  -3.55095000000000     
      4     10      4      7  -1.31205760715755     
      3     11      4      7   1.78181055500798     
      2      7      5      7  0.101151625048736     
      5      7      5      7  -5.56325000000000     
      1      8      5      7  0.101151625048736     
      4      8      5      7 -0.109649999999998     
      6      9      5      7   1.59538641073633     
      2     10      5      7   1.67910000000000     
      5     10      5      7  -1.02872880357878     
      1     11      5      7  -4.39050000000000     
      4     11      5      7 -0.283328803578776     
      3     12      5      7   2.34078641073633     
      6      7      6      7  -5.50842500000000     
      2      8      6      7  0.175199753852567     
      5      8      6      7 -9.495968552496303E-002
      6     10      6      7   1.59538641073633     
      2     11      6      7   1.45414325549445     
      5     11      6      7  -2.27255043805413     
      1     12      6      7  -5.23005000000000     
      4     12      6      7   2.34078641073633     
      2      7      1      8  -3.00650000000000     
      5      7      1      8  0.101151625048736     
      1      8      1      8  -4.23550000000000     
      4      8      1      8 -0.101151625048736     
      6      9      1      8   2.78875309048219     
      2     10      1      8 -0.101151625048736     
      5     10      1      8  -1.78947334986899     
      1     11      1      8  0.101151625048736     
      4     11      1      8  0.790193609255777     
      3     12      1      8  0.209086131357431     
      6      7      2      8  0.175199753852567     
      2      8      2      8  -7.24200000000000     
      5      8      2      8 -0.101151625048736     
      6     10      2      8   1.73080328171633     
      2     11      2      8 -0.101151625048736     
      5     11      2      8  -1.99855948122642     
      1     12      2      8  0.175199753852567     
      4     12      2      8   1.73080328171633     
      1      7      3      8 -0.175199753852567     
      4      7      3      8 -9.495968552496303E-002
      3      8      3      8  -5.50842500000000     
      2      9      3      8  -5.23005000000000     
      5      9      3      8  -2.34078641073633     
      1     10      3      8   1.45414325549445     
      4     10      3      8   2.27255043805413     
      3     11      3      8  -1.59538641073633     
      2      7      4      8 -0.101151625048736     
      5      7      4      8 -0.109649999999998     
      1      8      4      8 -0.101151625048736     
      4      8      4      8  -5.56325000000000     
      6      9      4      8  -2.34078641073633     
      2     10      4      8  -4.39050000000000     
      5     10      4      8  0.283328803578776     
      1     11      4      8   1.67910000000000     
      4     11      4      8   1.02872880357878     
      3     12      4      8  -1.59538641073633     
      6      7      5      8 -9.495968552496259E-002
      2      8      5      8 -0.101151625048736     
      5      8      5      8  -5.61807500000000     
      6     10      5      8  -1.78181055500798     
      2     11      5      8  -3.55095000000000     
      5     11      5      8   1.31205760715755     
      1     12      5      8   1.45414325549445     
      4     12      5      8 -0.490739883046143     
      6      8      6      8  -5.67290000000000     
      6     11      6      8 -0.745400000000000     
      2     12      6      8  -2.71140000000000     
      5     12      6      8  0.745400000000000     
      7      8      7      8  -1.22900000000000     
      8     10      7      8  0.000000000000000E+000
      7     11      7      8  0.000000000000000E+000
     10     11      7      8   2.57966695912476     
      9     12      7      8  -2.57966695912476     
      3      7      1      9  -2.71140000000000     
      1      9      1      9  -5.67290000000000     
      4      9      1      9  0.745400000000000     
      3     10      1      9 -0.745400000000000     
      1      7      2      9 -0.175199753852567     
      4      7      2      9   1.45414325549445     
      3      8      2      9  -5.23005000000000     
      2      9      2      9  -5.50842500000000     
      5      9      2      9  -1.59538641073633     
      1     10      2      9 -9.495968552496303E-002
      4     10      2      9   2.27255043805413     
      3     11      2      9  -2.34078641073633     
      3      9      3      9  -8.38430000000000     
      3      7      4      9 -0.745400000000000     
      1      9      4      9  0.745400000000000     
      4      9      4      9  -5.14580000000000     
      3     10      4      9  -3.23850000000000     
      1      7      5      9   1.73080328171633     
      4      7      5      9  0.490739883046143     
      3      8      5      9  -2.34078641073633     
      2      9      5      9  -1.59538641073633     
      5      9      5      9  -4.93124000000000     
      1     10      5      9   1.78181055500798     
      4     10      5      9 -0.247752547514648     
      3     11      5      9  -3.02394000000000     
      2      7      6      9  0.209086131357431     
      5      7      6      9   1.59538641073633     
      1      8      6      9   2.78875309048219     
      4      8      6      9  -2.34078641073633     
      6      9      6      9  -5.29931000000000     
      2     10      6      9  -1.59538641073633     
      5     10      6      9  0.368070000000002     
      1     11      6      9   2.34078641073633     
      4     11      6      9 -0.582629999999998     
      3     12      6      9  -2.44131000000000     
      7      9      7      9  -2.96150000000000     
      9     10      7      9  -1.49080000000000     
      8      9      8      9 -0.278375000000000     
      7     10      8      9  -1.54910294101942     
      9     11      8      9 -0.745400000000000     
      1      7      1     10  0.101151625048736     
      4      7      1     10  -3.55095000000000     
      3      8      1     10   1.45414325549445     
      2      9      1     10 -9.495968552496259E-002
      5      9      1     10   1.78181055500798     
      1     10      1     10  -5.61807500000000     
      4     10      1     10  -1.31205760715755     
      3     11      1     10  0.490739883046143     
      2      7      2     10 -0.101151625048736     
      5      7      2     10   1.67910000000000     
      1      8      2     10 -0.101151625048736     
      4      8      2     10  -4.39050000000000     
      6      9      2     10  -1.59538641073633     
      2     10      2     10  -5.56325000000000     
      5     10      2     10   1.02872880357878     
      1     11      2     10 -0.109649999999998     
      4     11      2     10  0.283328803578776     
      3     12      2     10  -2.34078641073633     
      3      7      3     10  0.745400000000000     
      1      9      3     10 -0.745400000000000     
      4      9      3     10  -3.23850000000000     
      3     10      3     10  -5.14580000000000     
      1      7      4     10  -1.99855948122642     
      4      7      4     10  -1.31205760715755     
      3      8      4     10   2.27255043805413     
      2      9      4     10   2.27255043805413     
      5      9      4     10 -0.247752547514648     
      1     10      4     10  -1.31205760715755     
      4     10      4     10  -8.09822000000000     
      3     11      4     10 -0.247752547514648     
      2      7      5     10  0.790193609255777     
      5      7      5     10  -1.02872880357878     
      1      8      5     10  -1.78947334986899     
      4      8      5     10  0.283328803578776     
      6      9      5     10  0.368070000000002     
      2     10      5     10   1.02872880357878     
      5     10      5     10  -5.58539000000000     
      1     11      5     10 -0.283328803578776     
      4     11      5     10  -2.72739000000000     
      3     12      5     10 -0.582629999999998     
      6      7      6     10   1.59538641073633     
      2      8      6     10   1.73080328171633     
      5      8      6     10  -1.78181055500798     
      6     10      6     10  -4.93124000000000     
      2     11      6     10 -0.490739883046143     
      5     11      6     10 -0.247752547514648     
      1     12      6     10   2.34078641073633     
      4     12      6     10  -3.02394000000000     
      8      9      7     10  -1.54910294101942     
      7     10      7     10  -2.06712500000000     
      9     11      7     10  -1.29107067196184     
      7      8      8     10  0.000000000000000E+000
      8     10      8     10  -1.17275000000000     
      7     11      8     10  -1.78875000000000     
     10     11      8     10 -0.745400000000000     
      9     12      8     10 -0.745400000000000     
      7      9      9     10  -1.49080000000000     
      9     10      9     10  -1.90730000000000     
      2      7      1     11  0.101151625048736     
      5      7      1     11  -4.39050000000000     
      1      8      1     11  0.101151625048736     
      4      8      1     11   1.67910000000000     
      6      9      1     11   2.34078641073633     
      2     10      1     11 -0.109649999999998     
      5     10      1     11 -0.283328803578776     
      1     11      1     11  -5.56325000000000     
      4     11      1     11  -1.02872880357878     
      3     12      1     11   1.59538641073633     
      6      7      2     11   1.45414325549445     
      2      8      2     11 -0.101151625048736     
      5      8      2     11  -3.55095000000000     
      6     10      2     11 -0.490739883046143     
      2     11      2     11  -5.61807500000000     
      5     11      2     11   1.31205760715755     
      1     12      2     11 -9.495968552496259E-002
      4     12      2     11  -1.78181055500798     
      1      7      3     11   1.73080328171633     
      4      7      3     11   1.78181055500798     
      3      8      3     11  -1.59538641073633     
      2      9      3     11  -2.34078641073633     
      5      9      3     11  -3.02394000000000     
      1     10      3     11  0.490739883046143     
      4     10      3     11 -0.247752547514648     
      3     11      3     11  -4.93124000000000     
      2      7      4     11  -1.78947334986899     
      5      7      4     11 -0.283328803578776     
      1      8      4     11  0.790193609255777     
      4      8      4     11   1.02872880357878     
      6      9      4     11 -0.582629999999998     
      2     10      4     11  0.283328803578776     
      5     10      4     11  -2.72739000000000     
      1     11      4     11  -1.02872880357878     
      4     11      4     11  -5.58539000000000     
      3     12      4     11  0.368070000000002     
      6      7      5     11  -2.27255043805413     
      2      8      5     11  -1.99855948122642     
      5      8      5     11   1.31205760715755     
      6     10      5     11 -0.247752547514648     
      2     11      5     11   1.31205760715755     
      5     11      5     11  -8.09822000000000     
      1     12      5     11  -2.27255043805413     
      4     12      5     11 -0.247752547514648     
      6      8      6     11 -0.745400000000000     
      6     11      6     11  -5.14580000000000     
      2     12      6     11  0.745400000000000     
      5     12      6     11  -3.23850000000000     
      7      8      7     11  0.000000000000000E+000
      8     10      7     11  -1.78875000000000     
      7     11      7     11  -1.17275000000000     
     10     11      7     11 -0.745400000000000     
      9     12      7     11 -0.745400000000000     
      8     11      8     11  -2.06712500000000     
      7     12      8     11  -1.54910294101942     
     10     12      8     11  -1.29107067196184     
      8      9      9     11 -0.745400000000000     
      7     10      9     11  -1.29107067196184     
      9     11      9     11  -1.90730000000000     
      7      8     10     11   2.57966695912476     
      8     10     10     11 -0.745400000000000     
      7     11     10     11 -0.745400000000000     
     10     11     10     11  -2.85800000000000     
      9     12     10     11  0.950700000000000     
      6      7      1     12  -5.23005000000000     
      2      8      1     12  0.175199753852567     
      5      8      1     12   1.45414325549445     
      6     10      1     12   2.34078641073633     
      2     11      1     12 -9.495968552496303E-002
      5     11      1     12  -2.27255043805413     
      1     12      1     12  -5.50842500000000     
      4     12      1     12   1.59538641073633     
      6      8      2     12  -2.71140000000000     
      6     11      2     12  0.745400000000000     
      2     12      2     12  -5.67290000000000     
      5     12      2     12 -0.745400000000000     
      2      7      3     12   2.78875309048219     
      5      7      3     12   2.34078641073633     
      1      8      3     12  0.209086131357431     
      4      8      3     12  -1.59538641073633     
      6      9      3     12  -2.44131000000000     
      2     10      3     12  -2.34078641073633     
      5     10      3     12 -0.582629999999998     
      1     11      3     12   1.59538641073633     
      4     11      3     12  0.368070000000002     
      3     12      3     12  -5.29931000000000     
      6      7      4     12   2.34078641073633     
      2      8      4     12   1.73080328171633     
      5      8      4     12 -0.490739883046143     
      6     10      4     12  -3.02394000000000     
      2     11      4     12  -1.78181055500798     
      5     11      4     12 -0.247752547514648     
      1     12      4     12   1.59538641073633     
      4     12      4     12  -4.93124000000000     
      6      8      5     12  0.745400000000000     
      6     11      5     12  -3.23850000000000     
      2     12      5     12 -0.745400000000000     
      5     12      5     12  -5.14580000000000     
      6     12      6     12  -8.38430000000000     
      8     11      7     12  -1.54910294101942     
      7     12      7     12 -0.278375000000000     
     10     12      7     12 -0.745400000000000     
      8     12      8     12  -2.96150000000000     
     11     12      8     12  -1.49080000000000     
      7      8      9     12  -2.57966695912476     
      8     10      9     12 -0.745400000000000     
      7     11      9     12 -0.745400000000000     
     10     11      9     12  0.950700000000000     
      9     12      9     12  -2.85800000000000     
      8     11     10     12  -1.29107067196184     
      7     12     10     12 -0.745400000000000     
     10     12     10     12  -1.90730000000000     
      8     12     11     12  -1.49080000000000     
     11     12     11     12  -1.90730000000000     
