 ! Total Interaction
  20
   1   1   1   1     1     0  -7.2420
   1   2   1   1     1     0  -0.2861
   2   2   1   1     1     0   3.1600
   1   1   1   2     1     0  -0.2861
   1   2   1   2     1     0 -11.5232
   2   2   1   2     1     0  -5.8677
   1   1   2   2     1     0   3.1600
   1   2   2   2     1     0  -5.8677
   2   2   2   2     1     0  -7.6691
   1   2   1   2     2     0  -8.3843
   2   2   2   2     3     0  -8.3843
   1   1   1   1     0     1  -1.2290
   2   2   1   1     0     1  -3.6482
   1   1   2   2     0     1  -3.6482
   2   2   2   2     0     1  -3.8087
   1   2   1   2     1     1   0.6160
   1   2   1   2     2     1  -2.9615
   2   2   1   2     2     1   1.4908
   1   2   2   2     2     1   1.4908
   2   2   2   2     2     1  -1.9073
