      1      1      1      1           2           0   5.71282317860443     
      1      1      1      1           0           0  -12.4027000000000     
      1      1      1      2           2           0  -1.94158804461709     
      1      1      2      1           2           0  -1.94158804461709     
      1      1      2      2           4           0  -8.62224192596318     
      1      1      2      2           2           0   6.01591538256338     
      1      2      1      1           2           0   1.94158804461709     
      1      2      1      2           2           0  7.777660316573431E-002
      1      2      1      2           0           0  -18.2758818665475     
      1      2      2      1           4           0   13.3387604044801     
      1      2      2      1           2           0  -5.77669255213353     
      1      2      2      2           4           0   10.2804710879653     
      1      2      2      2           2           0   4.43996759385800     
      2      1      1      1           2           0   1.94158804461709     
      2      1      1      2           4           0   13.3387604044801     
      2      1      1      2           2           0  -5.77669255213353     
      2      1      2      1           2           0  7.777660316573431E-002
      2      1      2      1           0           0  -18.2758818665475     
      2      1      2      2           4           0   10.2804710879653     
      2      1      2      2           2           0   4.43996759385800     
      2      2      1      1           4           0  -8.62224192596318     
      2      2      1      1           2           0   6.01591538256339     
      2      2      1      2           4           0  -10.2804710879653     
      2      2      1      2           2           0  -4.43996759385800     
      2      2      2      1           4           0  -10.2804710879653     
      2      2      2      1           2           0  -4.43996759385800     
      2      2      2      2           6           0   5.58065678291543     
      2      2      2      2           4           0  -9.11718704669922     
      2      2      2      2           2           0   10.5180344135347     
      2      2      2      2           0           0  -26.4721500000000     
      1      1      1      1           2           0   5.71282317860443     
      1      1      1      1           0           0  -12.4027000000000     
      1      1      1      2           2           0  -1.94158804461709     
      1      1      2      1           2           0  -1.94158804461709     
      1      1      2      2           4           0  -8.62224192596318     
      1      1      2      2           2           0   6.01591538256338     
      1      2      1      1           2           0   1.94158804461709     
      1      2      1      2           2           0  7.777660316573431E-002
      1      2      1      2           0           0  -18.2758818665475     
      1      2      2      1           4           0   13.3387604044801     
      1      2      2      1           2           0  -5.77669255213353     
      1      2      2      2           4           0   10.2804710879653     
      1      2      2      2           2           0   4.43996759385800     
      2      1      1      1           2           0   1.94158804461709     
      2      1      1      2           4           0   13.3387604044801     
      2      1      1      2           2           0  -5.77669255213353     
      2      1      2      1           2           0  7.777660316573431E-002
      2      1      2      1           0           0  -18.2758818665475     
      2      1      2      2           4           0   10.2804710879653     
      2      1      2      2           2           0   4.43996759385800     
      2      2      1      1           4           0  -8.62224192596318     
      2      2      1      1           2           0   6.01591538256339     
      2      2      1      2           4           0  -10.2804710879653     
      2      2      1      2           2           0  -4.43996759385800     
      2      2      2      1           4           0  -10.2804710879653     
      2      2      2      1           2           0  -4.43996759385800     
      2      2      2      2           6           0   5.58065678291543     
      2      2      2      2           4           0  -9.11718704669922     
      2      2      2      2           2           0   10.5180344135347     
      2      2      2      2           0           0  -26.4721500000000     
          60           6
   1   1   3   3   0   0   0   0-12.4027   1   1
   1   1   3   3   2   0   0   0  5.7128   1   1
   1   1   3   4   2   0   0   0 -1.9416   1   1
   1   1   4   3   2   0   0   0  1.9416   1   1
   1   1   4   4   0   0   0   0-18.2759   1   1
   1   1   4   4   2   0   0   0  0.0778   1   1
   1   2   3   3   2   0   0   0 -1.9416   1   1
   1   2   3   4   2   0   0   0  6.0159   1   1
   1   2   3   4   4   0   0   0 -8.6222   1   1
   1   2   4   3   2   0   0   0 -5.7767   1   1
   1   2   4   3   4   0   0   0 13.3388   1   1
   1   2   4   4   2   0   0   0  4.4400   1   1
   1   2   4   4   4   0   0   0 10.2805   1   1
   2   1   3   3   2   0   0   0  1.9416   1   1
   2   1   3   4   2   0   0   0 -5.7767   1   1
   2   1   3   4   4   0   0   0 13.3388   1   1
   2   1   4   3   2   0   0   0  6.0159   1   1
   2   1   4   3   4   0   0   0 -8.6222   1   1
   2   1   4   4   2   0   0   0 -4.4400   1   1
   2   1   4   4   4   0   0   0-10.2805   1   1
   2   2   3   3   0   0   0   0-18.2759   1   1
   2   2   3   3   2   0   0   0  0.0778   1   1
   2   2   3   4   2   0   0   0  4.4400   1   1
   2   2   3   4   4   0   0   0 10.2805   1   1
   2   2   4   3   2   0   0   0 -4.4400   1   1
   2   2   4   3   4   0   0   0-10.2805   1   1
   2   2   4   4   0   0   0   0-26.4722   1   1
   2   2   4   4   2   0   0   0 10.5180   1   1
   2   2   4   4   4   0   0   0 -9.1172   1   1
   2   2   4   4   6   0   0   0  5.5807   1   1
   3   3   1   1   0   0   0   0-12.4027   1   1
   3   3   1   1   2   0   0   0  5.7128   1   1
   3   3   1   2   2   0   0   0 -1.9416   1   1
   3   3   2   1   2   0   0   0  1.9416   1   1
   3   3   2   2   0   0   0   0-18.2759   1   1
   3   3   2   2   2   0   0   0  0.0778   1   1
   3   4   1   1   2   0   0   0 -1.9416   1   1
   3   4   1   2   2   0   0   0  6.0159   1   1
   3   4   1   2   4   0   0   0 -8.6222   1   1
   3   4   2   1   2   0   0   0 -5.7767   1   1
   3   4   2   1   4   0   0   0 13.3388   1   1
   3   4   2   2   2   0   0   0  4.4400   1   1
   3   4   2   2   4   0   0   0 10.2805   1   1
   4   3   1   1   2   0   0   0  1.9416   1   1
   4   3   1   2   2   0   0   0 -5.7767   1   1
   4   3   1   2   4   0   0   0 13.3388   1   1
   4   3   2   1   2   0   0   0  6.0159   1   1
   4   3   2   1   4   0   0   0 -8.6222   1   1
   4   3   2   2   2   0   0   0 -4.4400   1   1
   4   3   2   2   4   0   0   0-10.2805   1   1
   4   4   1   1   0   0   0   0-18.2759   1   1
   4   4   1   1   2   0   0   0  0.0778   1   1
   4   4   1   2   2   0   0   0  4.4400   1   1
   4   4   1   2   4   0   0   0 10.2805   1   1
   4   4   2   1   2   0   0   0 -4.4400   1   1
   4   4   2   1   4   0   0   0-10.2805   1   1
   4   4   2   2   0   0   0   0-26.4722   1   1
   4   4   2   2   2   0   0   0 10.5180   1   1
   4   4   2   2   4   0   0   0 -9.1172   1   1
   4   4   2   2   6   0   0   0  5.5807   1   1
