      1      2      1      2  -1.25390000000000     
      2      4      1      2  0.000000000000000E+000
      1      5      1      2  0.000000000000000E+000
      4      5      1      2   2.21501199206686     
      3      6      1      2  -2.21501199206686     
      1      3      1      3  -2.49010000000000     
      3      4      1      3 -0.819100000000000     
      2      3      2      3 -0.474925000000000     
      1      4      2      3  -1.16346182871420     
      3      5      2      3 -0.409550000000000     
      2      3      1      4  -1.16346182871420     
      1      4      1      4  -1.81837500000000     
      3      5      1      4 -0.709361408239834     
      1      2      2      4  0.000000000000000E+000
      2      4      2      4  -1.14665000000000     
      1      5      2      4  -1.34345000000000     
      4      5      2      4 -0.409550000000000     
      3      6      2      4 -0.409550000000000     
      1      3      3      4 -0.819100000000000     
      3      4      3      4  -1.91090000000000     
      1      2      1      5  0.000000000000000E+000
      2      4      1      5  -1.34345000000000     
      1      5      1      5  -1.14665000000000     
      4      5      1      5 -0.409550000000000     
      3      6      1      5 -0.409550000000000     
      2      5      2      5  -1.81837500000000     
      1      6      2      5  -1.16346182871420     
      4      6      2      5 -0.709361408239834     
      2      3      3      5 -0.409550000000000     
      1      4      3      5 -0.709361408239834     
      3      5      3      5  -1.91090000000000     
      1      2      4      5   2.21501199206686     
      2      4      4      5 -0.409550000000000     
      1      5      4      5 -0.409550000000000     
      4      5      4      5  -2.68995000000000     
      3      6      4      5  0.779050000000000     
      2      5      1      6  -1.16346182871420     
      1      6      1      6 -0.474925000000000     
      4      6      1      6 -0.409550000000000     
      2      6      2      6  -2.49010000000000     
      5      6      2      6 -0.819100000000000     
      1      2      3      6  -2.21501199206686     
      2      4      3      6 -0.409550000000000     
      1      5      3      6 -0.409550000000000     
      4      5      3      6  0.779050000000000     
      3      6      3      6  -2.68995000000000     
      2      5      4      6 -0.709361408239834     
      1      6      4      6 -0.409550000000000     
      4      6      4      6  -1.91090000000000     
      2      6      5      6 -0.819100000000000     
      5      6      5      6  -1.91090000000000     
      1      7      1      7  -7.85050000000000     
      4      7      1      7  0.560488190107517     
      3      8      1      7 -0.970794022308543     
      2      9      1      7 -0.970794022308543     
      5      9      1      7   3.17366881495218     
      1     10      1      7  0.560488190107517     
      4     10      1      7  -3.66463708926273     
      3     11      1      7   3.17366881495218     
      2      7      2      7  -4.55220000000000     
      5      7      2      7  0.560488190107517     
      1      8      2      7  -3.29830000000000     
      4      8      2      7 -0.560488190107517     
      6      9      2      7   1.64097182091362     
      2     10      2      7 -0.560488190107517     
      5     10      2      7  0.191346723717748     
      1     11      2      7  0.560488190107517     
      4     11      2      7  -2.02366526834911     
      3     12      2      7   3.85598381298048     
      3      7      3      7  -6.48280000000000     
      1      9      3      7  -3.99270000000000     
      4      9      3      7 -0.409550000000000     
      3     10      3      7  0.409550000000000     
      1      7      4      7  0.560488190107517     
      4      7      4      7  -6.46860000000000     
      3      8      4      7 -2.459512146747667E-002
      2      9      4      7   1.13886670724673     
      5      9      4      7   1.40404103339287     
      1     10      4      7  -4.65022500000000     
      4     10      4      7  -2.03079693716531     
      3     11      4      7   2.11340244163271     
      2      7      5      7  0.560488190107517     
      5      7      5      7  -6.45440000000000     
      1      8      5      7  0.560488190107517     
      4      8      5      7 -2.839999999999798E-002
      6      9      5      7   2.84142040574797     
      2     10      5      7   1.31505000000000     
      5     10      5      7  -1.22017346858266     
      1     11      5      7  -5.30775000000000     
      4     11      5      7 -0.810623468582655     
      3     12      5      7   3.25097040574797     
      6      7      6      7  -6.44020000000000     
      2      8      6      7  0.970794022308543     
      5      8      6      7 -2.459512146747667E-002
      6     10      6      7   2.84142040574797     
      2     11      6      7   1.13886670724673     
      5     11      6      7  -3.51744347502558     
      1     12      6      7  -5.96527500000000     
      4     12      6      7   3.25097040574797     
      2      7      1      8  -3.29830000000000     
      5      7      1      8  0.560488190107517     
      1      8      1      8  -4.55220000000000     
      4      8      1      8 -0.560488190107517     
      6      9      1      8   3.85598381298048     
      2     10      1      8 -0.560488190107517     
      5     10      1      8  -2.02366526834911     
      1     11      1      8  0.560488190107517     
      4     11      1      8  0.191346723717748     
      3     12      1      8   1.64097182091362     
      6      7      2      8  0.970794022308543     
      2      8      2      8  -7.85050000000000     
      5      8      2      8 -0.560488190107517     
      6     10      2      8   3.17366881495218     
      2     11      2      8 -0.560488190107517     
      5     11      2      8  -3.66463708926273     
      1     12      2      8  0.970794022308543     
      4     12      2      8   3.17366881495218     
      1      7      3      8 -0.970794022308543     
      4      7      3      8 -2.459512146747667E-002
      3      8      3      8  -6.44020000000000     
      2      9      3      8  -5.96527500000000     
      5      9      3      8  -3.25097040574797     
      1     10      3      8   1.13886670724673     
      4     10      3      8   3.51744347502558     
      3     11      3      8  -2.84142040574797     
      2      7      4      8 -0.560488190107517     
      5      7      4      8 -2.839999999999798E-002
      1      8      4      8 -0.560488190107517     
      4      8      4      8  -6.45440000000000     
      6      9      4      8  -3.25097040574797     
      2     10      4      8  -5.30775000000000     
      5     10      4      8  0.810623468582655     
      1     11      4      8   1.31505000000000     
      4     11      4      8   1.22017346858266     
      3     12      4      8  -2.84142040574797     
      6      7      5      8 -2.459512146747667E-002
      2      8      5      8 -0.560488190107517     
      5      8      5      8  -6.46860000000000     
      6     10      5      8  -2.11340244163271     
      2     11      5      8  -4.65022500000000     
      5     11      5      8   2.03079693716531     
      1     12      5      8   1.13886670724673     
      4     12      5      8  -1.40404103339287     
      6      8      6      8  -6.48280000000000     
      6     11      6      8 -0.409550000000000     
      2     12      6      8  -3.99270000000000     
      5     12      6      8  0.409550000000000     
      7      8      7      8  -1.25390000000000     
      8     10      7      8  0.000000000000000E+000
      7     11      7      8  0.000000000000000E+000
     10     11      7      8   2.21501199206686     
      9     12      7      8  -2.21501199206686     
      3      7      1      9  -3.99270000000000     
      1      9      1      9  -6.48280000000000     
      4      9      1      9  0.409550000000000     
      3     10      1      9 -0.409550000000000     
      1      7      2      9 -0.970794022308543     
      4      7      2      9   1.13886670724673     
      3      8      2      9  -5.96527500000000     
      2      9      2      9  -6.44020000000000     
      5      9      2      9  -2.84142040574797     
      1     10      2      9 -2.459512146747667E-002
      4     10      2      9   3.51744347502558     
      3     11      2      9  -3.25097040574797     
      3      9      3      9  -10.4755000000000     
      3      7      4      9 -0.409550000000000     
      1      9      4      9  0.409550000000000     
      4      9      4      9  -6.19320000000000     
      3     10      4      9  -4.28230000000000     
      1      7      5      9   3.17366881495218     
      4      7      5      9   1.40404103339287     
      3      8      5      9  -3.25097040574797     
      2      9      5      9  -2.84142040574797     
      5      9      5      9  -5.00421000000000     
      1     10      5      9   2.11340244163271     
      4     10      5      9  -1.37292739312754     
      3     11      5      9  -3.09331000000000     
      2      7      6      9   1.64097182091362     
      5      7      6      9   2.84142040574797     
      1      8      6      9   3.85598381298048     
      4      8      6      9  -3.25097040574797     
      6      9      6      9  -4.79924000000000     
      2     10      6      9  -2.84142040574797     
      5     10      6      9 -0.204969999999998     
      1     11      6      9   3.25097040574797     
      4     11      6      9 -0.984019999999997     
      3     12      6      9  -2.10929000000000     
      7      9      7      9  -2.49010000000000     
      9     10      7      9 -0.819100000000000     
      8      9      8      9 -0.474925000000000     
      7     10      8      9  -1.16346182871420     
      9     11      8      9 -0.409550000000000     
      1      7      1     10  0.560488190107517     
      4      7      1     10  -4.65022500000000     
      3      8      1     10   1.13886670724673     
      2      9      1     10 -2.459512146747667E-002
      5      9      1     10   2.11340244163271     
      1     10      1     10  -6.46860000000000     
      4     10      1     10  -2.03079693716531     
      3     11      1     10   1.40404103339287     
      2      7      2     10 -0.560488190107517     
      5      7      2     10   1.31505000000000     
      1      8      2     10 -0.560488190107517     
      4      8      2     10  -5.30775000000000     
      6      9      2     10  -2.84142040574797     
      2     10      2     10  -6.45440000000000     
      5     10      2     10   1.22017346858266     
      1     11      2     10 -2.839999999999798E-002
      4     11      2     10  0.810623468582655     
      3     12      2     10  -3.25097040574797     
      3      7      3     10  0.409550000000000     
      1      9      3     10 -0.409550000000000     
      4      9      3     10  -4.28229999999999     
      3     10      3     10  -6.19319999999999     
      1      7      4     10  -3.66463708926273     
      4      7      4     10  -2.03079693716531     
      3      8      4     10   3.51744347502558     
      2      9      4     10   3.51744347502558     
      5      9      4     10  -1.37292739312754     
      1     10      4     10  -2.03079693716531     
      4     10      4     10  -8.89018000000000     
      3     11      4     10  -1.37292739312754     
      2      7      5     10  0.191346723717748     
      5      7      5     10  -1.22017346858266     
      1      8      5     10  -2.02366526834911     
      4      8      5     10  0.810623468582655     
      6      9      5     10 -0.204969999999998     
      2     10      5     10   1.22017346858266     
      5     10      5     10  -6.38456000000000     
      1     11      5     10 -0.810623468582655     
      4     11      5     10  -3.69461000000000     
      3     12      5     10 -0.984019999999998     
      6      7      6     10   2.84142040574797     
      2      8      6     10   3.17366881495218     
      5      8      6     10  -2.11340244163271     
      6     10      6     10  -5.00421000000000     
      2     11      6     10  -1.40404103339287     
      5     11      6     10  -1.37292739312754     
      1     12      6     10   3.25097040574797     
      4     12      6     10  -3.09331000000000     
      8      9      7     10  -1.16346182871420     
      7     10      7     10  -1.81837500000000     
      9     11      7     10 -0.709361408239834     
      7      8      8     10  0.000000000000000E+000
      8     10      8     10  -1.14665000000000     
      7     11      8     10  -1.34345000000000     
     10     11      8     10 -0.409550000000000     
      9     12      8     10 -0.409550000000000     
      7      9      9     10 -0.819100000000000     
      9     10      9     10  -1.91090000000000     
      2      7      1     11  0.560488190107517     
      5      7      1     11  -5.30775000000000     
      1      8      1     11  0.560488190107517     
      4      8      1     11   1.31505000000000     
      6      9      1     11   3.25097040574797     
      2     10      1     11 -2.839999999999798E-002
      5     10      1     11 -0.810623468582655     
      1     11      1     11  -6.45440000000000     
      4     11      1     11  -1.22017346858266     
      3     12      1     11   2.84142040574797     
      6      7      2     11   1.13886670724673     
      2      8      2     11 -0.560488190107517     
      5      8      2     11  -4.65022500000000     
      6     10      2     11  -1.40404103339287     
      2     11      2     11  -6.46860000000000     
      5     11      2     11   2.03079693716531     
      1     12      2     11 -2.459512146747667E-002
      4     12      2     11  -2.11340244163271     
      1      7      3     11   3.17366881495218     
      4      7      3     11   2.11340244163271     
      3      8      3     11  -2.84142040574797     
      2      9      3     11  -3.25097040574797     
      5      9      3     11  -3.09331000000000     
      1     10      3     11   1.40404103339287     
      4     10      3     11  -1.37292739312754     
      3     11      3     11  -5.00421000000000     
      2      7      4     11  -2.02366526834911     
      5      7      4     11 -0.810623468582655     
      1      8      4     11  0.191346723717748     
      4      8      4     11   1.22017346858266     
      6      9      4     11 -0.984019999999998     
      2     10      4     11  0.810623468582655     
      5     10      4     11  -3.69461000000000     
      1     11      4     11  -1.22017346858266     
      4     11      4     11  -6.38456000000000     
      3     12      4     11 -0.204969999999998     
      6      7      5     11  -3.51744347502558     
      2      8      5     11  -3.66463708926273     
      5      8      5     11   2.03079693716531     
      6     10      5     11  -1.37292739312754     
      2     11      5     11   2.03079693716531     
      5     11      5     11  -8.89018000000000     
      1     12      5     11  -3.51744347502558     
      4     12      5     11  -1.37292739312754     
      6      8      6     11 -0.409550000000000     
      6     11      6     11  -6.19320000000000     
      2     12      6     11  0.409550000000000     
      5     12      6     11  -4.28230000000000     
      7      8      7     11  0.000000000000000E+000
      8     10      7     11  -1.34345000000000     
      7     11      7     11  -1.14665000000000     
     10     11      7     11 -0.409550000000000     
      9     12      7     11 -0.409550000000000     
      8     11      8     11  -1.81837500000000     
      7     12      8     11  -1.16346182871420     
     10     12      8     11 -0.709361408239834     
      8      9      9     11 -0.409550000000000     
      7     10      9     11 -0.709361408239834     
      9     11      9     11  -1.91090000000000     
      7      8     10     11   2.21501199206686     
      8     10     10     11 -0.409550000000000     
      7     11     10     11 -0.409550000000000     
     10     11     10     11  -2.68995000000000     
      9     12     10     11  0.779050000000000     
      6      7      1     12  -5.96527500000000     
      2      8      1     12  0.970794022308543     
      5      8      1     12   1.13886670724673     
      6     10      1     12   3.25097040574797     
      2     11      1     12 -2.459512146747667E-002
      5     11      1     12  -3.51744347502558     
      1     12      1     12  -6.44020000000000     
      4     12      1     12   2.84142040574797     
      6      8      2     12  -3.99270000000000     
      6     11      2     12  0.409550000000000     
      2     12      2     12  -6.48280000000000     
      5     12      2     12 -0.409550000000000     
      2      7      3     12   3.85598381298048     
      5      7      3     12   3.25097040574797     
      1      8      3     12   1.64097182091362     
      4      8      3     12  -2.84142040574797     
      6      9      3     12  -2.10929000000000     
      2     10      3     12  -3.25097040574797     
      5     10      3     12 -0.984019999999997     
      1     11      3     12   2.84142040574797     
      4     11      3     12 -0.204969999999998     
      3     12      3     12  -4.79924000000000     
      6      7      4     12   3.25097040574797     
      2      8      4     12   3.17366881495218     
      5      8      4     12  -1.40404103339287     
      6     10      4     12  -3.09331000000000     
      2     11      4     12  -2.11340244163271     
      5     11      4     12  -1.37292739312754     
      1     12      4     12   2.84142040574797     
      4     12      4     12  -5.00421000000000     
      6      8      5     12  0.409550000000000     
      6     11      5     12  -4.28229999999999     
      2     12      5     12 -0.409550000000000     
      5     12      5     12  -6.19319999999999     
      6     12      6     12  -10.4755000000000     
      8     11      7     12  -1.16346182871420     
      7     12      7     12 -0.474925000000000     
     10     12      7     12 -0.409550000000000     
      8     12      8     12  -2.49010000000000     
     11     12      8     12 -0.819100000000000     
      7      8      9     12  -2.21501199206686     
      8     10      9     12 -0.409550000000000     
      7     11      9     12 -0.409550000000000     
     10     11      9     12  0.779050000000000     
      9     12      9     12  -2.68995000000000     
      8     11     10     12 -0.709361408239834     
      7     12     10     12 -0.409550000000000     
     10     12     10     12  -1.91090000000000     
      8     12     11     12 -0.819100000000000     
     11     12     11     12  -1.91090000000000     
