 ! Total Interaction
  20
   1   1   1   1     1     0  -7.8505
   1   2   1   1     1     0  -1.5853
   2   2   1   1     1     0   5.7943
   1   1   1   2     1     0  -1.5853
   1   2   1   2     1     0 -13.0488
   2   2   1   2     1     0  -9.0820
   1   1   2   2     1     0   5.7943
   1   2   2   2     1     0  -9.0820
   2   2   2   2     1     0  -6.5122
   1   2   1   2     2     0 -10.4755
   2   2   2   2     3     0 -10.4755
   1   1   1   1     0     1  -1.2539
   2   2   1   1     0     1  -3.1325
   1   1   2   2     0     1  -3.1325
   2   2   2   2     0     1  -3.4690
   1   2   1   2     1     1   0.1968
   1   2   1   2     2     1  -2.4901
   2   2   1   2     2     1   0.8191
   1   2   2   2     2     1   0.8191
   2   2   2   2     2     1  -1.9109
