 ! Total Interaction
  20
   1   1   1   1     1     0  -7.4786
   1   2   1   1     1     0  -1.6928
   2   2   1   1     1     0   5.3127
   1   1   1   2     1     0  -1.6928
   1   2   1   2     1     0 -11.6468
   2   2   1   2     1     0  -7.9489
   1   1   2   2     1     0   5.3127
   1   2   2   2     1     0  -7.9489
   2   2   2   2     1     0  -5.7731
   1   2   1   2     2     0 -10.0051
   2   2   2   2     3     0 -10.0051
   1   1   1   1     0     1  -1.1997
   2   2   1   1     0     1  -3.4709
   1   1   2   2     0     1  -3.4709
   2   2   2   2     0     1  -3.6540
   1   2   1   2     1     1   0.3265
   1   2   1   2     2     1  -2.7601
   2   2   1   2     2     1   0.8700
   1   2   2   2     2     1   0.8700
   2   2   2   2     2     1  -2.1450
