      1      1      1      1           2           0   5.43768690782211     
      1      1      1      1           0           0  -11.8177500000000     
      1      1      1      2           2           0  -2.07324811829168     
      1      1      2      1           2           0  -2.07324811829168     
      1      1      2      2           4           0  -8.37895667728426     
      1      1      2      2           2           0   5.14923059108771     
      1      2      1      1           2           0   2.07324811829168     
      1      2      1      2           2           0  0.989255404174019     
      1      2      1      2           0           0  -17.2864450253027     
      1      2      2      1           4           0   12.0649563302476     
      1      2      2      1           2           0  -5.25064707123977     
      1      2      2      2           4           0   9.11887703054724     
      1      2      2      2           2           0   3.67639069152856     
      2      1      1      1           2           0   2.07324811829168     
      2      1      1      2           4           0   12.0649563302476     
      2      1      1      2           2           0  -5.25064707123977     
      2      1      2      1           2           0  0.989255404174019     
      2      1      2      1           0           0  -17.2864450253027     
      2      1      2      2           4           0   9.11887703054724     
      2      1      2      2           2           0   3.67639069152856     
      2      2      1      1           4           0  -8.37895667728427     
      2      2      1      1           2           0   5.14923059108771     
      2      2      1      2           4           0  -9.11887703054725     
      2      2      1      2           2           0  -3.67639069152857     
      2      2      2      1           4           0  -9.11887703054725     
      2      2      2      1           2           0  -3.67639069152857     
      2      2      2      2           6           0   4.36125646115888     
      2      2      2      2           4           0  -8.21195964736798     
      2      2      2      2           2           0   10.1851515688280     
      2      2      2      2           0           0  -25.4335000000000     
      1      1      1      1           2           0   5.43768690782211     
      1      1      1      1           0           0  -11.8177500000000     
      1      1      1      2           2           0  -2.07324811829168     
      1      1      2      1           2           0  -2.07324811829168     
      1      1      2      2           4           0  -8.37895667728426     
      1      1      2      2           2           0   5.14923059108771     
      1      2      1      1           2           0   2.07324811829168     
      1      2      1      2           2           0  0.989255404174019     
      1      2      1      2           0           0  -17.2864450253027     
      1      2      2      1           4           0   12.0649563302476     
      1      2      2      1           2           0  -5.25064707123977     
      1      2      2      2           4           0   9.11887703054724     
      1      2      2      2           2           0   3.67639069152856     
      2      1      1      1           2           0   2.07324811829168     
      2      1      1      2           4           0   12.0649563302476     
      2      1      1      2           2           0  -5.25064707123977     
      2      1      2      1           2           0  0.989255404174019     
      2      1      2      1           0           0  -17.2864450253027     
      2      1      2      2           4           0   9.11887703054724     
      2      1      2      2           2           0   3.67639069152856     
      2      2      1      1           4           0  -8.37895667728427     
      2      2      1      1           2           0   5.14923059108771     
      2      2      1      2           4           0  -9.11887703054725     
      2      2      1      2           2           0  -3.67639069152857     
      2      2      2      1           4           0  -9.11887703054725     
      2      2      2      1           2           0  -3.67639069152857     
      2      2      2      2           6           0   4.36125646115888     
      2      2      2      2           4           0  -8.21195964736798     
      2      2      2      2           2           0   10.1851515688280     
      2      2      2      2           0           0  -25.4335000000000     
          60           6
   1   1   3   3   0   0   0   0-11.8178   1   1
   1   1   3   3   2   0   0   0  5.4377   1   1
   1   1   3   4   2   0   0   0 -2.0732   1   1
   1   1   4   3   2   0   0   0  2.0732   1   1
   1   1   4   4   0   0   0   0-17.2864   1   1
   1   1   4   4   2   0   0   0  0.9893   1   1
   1   2   3   3   2   0   0   0 -2.0732   1   1
   1   2   3   4   2   0   0   0  5.1492   1   1
   1   2   3   4   4   0   0   0 -8.3790   1   1
   1   2   4   3   2   0   0   0 -5.2506   1   1
   1   2   4   3   4   0   0   0 12.0650   1   1
   1   2   4   4   2   0   0   0  3.6764   1   1
   1   2   4   4   4   0   0   0  9.1189   1   1
   2   1   3   3   2   0   0   0  2.0732   1   1
   2   1   3   4   2   0   0   0 -5.2506   1   1
   2   1   3   4   4   0   0   0 12.0650   1   1
   2   1   4   3   2   0   0   0  5.1492   1   1
   2   1   4   3   4   0   0   0 -8.3790   1   1
   2   1   4   4   2   0   0   0 -3.6764   1   1
   2   1   4   4   4   0   0   0 -9.1189   1   1
   2   2   3   3   0   0   0   0-17.2864   1   1
   2   2   3   3   2   0   0   0  0.9893   1   1
   2   2   3   4   2   0   0   0  3.6764   1   1
   2   2   3   4   4   0   0   0  9.1189   1   1
   2   2   4   3   2   0   0   0 -3.6764   1   1
   2   2   4   3   4   0   0   0 -9.1189   1   1
   2   2   4   4   0   0   0   0-25.4335   1   1
   2   2   4   4   2   0   0   0 10.1852   1   1
   2   2   4   4   4   0   0   0 -8.2120   1   1
   2   2   4   4   6   0   0   0  4.3613   1   1
   3   3   1   1   0   0   0   0-11.8178   1   1
   3   3   1   1   2   0   0   0  5.4377   1   1
   3   3   1   2   2   0   0   0 -2.0732   1   1
   3   3   2   1   2   0   0   0  2.0732   1   1
   3   3   2   2   0   0   0   0-17.2864   1   1
   3   3   2   2   2   0   0   0  0.9893   1   1
   3   4   1   1   2   0   0   0 -2.0732   1   1
   3   4   1   2   2   0   0   0  5.1492   1   1
   3   4   1   2   4   0   0   0 -8.3790   1   1
   3   4   2   1   2   0   0   0 -5.2506   1   1
   3   4   2   1   4   0   0   0 12.0650   1   1
   3   4   2   2   2   0   0   0  3.6764   1   1
   3   4   2   2   4   0   0   0  9.1189   1   1
   4   3   1   1   2   0   0   0  2.0732   1   1
   4   3   1   2   2   0   0   0 -5.2506   1   1
   4   3   1   2   4   0   0   0 12.0650   1   1
   4   3   2   1   2   0   0   0  5.1492   1   1
   4   3   2   1   4   0   0   0 -8.3790   1   1
   4   3   2   2   2   0   0   0 -3.6764   1   1
   4   3   2   2   4   0   0   0 -9.1189   1   1
   4   4   1   1   0   0   0   0-17.2864   1   1
   4   4   1   1   2   0   0   0  0.9893   1   1
   4   4   1   2   2   0   0   0  3.6764   1   1
   4   4   1   2   4   0   0   0  9.1189   1   1
   4   4   2   1   2   0   0   0 -3.6764   1   1
   4   4   2   1   4   0   0   0 -9.1189   1   1
   4   4   2   2   0   0   0   0-25.4335   1   1
   4   4   2   2   2   0   0   0 10.1852   1   1
   4   4   2   2   4   0   0   0 -8.2120   1   1
   4   4   2   2   6   0   0   0  4.3613   1   1
