      1      2      1      2  -1.19970000000000     
      2      4      1      2  0.000000000000000E+000
      1      5      1      2  0.000000000000000E+000
      4      5      1      2   2.45429692682039     
      3      6      1      2  -2.45429692682039     
      1      3      1      3  -2.76010000000000     
      3      4      1      3 -0.870000000000000     
      2      3      2      3 -0.445150000000000     
      1      4      2      3  -1.33653700566052     
      3      5      2      3 -0.435000000000000     
      2      3      1      4  -1.33653700566052     
      1      4      1      4  -1.98845000000000     
      3      5      1      4 -0.753442101292462     
      1      2      2      4  0.000000000000000E+000
      2      4      2      4  -1.21680000000000     
      1      5      2      4  -1.54330000000000     
      4      5      2      4 -0.435000000000000     
      3      6      2      4 -0.435000000000000     
      1      3      3      4 -0.870000000000000     
      3      4      3      4  -2.14500000000000     
      1      2      1      5  0.000000000000000E+000
      2      4      1      5  -1.54330000000000     
      1      5      1      5  -1.21680000000000     
      4      5      1      5 -0.435000000000000     
      3      6      1      5 -0.435000000000000     
      2      5      2      5  -1.98845000000000     
      1      6      2      5  -1.33653700566052     
      4      6      2      5 -0.753442101292462     
      2      3      3      5 -0.435000000000000     
      1      4      3      5 -0.753442101292462     
      3      5      3      5  -2.14500000000000     
      1      2      4      5   2.45429692682039     
      2      4      4      5 -0.435000000000000     
      1      5      4      5 -0.435000000000000     
      4      5      4      5  -2.89950000000000     
      3      6      4      5  0.754500000000000     
      2      5      1      6  -1.33653700566052     
      1      6      1      6 -0.445150000000000     
      4      6      1      6 -0.435000000000000     
      2      6      2      6  -2.76010000000000     
      5      6      2      6 -0.870000000000000     
      1      2      3      6  -2.45429692682039     
      2      4      3      6 -0.435000000000000     
      1      5      3      6 -0.435000000000000     
      4      5      3      6  0.754500000000000     
      3      6      3      6  -2.89950000000000     
      2      5      4      6 -0.753442101292462     
      1      6      4      6 -0.435000000000000     
      4      6      4      6  -2.14500000000000     
      2      6      5      6 -0.870000000000000     
      5      6      5      6  -2.14500000000000     
      1      7      1      7  -7.47860000000000     
      4      7      1      7  0.598495179596294     
      3      8      1      7  -1.03662405914584     
      2      9      1      7  -1.03662405914584     
      5      9      1      7   2.90988563125770     
      1     10      1      7  0.598495179596294     
      4     10      1      7  -3.36004650503531     
      3     11      1      7   2.90988563125770     
      2      7      2      7  -4.33915000000000     
      5      7      2      7  0.598495179596294     
      1      8      2      7  -3.13945000000000     
      4      8      2      7 -0.598495179596294     
      6      9      2      7   1.29288641536629     
      2     10      2      7 -0.598495179596294     
      5     10      2      7  0.387136837151366     
      1     11      2      7  0.598495179596294     
      4     11      2      7  -2.06716008966902     
      3     12      2      7   3.74718334218668     
      3      7      3      7  -6.38260000000000     
      1      9      3      7  -3.62250000000000     
      4      9      3      7 -0.435000000000000     
      3     10      3      7  0.435000000000000     
      1      7      4      7  0.598495179596294     
      4      7      4      7  -6.20198750000000     
      3      8      4      7 -0.312830026482033     
      2      9      4      7   1.02370697917849     
      5      9      4      7   1.16257681538718     
      1     10      4      7  -4.21353750000000     
      4     10      4      7  -1.77742807463481     
      3     11      4      7   1.91601891667964     
      2      7      5      7  0.598495179596294     
      5      7      5      7  -6.02137500000000     
      1      8      5      7  0.598495179596294     
      4      8      5      7 -0.361224999999999     
      6      9      5      7   2.44864211195221     
      2     10      5      7   1.18207500000000     
      5     10      5      7  -1.10621403731740     
      1     11      5      7  -4.80457500000000     
      4     11      5      7 -0.671214037317404     
      3     12      5      7   2.88364211195221     
      6      7      6      7  -5.84076250000000     
      2      8      6      7   1.03662405914584     
      5      8      6      7 -0.312830026482032     
      6     10      6      7   2.44864211195221     
      2     11      6      7   1.02370697917849     
      5     11      6      7  -3.07859573206682     
      1     12      6      7  -5.39561250000000     
      4     12      6      7   2.88364211195221     
      2      7      1      8  -3.13945000000000     
      5      7      1      8  0.598495179596294     
      1      8      1      8  -4.33915000000000     
      4      8      1      8 -0.598495179596294     
      6      9      1      8   3.74718334218668     
      2     10      1      8 -0.598495179596294     
      5     10      1      8  -2.06716008966902     
      1     11      1      8  0.598495179596294     
      4     11      1      8  0.387136837151366     
      3     12      1      8   1.29288641536629     
      6      7      2      8   1.03662405914584     
      2      8      2      8  -7.47860000000000     
      5      8      2      8 -0.598495179596294     
      6     10      2      8   2.90988563125770     
      2     11      2      8 -0.598495179596294     
      5     11      2      8  -3.36004650503531     
      1     12      2      8   1.03662405914584     
      4     12      2      8   2.90988563125770     
      1      7      3      8  -1.03662405914584     
      4      7      3      8 -0.312830026482032     
      3      8      3      8  -5.84076250000000     
      2      9      3      8  -5.39561250000000     
      5      9      3      8  -2.88364211195221     
      1     10      3      8   1.02370697917849     
      4     10      3      8   3.07859573206682     
      3     11      3      8  -2.44864211195221     
      2      7      4      8 -0.598495179596294     
      5      7      4      8 -0.361224999999999     
      1      8      4      8 -0.598495179596294     
      4      8      4      8  -6.02137500000000     
      6      9      4      8  -2.88364211195221     
      2     10      4      8  -4.80457500000000     
      5     10      4      8  0.671214037317404     
      1     11      4      8   1.18207500000000     
      4     11      4      8   1.10621403731740     
      3     12      4      8  -2.44864211195221     
      6      7      5      8 -0.312830026482033     
      2      8      5      8 -0.598495179596294     
      5      8      5      8  -6.20198750000000     
      6     10      5      8  -1.91601891667964     
      2     11      5      8  -4.21353750000000     
      5     11      5      8   1.77742807463481     
      1     12      5      8   1.02370697917849     
      4     12      5      8  -1.16257681538718     
      6      8      6      8  -6.38260000000000     
      6     11      6      8 -0.435000000000000     
      2     12      6      8  -3.62250000000000     
      5     12      6      8  0.435000000000000     
      7      8      7      8  -1.19970000000000     
      8     10      7      8  0.000000000000000E+000
      7     11      7      8  0.000000000000000E+000
     10     11      7      8   2.45429692682039     
      9     12      7      8  -2.45429692682039     
      3      7      1      9  -3.62250000000000     
      1      9      1      9  -6.38260000000000     
      4      9      1      9  0.435000000000000     
      3     10      1      9 -0.435000000000000     
      1      7      2      9  -1.03662405914584     
      4      7      2      9   1.02370697917849     
      3      8      2      9  -5.39561250000000     
      2      9      2      9  -5.84076250000000     
      5      9      2      9  -2.44864211195221     
      1     10      2      9 -0.312830026482032     
      4     10      2      9   3.07859573206682     
      3     11      2      9  -2.88364211195221     
      3      9      3      9  -10.0051000000000     
      3      7      4      9 -0.435000000000000     
      1      9      4      9  0.435000000000000     
      4      9      4      9  -6.07505000000000     
      3     10      4      9  -3.93005000000000     
      1      7      5      9   2.90988563125770     
      4      7      5      9   1.16257681538718     
      3      8      5      9  -2.88364211195221     
      2      9      5      9  -2.44864211195221     
      5      9      5      9  -4.80545000000000     
      1     10      5      9   1.91601891667964     
      4     10      5      9  -1.46600780352629     
      3     11      5      9  -2.66045000000000     
      2      7      6      9   1.29288641536629     
      5      7      6      9   2.44864211195221     
      1      8      6      9   3.74718334218668     
      4      8      6      9  -2.88364211195221     
      6      9      6      9  -4.54790000000000     
      2     10      6      9  -2.44864211195221     
      5     10      6      9 -0.257549999999998     
      1     11      6      9   2.88364211195221     
      4     11      6      9  -1.01205000000000     
      3     12      6      9  -1.64840000000000     
      7      9      7      9  -2.76010000000000     
      9     10      7      9 -0.870000000000000     
      8      9      8      9 -0.445150000000000     
      7     10      8      9  -1.33653700566052     
      9     11      8      9 -0.435000000000000     
      1      7      1     10  0.598495179596294     
      4      7      1     10  -4.21353750000000     
      3      8      1     10   1.02370697917849     
      2      9      1     10 -0.312830026482033     
      5      9      1     10   1.91601891667964     
      1     10      1     10  -6.20198750000000     
      4     10      1     10  -1.77742807463481     
      3     11      1     10   1.16257681538718     
      2      7      2     10 -0.598495179596294     
      5      7      2     10   1.18207500000000     
      1      8      2     10 -0.598495179596294     
      4      8      2     10  -4.80457500000000     
      6      9      2     10  -2.44864211195221     
      2     10      2     10  -6.02137500000000     
      5     10      2     10   1.10621403731740     
      1     11      2     10 -0.361224999999999     
      4     11      2     10  0.671214037317404     
      3     12      2     10  -2.88364211195221     
      3      7      3     10  0.435000000000000     
      1      9      3     10 -0.435000000000000     
      4      9      3     10  -3.93004999999999     
      3     10      3     10  -6.07504999999999     
      1      7      4     10  -3.36004650503531     
      4      7      4     10  -1.77742807463481     
      3      8      4     10   3.07859573206682     
      2      9      4     10   3.07859573206682     
      5      9      4     10  -1.46600780352629     
      1     10      4     10  -1.77742807463481     
      4     10      4     10  -8.31230000000000     
      3     11      4     10  -1.46600780352629     
      2      7      5     10  0.387136837151366     
      5      7      5     10  -1.10621403731740     
      1      8      5     10  -2.06716008966902     
      4      8      5     10  0.671214037317405     
      6      9      5     10 -0.257549999999998     
      2     10      5     10   1.10621403731740     
      5     10      5     10  -6.24070000000000     
      1     11      5     10 -0.671214037317405     
      4     11      5     10  -3.34120000000000     
      3     12      5     10  -1.01205000000000     
      6      7      6     10   2.44864211195221     
      2      8      6     10   2.90988563125770     
      5      8      6     10  -1.91601891667964     
      6     10      6     10  -4.80545000000000     
      2     11      6     10  -1.16257681538718     
      5     11      6     10  -1.46600780352629     
      1     12      6     10   2.88364211195221     
      4     12      6     10  -2.66045000000000     
      8      9      7     10  -1.33653700566052     
      7     10      7     10  -1.98845000000000     
      9     11      7     10 -0.753442101292462     
      7      8      8     10  0.000000000000000E+000
      8     10      8     10  -1.21680000000000     
      7     11      8     10  -1.54330000000000     
     10     11      8     10 -0.435000000000000     
      9     12      8     10 -0.435000000000000     
      7      9      9     10 -0.870000000000000     
      9     10      9     10  -2.14500000000000     
      2      7      1     11  0.598495179596294     
      5      7      1     11  -4.80457500000000     
      1      8      1     11  0.598495179596294     
      4      8      1     11   1.18207500000000     
      6      9      1     11   2.88364211195221     
      2     10      1     11 -0.361224999999999     
      5     10      1     11 -0.671214037317404     
      1     11      1     11  -6.02137500000000     
      4     11      1     11  -1.10621403731740     
      3     12      1     11   2.44864211195221     
      6      7      2     11   1.02370697917849     
      2      8      2     11 -0.598495179596294     
      5      8      2     11  -4.21353750000000     
      6     10      2     11  -1.16257681538718     
      2     11      2     11  -6.20198750000000     
      5     11      2     11   1.77742807463481     
      1     12      2     11 -0.312830026482033     
      4     12      2     11  -1.91601891667964     
      1      7      3     11   2.90988563125770     
      4      7      3     11   1.91601891667964     
      3      8      3     11  -2.44864211195221     
      2      9      3     11  -2.88364211195221     
      5      9      3     11  -2.66045000000000     
      1     10      3     11   1.16257681538718     
      4     10      3     11  -1.46600780352629     
      3     11      3     11  -4.80545000000000     
      2      7      4     11  -2.06716008966902     
      5      7      4     11 -0.671214037317405     
      1      8      4     11  0.387136837151366     
      4      8      4     11   1.10621403731740     
      6      9      4     11  -1.01205000000000     
      2     10      4     11  0.671214037317405     
      5     10      4     11  -3.34120000000000     
      1     11      4     11  -1.10621403731740     
      4     11      4     11  -6.24070000000000     
      3     12      4     11 -0.257549999999998     
      6      7      5     11  -3.07859573206682     
      2      8      5     11  -3.36004650503531     
      5      8      5     11   1.77742807463481     
      6     10      5     11  -1.46600780352629     
      2     11      5     11   1.77742807463481     
      5     11      5     11  -8.31230000000000     
      1     12      5     11  -3.07859573206682     
      4     12      5     11  -1.46600780352629     
      6      8      6     11 -0.435000000000000     
      6     11      6     11  -6.07505000000000     
      2     12      6     11  0.435000000000000     
      5     12      6     11  -3.93005000000000     
      7      8      7     11  0.000000000000000E+000
      8     10      7     11  -1.54330000000000     
      7     11      7     11  -1.21680000000000     
     10     11      7     11 -0.435000000000000     
      9     12      7     11 -0.435000000000000     
      8     11      8     11  -1.98845000000000     
      7     12      8     11  -1.33653700566052     
     10     12      8     11 -0.753442101292462     
      8      9      9     11 -0.435000000000000     
      7     10      9     11 -0.753442101292462     
      9     11      9     11  -2.14500000000000     
      7      8     10     11   2.45429692682039     
      8     10     10     11 -0.435000000000000     
      7     11     10     11 -0.435000000000000     
     10     11     10     11  -2.89950000000000     
      9     12     10     11  0.754500000000000     
      6      7      1     12  -5.39561250000000     
      2      8      1     12   1.03662405914584     
      5      8      1     12   1.02370697917849     
      6     10      1     12   2.88364211195221     
      2     11      1     12 -0.312830026482032     
      5     11      1     12  -3.07859573206682     
      1     12      1     12  -5.84076250000000     
      4     12      1     12   2.44864211195221     
      6      8      2     12  -3.62250000000000     
      6     11      2     12  0.435000000000000     
      2     12      2     12  -6.38260000000000     
      5     12      2     12 -0.435000000000000     
      2      7      3     12   3.74718334218668     
      5      7      3     12   2.88364211195221     
      1      8      3     12   1.29288641536629     
      4      8      3     12  -2.44864211195221     
      6      9      3     12  -1.64840000000000     
      2     10      3     12  -2.88364211195221     
      5     10      3     12  -1.01205000000000     
      1     11      3     12   2.44864211195221     
      4     11      3     12 -0.257549999999998     
      3     12      3     12  -4.54790000000000     
      6      7      4     12   2.88364211195221     
      2      8      4     12   2.90988563125770     
      5      8      4     12  -1.16257681538718     
      6     10      4     12  -2.66045000000000     
      2     11      4     12  -1.91601891667964     
      5     11      4     12  -1.46600780352629     
      1     12      4     12   2.44864211195221     
      4     12      4     12  -4.80545000000000     
      6      8      5     12  0.435000000000000     
      6     11      5     12  -3.93004999999999     
      2     12      5     12 -0.435000000000000     
      5     12      5     12  -6.07504999999999     
      6     12      6     12  -10.0051000000000     
      8     11      7     12  -1.33653700566052     
      7     12      7     12 -0.445150000000000     
     10     12      7     12 -0.435000000000000     
      8     12      8     12  -2.76010000000000     
     11     12      8     12 -0.870000000000000     
      7      8      9     12  -2.45429692682039     
      8     10      9     12 -0.435000000000000     
      7     11      9     12 -0.435000000000000     
     10     11      9     12  0.754500000000000     
      9     12      9     12  -2.89950000000000     
      8     11     10     12 -0.753442101292462     
      7     12     10     12 -0.435000000000000     
     10     12     10     12  -2.14500000000000     
      8     12     11     12 -0.870000000000000     
     11     12     11     12  -2.14500000000000     
