      1      1      1      1           2           0   6.20108830125810     
      1      1      1      1           0           0  -13.1462000000000     
      1      1      1      2           2           0  -2.06859408778039     
      1      1      2      1           2           0  -2.06859408778039     
      1      1      2      2           4           0  -8.97419103902421     
      1      1      2      2           2           0   5.94135324863768     
      1      2      1      1           2           0   2.06859408778039     
      1      2      1      2           2           0  0.473985408201036     
      1      2      1      2           0           0  -19.1734655369162     
      1      2      2      1           4           0   13.8684569575000     
      1      2      2      1           2           0  -6.02617282032873     
      1      2      2      2           4           0   10.3370820983396     
      1      2      2      2           2           0   4.38355577324920     
      2      1      1      1           2           0   2.06859408778039     
      2      1      1      2           4           0   13.8684569575000     
      2      1      1      2           2           0  -6.02617282032873     
      2      1      2      1           2           0  0.473985408201036     
      2      1      2      1           0           0  -19.1734655369162     
      2      1      2      2           4           0   10.3370820983396     
      2      1      2      2           2           0   4.38355577324920     
      2      2      1      1           4           0  -8.97419103902421     
      2      2      1      1           2           0   5.94135324863768     
      2      2      1      2           4           0  -10.3370820983396     
      2      2      1      2           2           0  -4.38355577324920     
      2      2      2      1           4           0  -10.3370820983396     
      2      2      2      1           2           0  -4.38355577324920     
      2      2      2      2           6           0   5.79080880955329     
      2      2      2      2           4           0  -9.41684251636397     
      2      2      2      2           2           0   11.1043855734210     
      2      2      2      2           0           0  -28.0853000000000     
      1      1      1      1           2           0   6.20108830125810     
      1      1      1      1           0           0  -13.1462000000000     
      1      1      1      2           2           0  -2.06859408778039     
      1      1      2      1           2           0  -2.06859408778039     
      1      1      2      2           4           0  -8.97419103902421     
      1      1      2      2           2           0   5.94135324863768     
      1      2      1      1           2           0   2.06859408778039     
      1      2      1      2           2           0  0.473985408201036     
      1      2      1      2           0           0  -19.1734655369162     
      1      2      2      1           4           0   13.8684569575000     
      1      2      2      1           2           0  -6.02617282032873     
      1      2      2      2           4           0   10.3370820983396     
      1      2      2      2           2           0   4.38355577324920     
      2      1      1      1           2           0   2.06859408778039     
      2      1      1      2           4           0   13.8684569575000     
      2      1      1      2           2           0  -6.02617282032873     
      2      1      2      1           2           0  0.473985408201036     
      2      1      2      1           0           0  -19.1734655369162     
      2      1      2      2           4           0   10.3370820983396     
      2      1      2      2           2           0   4.38355577324920     
      2      2      1      1           4           0  -8.97419103902421     
      2      2      1      1           2           0   5.94135324863768     
      2      2      1      2           4           0  -10.3370820983396     
      2      2      1      2           2           0  -4.38355577324920     
      2      2      2      1           4           0  -10.3370820983396     
      2      2      2      1           2           0  -4.38355577324920     
      2      2      2      2           6           0   5.79080880955329     
      2      2      2      2           4           0  -9.41684251636397     
      2      2      2      2           2           0   11.1043855734210     
      2      2      2      2           0           0  -28.0853000000000     
          60           6
   1   1   3   3   0   0   0   0-13.1462   1   1
   1   1   3   3   2   0   0   0  6.2011   1   1
   1   1   3   4   2   0   0   0 -2.0686   1   1
   1   1   4   3   2   0   0   0  2.0686   1   1
   1   1   4   4   0   0   0   0-19.1735   1   1
   1   1   4   4   2   0   0   0  0.4740   1   1
   1   2   3   3   2   0   0   0 -2.0686   1   1
   1   2   3   4   2   0   0   0  5.9414   1   1
   1   2   3   4   4   0   0   0 -8.9742   1   1
   1   2   4   3   2   0   0   0 -6.0262   1   1
   1   2   4   3   4   0   0   0 13.8685   1   1
   1   2   4   4   2   0   0   0  4.3836   1   1
   1   2   4   4   4   0   0   0 10.3371   1   1
   2   1   3   3   2   0   0   0  2.0686   1   1
   2   1   3   4   2   0   0   0 -6.0262   1   1
   2   1   3   4   4   0   0   0 13.8685   1   1
   2   1   4   3   2   0   0   0  5.9414   1   1
   2   1   4   3   4   0   0   0 -8.9742   1   1
   2   1   4   4   2   0   0   0 -4.3836   1   1
   2   1   4   4   4   0   0   0-10.3371   1   1
   2   2   3   3   0   0   0   0-19.1735   1   1
   2   2   3   3   2   0   0   0  0.4740   1   1
   2   2   3   4   2   0   0   0  4.3836   1   1
   2   2   3   4   4   0   0   0 10.3371   1   1
   2   2   4   3   2   0   0   0 -4.3836   1   1
   2   2   4   3   4   0   0   0-10.3371   1   1
   2   2   4   4   0   0   0   0-28.0853   1   1
   2   2   4   4   2   0   0   0 11.1044   1   1
   2   2   4   4   4   0   0   0 -9.4168   1   1
   2   2   4   4   6   0   0   0  5.7908   1   1
   3   3   1   1   0   0   0   0-13.1462   1   1
   3   3   1   1   2   0   0   0  6.2011   1   1
   3   3   1   2   2   0   0   0 -2.0686   1   1
   3   3   2   1   2   0   0   0  2.0686   1   1
   3   3   2   2   0   0   0   0-19.1735   1   1
   3   3   2   2   2   0   0   0  0.4740   1   1
   3   4   1   1   2   0   0   0 -2.0686   1   1
   3   4   1   2   2   0   0   0  5.9414   1   1
   3   4   1   2   4   0   0   0 -8.9742   1   1
   3   4   2   1   2   0   0   0 -6.0262   1   1
   3   4   2   1   4   0   0   0 13.8685   1   1
   3   4   2   2   2   0   0   0  4.3836   1   1
   3   4   2   2   4   0   0   0 10.3371   1   1
   4   3   1   1   2   0   0   0  2.0686   1   1
   4   3   1   2   2   0   0   0 -6.0262   1   1
   4   3   1   2   4   0   0   0 13.8685   1   1
   4   3   2   1   2   0   0   0  5.9414   1   1
   4   3   2   1   4   0   0   0 -8.9742   1   1
   4   3   2   2   2   0   0   0 -4.3836   1   1
   4   3   2   2   4   0   0   0-10.3371   1   1
   4   4   1   1   0   0   0   0-19.1735   1   1
   4   4   1   1   2   0   0   0  0.4740   1   1
   4   4   1   2   2   0   0   0  4.3836   1   1
   4   4   1   2   4   0   0   0 10.3371   1   1
   4   4   2   1   2   0   0   0 -4.3836   1   1
   4   4   2   1   4   0   0   0-10.3371   1   1
   4   4   2   2   0   0   0   0-28.0853   1   1
   4   4   2   2   2   0   0   0 11.1044   1   1
   4   4   2   2   4   0   0   0 -9.4168   1   1
   4   4   2   2   6   0   0   0  5.7908   1   1
