      1      2      1      2  -1.20280000000000     
      2      4      1      2  0.000000000000000E+000
      1      5      1      2  0.000000000000000E+000
      4      5      1      2   2.44404387849318     
      3      6      1      2  -2.44404387849318     
      1      3      1      3  -2.74870000000000     
      3      4      1      3 -0.867900000000000     
      2      3      2      3 -0.446875000000000     
      1      4      2      3  -1.32895928337741     
      3      5      2      3 -0.433950000000000     
      2      3      1      4  -1.32895928337741     
      1      4      1      4  -1.98142500000000     
      3      5      1      4 -0.751623447944515     
      1      2      2      4  0.000000000000000E+000
      2      4      2      4  -1.21415000000000     
      1      5      2      4  -1.53455000000000     
      4      5      2      4 -0.433950000000000     
      3      6      2      4 -0.433950000000000     
      1      3      3      4 -0.867900000000000     
      3      4      3      4  -2.13510000000000     
      1      2      1      5  0.000000000000000E+000
      2      4      1      5  -1.53455000000000     
      1      5      1      5  -1.21415000000000     
      4      5      1      5 -0.433950000000000     
      3      6      1      5 -0.433950000000000     
      2      5      2      5  -1.98142500000000     
      1      6      2      5  -1.32895928337741     
      4      6      2      5 -0.751623447944515     
      2      3      3      5 -0.433950000000000     
      1      4      3      5 -0.751623447944514     
      3      5      3      5  -2.13510000000000     
      1      2      4      5   2.44404387849318     
      2      4      4      5 -0.433950000000000     
      1      5      4      5 -0.433950000000000     
      4      5      4      5  -2.89100000000000     
      3      6      4      5  0.755900000000000     
      2      5      1      6  -1.32895928337741     
      1      6      1      6 -0.446875000000000     
      4      6      1      6 -0.433950000000000     
      2      6      2      6  -2.74870000000000     
      5      6      2      6 -0.867900000000000     
      1      2      3      6  -2.44404387849318     
      2      4      3      6 -0.433950000000000     
      1      5      3      6 -0.433950000000000     
      4      5      3      6  0.755900000000000     
      3      6      3      6  -2.89100000000000     
      2      5      4      6 -0.751623447944514     
      1      6      4      6 -0.433950000000000     
      4      6      4      6  -2.13510000000000     
      2      6      5      6 -0.867900000000000     
      5      6      5      6  -2.13510000000000     
      1      7      1      7  -8.36320000000000     
      4      7      1      7  0.597151676712040     
      3      8      1      7  -1.03429704389020     
      2      9      1      7  -1.03429704389020     
      5      9      1      7   3.22318293415065     
      1     10      1      7  0.597151676712040     
      4     10      1      7  -3.72181106935857     
      3     11      1      7   3.22318293415065     
      2      7      2      7  -4.78300000000000     
      5      7      2      7  0.597151676712040     
      1      8      2      7  -3.58020000000000     
      4      8      2      7 -0.597151676712040     
      6      9      2      7   1.56933636277234     
      2     10      2      7 -0.597151676712040     
      5     10      2      7  0.291569171906948     
      1     11      2      7  0.597151676712040     
      4     11      2      7  -2.15247470658623     
      3     12      2      7   4.01338024126552     
      3      7      3      7  -6.90865000000000     
      1      9      3      7  -4.15995000000000     
      4      9      3      7 -0.433950000000000     
      3     10      3      7  0.433950000000000     
      1      7      4      7  0.597151676712040     
      4      7      4      7  -6.82211250000000     
      3      8      4      7 -0.149887346759991     
      2      9      4      7   1.17907193661742     
      5      9      4      7   1.38620204938481     
      1     10      4      7  -4.84068750000000     
      4     10      4      7  -2.03459825272706     
      3     11      4      7   2.13782549732932     
      2      7      5      7  0.597151676712040     
      5      7      5      7  -6.73557500000000     
      1      8      5      7  0.597151676712040     
      4      8      5      7 -0.173074999999998     
      6      9      5      7   2.83492237909059     
      2     10      5      7   1.36147500000000     
      5     10      5      7  -1.23427412636353     
      1     11      5      7  -5.52142500000000     
      4     11      5      7 -0.800324126363530     
      3     12      5      7   3.26887237909059     
      6      7      6      7  -6.64903750000000     
      2      8      6      7   1.03429704389020     
      5      8      6      7 -0.149887346759991     
      6     10      6      7   2.83492237909059     
      2     11      6      7   1.17907193661742     
      5     11      6      7  -3.52402754671413     
      1     12      6      7  -6.20216250000000     
      4     12      6      7   3.26887237909059     
      2      7      1      8  -3.58020000000000     
      5      7      1      8  0.597151676712040     
      1      8      1      8  -4.78300000000000     
      4      8      1      8 -0.597151676712040     
      6      9      1      8   4.01338024126552     
      2     10      1      8 -0.597151676712040     
      5     10      1      8  -2.15247470658623     
      1     11      1      8  0.597151676712040     
      4     11      1      8  0.291569171906948     
      3     12      1      8   1.56933636277234     
      6      7      2      8   1.03429704389020     
      2      8      2      8  -8.36320000000000     
      5      8      2      8 -0.597151676712040     
      6     10      2      8   3.22318293415065     
      2     11      2      8 -0.597151676712040     
      5     11      2      8  -3.72181106935857     
      1     12      2      8   1.03429704389020     
      4     12      2      8   3.22318293415065     
      1      7      3      8  -1.03429704389020     
      4      7      3      8 -0.149887346759991     
      3      8      3      8  -6.64903750000000     
      2      9      3      8  -6.20216250000000     
      5      9      3      8  -3.26887237909059     
      1     10      3      8   1.17907193661742     
      4     10      3      8   3.52402754671413     
      3     11      3      8  -2.83492237909059     
      2      7      4      8 -0.597151676712040     
      5      7      4      8 -0.173074999999998     
      1      8      4      8 -0.597151676712040     
      4      8      4      8  -6.73557500000000     
      6      9      4      8  -3.26887237909059     
      2     10      4      8  -5.52142500000000     
      5     10      4      8  0.800324126363530     
      1     11      4      8   1.36147500000000     
      4     11      4      8   1.23427412636353     
      3     12      4      8  -2.83492237909059     
      6      7      5      8 -0.149887346759991     
      2      8      5      8 -0.597151676712040     
      5      8      5      8  -6.82211250000000     
      6     10      5      8  -2.13782549732932     
      2     11      5      8  -4.84068750000000     
      5     11      5      8   2.03459825272706     
      1     12      5      8   1.17907193661742     
      4     12      5      8  -1.38620204938481     
      6      8      6      8  -6.90865000000000     
      6     11      6      8 -0.433950000000000     
      2     12      6      8  -4.15995000000000     
      5     12      6      8  0.433950000000000     
      7      8      7      8  -1.20280000000000     
      8     10      7      8  0.000000000000000E+000
      7     11      7      8  0.000000000000000E+000
     10     11      7      8   2.44404387849318     
      9     12      7      8  -2.44404387849318     
      3      7      1      9  -4.15995000000000     
      1      9      1      9  -6.90865000000000     
      4      9      1      9  0.433950000000000     
      3     10      1      9 -0.433950000000000     
      1      7      2      9  -1.03429704389020     
      4      7      2      9   1.17907193661742     
      3      8      2      9  -6.20216250000000     
      2      9      2      9  -6.64903750000000     
      5      9      2      9  -2.83492237909059     
      1     10      2      9 -0.149887346759991     
      4     10      2      9   3.52402754671413     
      3     11      2      9  -3.26887237909059     
      3      9      3      9  -11.0686000000000     
      3      7      4      9 -0.433950000000000     
      1      9      4      9  0.433950000000000     
      4      9      4      9  -6.60185000000000     
      3     10      4      9  -4.46674999999999     
      1      7      5      9   3.22318293415065     
      4      7      5      9   1.38620204938481     
      3      8      5      9  -3.26887237909059     
      2      9      5      9  -2.83492237909059     
      5      9      5      9  -5.33513000000000     
      1     10      5      9   2.13782549732932     
      4     10      5      9  -1.46268226597576     
      3     11      5      9  -3.20003000000000     
      2      7      6      9   1.56933636277234     
      5      7      6      9   2.83492237909059     
      1      8      6      9   4.01338024126552     
      4      8      6      9  -3.26887237909059     
      6      9      6      9  -5.07972000000000     
      2     10      6      9  -2.83492237909059     
      5     10      6      9 -0.255409999999998     
      1     11      6      9   3.26887237909059     
      4     11      6      9  -1.01131000000000     
      3     12      6      9  -2.18872000000000     
      7      9      7      9  -2.74870000000000     
      9     10      7      9 -0.867900000000000     
      8      9      8      9 -0.446875000000000     
      7     10      8      9  -1.32895928337741     
      9     11      8      9 -0.433950000000000     
      1      7      1     10  0.597151676712040     
      4      7      1     10  -4.84068750000000     
      3      8      1     10   1.17907193661742     
      2      9      1     10 -0.149887346759991     
      5      9      1     10   2.13782549732932     
      1     10      1     10  -6.82211250000000     
      4     10      1     10  -2.03459825272706     
      3     11      1     10   1.38620204938481     
      2      7      2     10 -0.597151676712040     
      5      7      2     10   1.36147500000000     
      1      8      2     10 -0.597151676712040     
      4      8      2     10  -5.52142500000000     
      6      9      2     10  -2.83492237909059     
      2     10      2     10  -6.73557500000000     
      5     10      2     10   1.23427412636353     
      1     11      2     10 -0.173074999999998     
      4     11      2     10  0.800324126363530     
      3     12      2     10  -3.26887237909059     
      3      7      3     10  0.433950000000000     
      1      9      3     10 -0.433950000000000     
      4      9      3     10  -4.46674999999999     
      3     10      3     10  -6.60184999999999     
      1      7      4     10  -3.72181106935857     
      4      7      4     10  -2.03459825272706     
      3      8      4     10   3.52402754671413     
      2      9      4     10   3.52402754671413     
      5      9      4     10  -1.46268226597576     
      1     10      4     10  -2.03459825272706     
      4     10      4     10  -9.37964000000000     
      3     11      4     10  -1.46268226597576     
      2      7      5     10  0.291569171906948     
      5      7      5     10  -1.23427412636353     
      1      8      5     10  -2.15247470658624     
      4      8      5     10  0.800324126363530     
      6      9      5     10 -0.255409999999998     
      2     10      5     10   1.23427412636353     
      5     10      5     10  -6.76868000000000     
      1     11      5     10 -0.800324126363530     
      4     11      5     10  -3.87768000000000     
      3     12      5     10  -1.01131000000000     
      6      7      6     10   2.83492237909059     
      2      8      6     10   3.22318293415065     
      5      8      6     10  -2.13782549732932     
      6     10      6     10  -5.33513000000000     
      2     11      6     10  -1.38620204938481     
      5     11      6     10  -1.46268226597576     
      1     12      6     10   3.26887237909059     
      4     12      6     10  -3.20003000000000     
      8      9      7     10  -1.32895928337741     
      7     10      7     10  -1.98142500000000     
      9     11      7     10 -0.751623447944515     
      7      8      8     10  0.000000000000000E+000
      8     10      8     10  -1.21415000000000     
      7     11      8     10  -1.53455000000000     
     10     11      8     10 -0.433950000000000     
      9     12      8     10 -0.433950000000000     
      7      9      9     10 -0.867900000000000     
      9     10      9     10  -2.13510000000000     
      2      7      1     11  0.597151676712040     
      5      7      1     11  -5.52142500000000     
      1      8      1     11  0.597151676712040     
      4      8      1     11   1.36147500000000     
      6      9      1     11   3.26887237909059     
      2     10      1     11 -0.173074999999998     
      5     10      1     11 -0.800324126363530     
      1     11      1     11  -6.73557500000000     
      4     11      1     11  -1.23427412636353     
      3     12      1     11   2.83492237909059     
      6      7      2     11   1.17907193661742     
      2      8      2     11 -0.597151676712040     
      5      8      2     11  -4.84068750000000     
      6     10      2     11  -1.38620204938481     
      2     11      2     11  -6.82211250000000     
      5     11      2     11   2.03459825272706     
      1     12      2     11 -0.149887346759991     
      4     12      2     11  -2.13782549732932     
      1      7      3     11   3.22318293415065     
      4      7      3     11   2.13782549732932     
      3      8      3     11  -2.83492237909059     
      2      9      3     11  -3.26887237909059     
      5      9      3     11  -3.20003000000000     
      1     10      3     11   1.38620204938481     
      4     10      3     11  -1.46268226597576     
      3     11      3     11  -5.33513000000000     
      2      7      4     11  -2.15247470658624     
      5      7      4     11 -0.800324126363530     
      1      8      4     11  0.291569171906948     
      4      8      4     11   1.23427412636353     
      6      9      4     11  -1.01131000000000     
      2     10      4     11  0.800324126363530     
      5     10      4     11  -3.87768000000000     
      1     11      4     11  -1.23427412636353     
      4     11      4     11  -6.76868000000000     
      3     12      4     11 -0.255409999999998     
      6      7      5     11  -3.52402754671413     
      2      8      5     11  -3.72181106935857     
      5      8      5     11   2.03459825272706     
      6     10      5     11  -1.46268226597576     
      2     11      5     11   2.03459825272706     
      5     11      5     11  -9.37964000000000     
      1     12      5     11  -3.52402754671413     
      4     12      5     11  -1.46268226597576     
      6      8      6     11 -0.433950000000000     
      6     11      6     11  -6.60185000000000     
      2     12      6     11  0.433950000000000     
      5     12      6     11  -4.46674999999999     
      7      8      7     11  0.000000000000000E+000
      8     10      7     11  -1.53455000000000     
      7     11      7     11  -1.21415000000000     
     10     11      7     11 -0.433950000000000     
      9     12      7     11 -0.433950000000000     
      8     11      8     11  -1.98142500000000     
      7     12      8     11  -1.32895928337741     
     10     12      8     11 -0.751623447944515     
      8      9      9     11 -0.433950000000000     
      7     10      9     11 -0.751623447944514     
      9     11      9     11  -2.13510000000000     
      7      8     10     11   2.44404387849318     
      8     10     10     11 -0.433950000000000     
      7     11     10     11 -0.433950000000000     
     10     11     10     11  -2.89100000000000     
      9     12     10     11  0.755900000000000     
      6      7      1     12  -6.20216250000000     
      2      8      1     12   1.03429704389020     
      5      8      1     12   1.17907193661742     
      6     10      1     12   3.26887237909059     
      2     11      1     12 -0.149887346759991     
      5     11      1     12  -3.52402754671413     
      1     12      1     12  -6.64903750000000     
      4     12      1     12   2.83492237909059     
      6      8      2     12  -4.15995000000000     
      6     11      2     12  0.433950000000000     
      2     12      2     12  -6.90865000000000     
      5     12      2     12 -0.433950000000000     
      2      7      3     12   4.01338024126552     
      5      7      3     12   3.26887237909059     
      1      8      3     12   1.56933636277234     
      4      8      3     12  -2.83492237909059     
      6      9      3     12  -2.18872000000000     
      2     10      3     12  -3.26887237909059     
      5     10      3     12  -1.01131000000000     
      1     11      3     12   2.83492237909059     
      4     11      3     12 -0.255409999999998     
      3     12      3     12  -5.07972000000000     
      6      7      4     12   3.26887237909059     
      2      8      4     12   3.22318293415065     
      5      8      4     12  -1.38620204938481     
      6     10      4     12  -3.20003000000000     
      2     11      4     12  -2.13782549732932     
      5     11      4     12  -1.46268226597576     
      1     12      4     12   2.83492237909059     
      4     12      4     12  -5.33513000000000     
      6      8      5     12  0.433950000000000     
      6     11      5     12  -4.46674999999999     
      2     12      5     12 -0.433950000000000     
      5     12      5     12  -6.60184999999999     
      6     12      6     12  -11.0686000000000     
      8     11      7     12  -1.32895928337741     
      7     12      7     12 -0.446875000000000     
     10     12      7     12 -0.433950000000000     
      8     12      8     12  -2.74870000000000     
     11     12      8     12 -0.867900000000000     
      7      8      9     12  -2.44404387849318     
      8     10      9     12 -0.433950000000000     
      7     11      9     12 -0.433950000000000     
     10     11      9     12  0.755900000000000     
      9     12      9     12  -2.89100000000000     
      8     11     10     12 -0.751623447944514     
      7     12     10     12 -0.433950000000000     
     10     12     10     12  -2.13510000000000     
      8     12     11     12 -0.867900000000000     
     11     12     11     12  -2.13510000000000     
