 ! Total Interaction
  20
   1   1   1   1     1     0  -8.3632
   1   2   1   1     1     0  -1.6890
   2   2   1   1     1     0   5.8847
   1   1   1   2     1     0  -1.6890
   1   2   1   2     1     0 -13.4454
   2   2   1   2     1     0  -9.0990
   1   1   2   2     1     0   5.8847
   1   2   2   2     1     0  -9.0990
   2   2   2   2     1     0  -6.8462
   1   2   1   2     2     0 -11.0686
   2   2   2   2     3     0 -11.0686
   1   1   1   1     0     1  -1.2028
   2   2   1   1     0     1  -3.4564
   1   1   2   2     0     1  -3.4564
   2   2   2   2     0     1  -3.6469
   1   2   1   2     1     1   0.3204
   1   2   1   2     2     1  -2.7487
   2   2   1   2     2     1   0.8679
   1   2   2   2     2     1   0.8679
   2   2   2   2     2     1  -2.1351
