 ! Total Interaction
  20
   1   1   1   1     1     0  -6.4595
   1   2   1   1     1     0  -0.3789
   2   2   1   1     1     0   3.3931
   1   1   1   2     1     0  -0.3789
   1   2   1   2     1     0 -10.8773
   2   2   1   2     1     0  -6.1872
   1   1   2   2     1     0   3.3931
   1   2   2   2     1     0  -6.1872
   2   2   2   2     1     0  -6.7747
   1   2   1   2     2     0  -7.7219
   2   2   2   2     3     0  -7.7219
   1   1   1   1     0     1  -1.3201
   2   2   1   1     0     1  -3.1835
   1   1   2   2     0     1  -3.1835
   2   2   2   2     0     1  -3.5712
   1   2   1   2     1     1   0.3894
   1   2   1   2     2     1  -2.5577
   2   2   1   2     2     1   1.3180
   1   2   2   2     2     1   1.3180
   2   2   2   2     2     1  -1.6257
