      1      1      1      1           2           0   4.45085096020974     
      1      1      1      1           0           0  -10.3493000000000     
      1      1      1      2           2           0 -0.464055831770273     
      1      1      2      1           2           0 -0.464055831770273     
      1      1      2      2           4           0  -6.11570376165262     
      1      1      2      2           2           0   2.69670587563938     
      1      2      1      1           2           0  0.464055831770273     
      1      2      1      2           2           0 -0.142613260910405     
      1      2      1      2           0           0  -14.6480174926613     
      1      2      2      1           4           0   10.8908529369619     
      1      2      2      1           2           0  -3.15109838357496     
      1      2      2      2           4           0   7.60448710386159     
      1      2      2      2           2           0   1.98412490715750     
      2      1      1      1           2           0  0.464055831770273     
      2      1      1      2           4           0   10.8908529369619     
      2      1      1      2           2           0  -3.15109838357496     
      2      1      2      1           2           0 -0.142613260910405     
      2      1      2      1           0           0  -14.6480174926613     
      2      1      2      2           4           0   7.60448710386159     
      2      1      2      2           2           0   1.98412490715750     
      2      2      1      1           4           0  -6.11570376165262     
      2      2      1      1           2           0   2.69670587563939     
      2      2      1      2           4           0  -7.60448710386159     
      2      2      1      2           2           0  -1.98412490715750     
      2      2      2      1           4           0  -7.60448710386159     
      2      2      2      1           2           0  -1.98412490715750     
      2      2      2      2           6           0   5.64996223850877     
      2      2      2      2           4           0  -7.58562582653040     
      2      2      2      2           2           0   5.33936704373047     
      2      2      2      2           0           0  -21.5192750000000     
      1      1      1      1           2           0   4.45085096020974     
      1      1      1      1           0           0  -10.3493000000000     
      1      1      1      2           2           0 -0.464055831770273     
      1      1      2      1           2           0 -0.464055831770273     
      1      1      2      2           4           0  -6.11570376165262     
      1      1      2      2           2           0   2.69670587563938     
      1      2      1      1           2           0  0.464055831770273     
      1      2      1      2           2           0 -0.142613260910405     
      1      2      1      2           0           0  -14.6480174926613     
      1      2      2      1           4           0   10.8908529369619     
      1      2      2      1           2           0  -3.15109838357496     
      1      2      2      2           4           0   7.60448710386159     
      1      2      2      2           2           0   1.98412490715750     
      2      1      1      1           2           0  0.464055831770273     
      2      1      1      2           4           0   10.8908529369619     
      2      1      1      2           2           0  -3.15109838357496     
      2      1      2      1           2           0 -0.142613260910405     
      2      1      2      1           0           0  -14.6480174926613     
      2      1      2      2           4           0   7.60448710386159     
      2      1      2      2           2           0   1.98412490715750     
      2      2      1      1           4           0  -6.11570376165262     
      2      2      1      1           2           0   2.69670587563939     
      2      2      1      2           4           0  -7.60448710386159     
      2      2      1      2           2           0  -1.98412490715750     
      2      2      2      1           4           0  -7.60448710386159     
      2      2      2      1           2           0  -1.98412490715750     
      2      2      2      2           6           0   5.64996223850877     
      2      2      2      2           4           0  -7.58562582653040     
      2      2      2      2           2           0   5.33936704373047     
      2      2      2      2           0           0  -21.5192750000000     
          60           6
   1   1   3   3   0   0   0   0-10.3493   1   1
   1   1   3   3   2   0   0   0  4.4509   1   1
   1   1   3   4   2   0   0   0 -0.4641   1   1
   1   1   4   3   2   0   0   0  0.4641   1   1
   1   1   4   4   0   0   0   0-14.6480   1   1
   1   1   4   4   2   0   0   0 -0.1426   1   1
   1   2   3   3   2   0   0   0 -0.4641   1   1
   1   2   3   4   2   0   0   0  2.6967   1   1
   1   2   3   4   4   0   0   0 -6.1157   1   1
   1   2   4   3   2   0   0   0 -3.1511   1   1
   1   2   4   3   4   0   0   0 10.8909   1   1
   1   2   4   4   2   0   0   0  1.9841   1   1
   1   2   4   4   4   0   0   0  7.6045   1   1
   2   1   3   3   2   0   0   0  0.4641   1   1
   2   1   3   4   2   0   0   0 -3.1511   1   1
   2   1   3   4   4   0   0   0 10.8909   1   1
   2   1   4   3   2   0   0   0  2.6967   1   1
   2   1   4   3   4   0   0   0 -6.1157   1   1
   2   1   4   4   2   0   0   0 -1.9841   1   1
   2   1   4   4   4   0   0   0 -7.6045   1   1
   2   2   3   3   0   0   0   0-14.6480   1   1
   2   2   3   3   2   0   0   0 -0.1426   1   1
   2   2   3   4   2   0   0   0  1.9841   1   1
   2   2   3   4   4   0   0   0  7.6045   1   1
   2   2   4   3   2   0   0   0 -1.9841   1   1
   2   2   4   3   4   0   0   0 -7.6045   1   1
   2   2   4   4   0   0   0   0-21.5193   1   1
   2   2   4   4   2   0   0   0  5.3394   1   1
   2   2   4   4   4   0   0   0 -7.5856   1   1
   2   2   4   4   6   0   0   0  5.6500   1   1
   3   3   1   1   0   0   0   0-10.3493   1   1
   3   3   1   1   2   0   0   0  4.4509   1   1
   3   3   1   2   2   0   0   0 -0.4641   1   1
   3   3   2   1   2   0   0   0  0.4641   1   1
   3   3   2   2   0   0   0   0-14.6480   1   1
   3   3   2   2   2   0   0   0 -0.1426   1   1
   3   4   1   1   2   0   0   0 -0.4641   1   1
   3   4   1   2   2   0   0   0  2.6967   1   1
   3   4   1   2   4   0   0   0 -6.1157   1   1
   3   4   2   1   2   0   0   0 -3.1511   1   1
   3   4   2   1   4   0   0   0 10.8909   1   1
   3   4   2   2   2   0   0   0  1.9841   1   1
   3   4   2   2   4   0   0   0  7.6045   1   1
   4   3   1   1   2   0   0   0  0.4641   1   1
   4   3   1   2   2   0   0   0 -3.1511   1   1
   4   3   1   2   4   0   0   0 10.8909   1   1
   4   3   2   1   2   0   0   0  2.6967   1   1
   4   3   2   1   4   0   0   0 -6.1157   1   1
   4   3   2   2   2   0   0   0 -1.9841   1   1
   4   3   2   2   4   0   0   0 -7.6045   1   1
   4   4   1   1   0   0   0   0-14.6480   1   1
   4   4   1   1   2   0   0   0 -0.1426   1   1
   4   4   1   2   2   0   0   0  1.9841   1   1
   4   4   1   2   4   0   0   0  7.6045   1   1
   4   4   2   1   2   0   0   0 -1.9841   1   1
   4   4   2   1   4   0   0   0 -7.6045   1   1
   4   4   2   2   0   0   0   0-21.5193   1   1
   4   4   2   2   2   0   0   0  5.3394   1   1
   4   4   2   2   4   0   0   0 -7.5856   1   1
   4   4   2   2   6   0   0   0  5.6500   1   1
