      1      2      1      2  -1.32010000000000     
      2      4      1      2  0.000000000000000E+000
      1      5      1      2  0.000000000000000E+000
      4      5      1      2   2.25107443790737     
      3      6      1      2  -2.25107443790737     
      1      3      1      3  -2.55770000000000     
      3      4      1      3  -1.31800000000000     
      2      3      2      3 -0.347375000000000     
      1      4      2      3  -1.27613173374656     
      3      5      2      3 -0.659000000000000     
      2      3      1      4  -1.27613173374656     
      1      4      1      4  -1.82092500000000     
      3      5      1      4  -1.14142148218789     
      1      2      2      4  0.000000000000000E+000
      2      4      2      4  -1.08415000000000     
      1      5      2      4  -1.47355000000000     
      4      5      2      4 -0.659000000000000     
      3      6      2      4 -0.659000000000000     
      1      3      3      4  -1.31800000000000     
      3      4      3      4  -1.62570000000000     
      1      2      1      5  0.000000000000000E+000
      2      4      1      5  -1.47355000000000     
      1      5      1      5  -1.08415000000000     
      4      5      1      5 -0.659000000000000     
      3      6      1      5 -0.659000000000000     
      2      5      2      5  -1.82092500000000     
      1      6      2      5  -1.27613173374656     
      4      6      2      5  -1.14142148218789     
      2      3      3      5 -0.659000000000000     
      1      4      3      5  -1.14142148218789     
      3      5      3      5  -1.62570000000000     
      1      2      4      5   2.25107443790737     
      2      4      4      5 -0.659000000000000     
      1      5      4      5 -0.659000000000000     
      4      5      4      5  -2.59845000000000     
      3      6      4      5  0.972750000000000     
      2      5      1      6  -1.27613173374656     
      1      6      1      6 -0.347375000000000     
      4      6      1      6 -0.659000000000000     
      2      6      2      6  -2.55770000000000     
      5      6      2      6  -1.31800000000000     
      1      2      3      6  -2.25107443790737     
      2      4      3      6 -0.659000000000000     
      1      5      3      6 -0.659000000000000     
      4      5      3      6  0.972750000000000     
      3      6      3      6  -2.59845000000000     
      2      5      4      6  -1.14142148218789     
      1      6      4      6 -0.659000000000000     
      4      6      4      6  -1.62570000000000     
      2      6      5      6  -1.31800000000000     
      5      6      5      6  -1.62570000000000     
      1      7      1      7  -6.45950000000000     
      4      7      1      7  0.133961379695791     
      3      8      1      7 -0.232027915885137     
      2      9      1      7 -0.232027915885137     
      5      9      1      7   1.85847740987078     
      1     10      1      7  0.133961379695791     
      4     10      1      7  -2.14598486574347     
      3     11      1      7   1.85847740987078     
      2      7      2      7  -3.88980000000000     
      5      7      2      7  0.133961379695791     
      1      8      2      7  -2.56970000000000     
      4      8      2      7 -0.133961379695791     
      6      9      2      7  0.483951430353912     
      2     10      2      7 -0.133961379695791     
      5     10      2      7  0.589041002517821     
      1     11      2      7  0.133961379695791     
      4     11      2      7  -1.66203343538955     
      3     12      2      7   2.73502586826129     
      3      7      3      7  -5.13980000000000     
      1      9      3      7  -2.58210000000000     
      4      9      3      7 -0.659000000000000     
      3     10      3      7  0.659000000000000     
      1      7      4      7  0.133961379695791     
      4      7      4      7  -5.16583750000000     
      3      8      4      7  4.509827290207546E-002
      2      9      4      7   1.32123000664864     
      5      9      4      7  0.627435386888782     
      1     10      4      7  -3.34491250000000     
      4     10      4      7  -1.38349997903867     
      3     11      4      7   1.76885686907667     
      2      7      5      7  0.133961379695791     
      5      7      5      7  -5.19187500000000     
      1      8      5      7  0.133961379695791     
      4      8      5      7  5.207500000000165E-002
      6      9      5      7   1.74574996855801     
      2     10      5      7   1.52562500000000     
      5     10      5      7  -1.02124998951934     
      1     11      5      7  -4.10772500000000     
      4     11      5      7 -0.362249989519335     
      3     12      5      7   2.40474996855801     
      6      7      6      7  -5.21791250000000     
      2      8      6      7  0.232027915885137     
      5      8      6      7  4.509827290207513E-002
      6     10      6      7   1.74574996855801     
      2     11      6      7   1.32123000664864     
      5     11      6      7  -2.39629225596545     
      1     12      6      7  -4.87053750000000     
      4     12      6      7   2.40474996855801     
      2      7      1      8  -2.56970000000000     
      5      7      1      8  0.133961379695791     
      1      8      1      8  -3.88980000000000     
      4      8      1      8 -0.133961379695791     
      6      9      1      8   2.73502586826129     
      2     10      1      8 -0.133961379695791     
      5     10      1      8  -1.66203343538955     
      1     11      1      8  0.133961379695791     
      4     11      1      8  0.589041002517821     
      3     12      1      8  0.483951430353912     
      6      7      2      8  0.232027915885137     
      2      8      2      8  -6.45950000000000     
      5      8      2      8 -0.133961379695791     
      6     10      2      8   1.85847740987078     
      2     11      2      8 -0.133961379695791     
      5     11      2      8  -2.14598486574347     
      1     12      2      8  0.232027915885137     
      4     12      2      8   1.85847740987078     
      1      7      3      8 -0.232027915885137     
      4      7      3      8  4.509827290207513E-002
      3      8      3      8  -5.21791250000000     
      2      9      3      8  -4.87053750000000     
      5      9      3      8  -2.40474996855801     
      1     10      3      8   1.32123000664864     
      4     10      3      8   2.39629225596545     
      3     11      3      8  -1.74574996855801     
      2      7      4      8 -0.133961379695791     
      5      7      4      8  5.207500000000165E-002
      1      8      4      8 -0.133961379695791     
      4      8      4      8  -5.19187500000000     
      6      9      4      8  -2.40474996855801     
      2     10      4      8  -4.10772500000000     
      5     10      4      8  0.362249989519335     
      1     11      4      8   1.52562500000000     
      4     11      4      8   1.02124998951934     
      3     12      4      8  -1.74574996855801     
      6      7      5      8  4.509827290207546E-002
      2      8      5      8 -0.133961379695791     
      5      8      5      8  -5.16583750000000     
      6     10      5      8  -1.76885686907667     
      2     11      5      8  -3.34491250000000     
      5     11      5      8   1.38349997903867     
      1     12      5      8   1.32123000664864     
      4     12      5      8 -0.627435386888782     
      6      8      6      8  -5.13980000000000     
      6     11      6      8 -0.659000000000000     
      2     12      6      8  -2.58210000000000     
      5     12      6      8  0.659000000000000     
      7      8      7      8  -1.32010000000000     
      8     10      7      8  0.000000000000000E+000
      7     11      7      8  0.000000000000000E+000
     10     11      7      8   2.25107443790737     
      9     12      7      8  -2.25107443790737     
      3      7      1      9  -2.58210000000000     
      1      9      1      9  -5.13980000000000     
      4      9      1      9  0.659000000000000     
      3     10      1      9 -0.659000000000000     
      1      7      2      9 -0.232027915885137     
      4      7      2      9   1.32123000664864     
      3      8      2      9  -4.87053750000000     
      2      9      2      9  -5.21791250000000     
      5      9      2      9  -1.74574996855801     
      1     10      2      9  4.509827290207513E-002
      4     10      2      9   2.39629225596545     
      3     11      2      9  -2.40474996855801     
      3      9      3      9  -7.72190000000000     
      3      7      4      9 -0.659000000000000     
      1      9      4      9  0.659000000000000     
      4      9      4      9  -4.67380000000000     
      3     10      4      9  -3.04810000000000     
      1      7      5      9   1.85847740987078     
      4      7      5      9  0.627435386888782     
      3      8      5      9  -2.40474996855801     
      2      9      5      9  -1.74574996855801     
      5      9      5      9  -4.38964000000000     
      1     10      5      9   1.76885686907667     
      4     10      5      9 -0.328119704985845     
      3     11      5      9  -2.76394000000000     
      2      7      6      9  0.483951430353912     
      5      7      6      9   1.74574996855801     
      1      8      6      9   2.73502586826129     
      4      8      6      9  -2.40474996855801     
      6      9      6      9  -4.73393500000000     
      2     10      6      9  -1.74574996855801     
      5     10      6      9  0.344295000000002     
      1     11      6      9   2.40474996855801     
      4     11      6      9 -0.628454999999998     
      3     12      6      9  -2.13548500000000     
      7      9      7      9  -2.55770000000000     
      9     10      7      9  -1.31800000000000     
      8      9      8      9 -0.347375000000000     
      7     10      8      9  -1.27613173374656     
      9     11      8      9 -0.659000000000000     
      1      7      1     10  0.133961379695791     
      4      7      1     10  -3.34491250000000     
      3      8      1     10   1.32123000664864     
      2      9      1     10  4.509827290207546E-002
      5      9      1     10   1.76885686907667     
      1     10      1     10  -5.16583750000000     
      4     10      1     10  -1.38349997903867     
      3     11      1     10  0.627435386888782     
      2      7      2     10 -0.133961379695791     
      5      7      2     10   1.52562500000000     
      1      8      2     10 -0.133961379695791     
      4      8      2     10  -4.10772500000000     
      6      9      2     10  -1.74574996855801     
      2     10      2     10  -5.19187500000000     
      5     10      2     10   1.02124998951934     
      1     11      2     10  5.207500000000165E-002
      4     11      2     10  0.362249989519335     
      3     12      2     10  -2.40474996855801     
      3      7      3     10  0.659000000000000     
      1      9      3     10 -0.659000000000000     
      4      9      3     10  -3.04810000000000     
      3     10      3     10  -4.67380000000000     
      1      7      4     10  -2.14598486574347     
      4      7      4     10  -1.38349997903867     
      3      8      4     10   2.39629225596545     
      2      9      4     10   2.39629225596545     
      5      9      4     10 -0.328119704985845     
      1     10      4     10  -1.38349997903867     
      4     10      4     10  -7.34302000000000     
      3     11      4     10 -0.328119704985845     
      2      7      5     10  0.589041002517821     
      5      7      5     10  -1.02124998951934     
      1      8      5     10  -1.66203343538955     
      4      8      5     10  0.362249989519335     
      6      9      5     10  0.344295000000002     
      2     10      5     10   1.02124998951934     
      5     10      5     10  -5.11281500000000     
      1     11      5     10 -0.362249989519335     
      4     11      5     10  -2.51436500000000     
      3     12      5     10 -0.628454999999998     
      6      7      6     10   1.74574996855801     
      2      8      6     10   1.85847740987078     
      5      8      6     10  -1.76885686907667     
      6     10      6     10  -4.38964000000000     
      2     11      6     10 -0.627435386888782     
      5     11      6     10 -0.328119704985845     
      1     12      6     10   2.40474996855801     
      4     12      6     10  -2.76394000000000     
      8      9      7     10  -1.27613173374656     
      7     10      7     10  -1.82092500000000     
      9     11      7     10  -1.14142148218789     
      7      8      8     10  0.000000000000000E+000
      8     10      8     10  -1.08415000000000     
      7     11      8     10  -1.47355000000000     
     10     11      8     10 -0.659000000000000     
      9     12      8     10 -0.659000000000000     
      7      9      9     10  -1.31800000000000     
      9     10      9     10  -1.62570000000000     
      2      7      1     11  0.133961379695791     
      5      7      1     11  -4.10772500000000     
      1      8      1     11  0.133961379695791     
      4      8      1     11   1.52562500000000     
      6      9      1     11   2.40474996855801     
      2     10      1     11  5.207500000000165E-002
      5     10      1     11 -0.362249989519335     
      1     11      1     11  -5.19187500000000     
      4     11      1     11  -1.02124998951934     
      3     12      1     11   1.74574996855801     
      6      7      2     11   1.32123000664864     
      2      8      2     11 -0.133961379695791     
      5      8      2     11  -3.34491250000000     
      6     10      2     11 -0.627435386888782     
      2     11      2     11  -5.16583750000000     
      5     11      2     11   1.38349997903867     
      1     12      2     11  4.509827290207546E-002
      4     12      2     11  -1.76885686907667     
      1      7      3     11   1.85847740987078     
      4      7      3     11   1.76885686907667     
      3      8      3     11  -1.74574996855801     
      2      9      3     11  -2.40474996855801     
      5      9      3     11  -2.76394000000000     
      1     10      3     11  0.627435386888782     
      4     10      3     11 -0.328119704985845     
      3     11      3     11  -4.38964000000000     
      2      7      4     11  -1.66203343538955     
      5      7      4     11 -0.362249989519335     
      1      8      4     11  0.589041002517821     
      4      8      4     11   1.02124998951934     
      6      9      4     11 -0.628454999999998     
      2     10      4     11  0.362249989519335     
      5     10      4     11  -2.51436500000000     
      1     11      4     11  -1.02124998951934     
      4     11      4     11  -5.11281500000000     
      3     12      4     11  0.344295000000002     
      6      7      5     11  -2.39629225596545     
      2      8      5     11  -2.14598486574347     
      5      8      5     11   1.38349997903867     
      6     10      5     11 -0.328119704985845     
      2     11      5     11   1.38349997903867     
      5     11      5     11  -7.34302000000000     
      1     12      5     11  -2.39629225596545     
      4     12      5     11 -0.328119704985845     
      6      8      6     11 -0.659000000000000     
      6     11      6     11  -4.67380000000000     
      2     12      6     11  0.659000000000000     
      5     12      6     11  -3.04810000000000     
      7      8      7     11  0.000000000000000E+000
      8     10      7     11  -1.47355000000000     
      7     11      7     11  -1.08415000000000     
     10     11      7     11 -0.659000000000000     
      9     12      7     11 -0.659000000000000     
      8     11      8     11  -1.82092500000000     
      7     12      8     11  -1.27613173374656     
     10     12      8     11  -1.14142148218789     
      8      9      9     11 -0.659000000000000     
      7     10      9     11  -1.14142148218789     
      9     11      9     11  -1.62570000000000     
      7      8     10     11   2.25107443790737     
      8     10     10     11 -0.659000000000000     
      7     11     10     11 -0.659000000000000     
     10     11     10     11  -2.59845000000000     
      9     12     10     11  0.972750000000000     
      6      7      1     12  -4.87053750000000     
      2      8      1     12  0.232027915885137     
      5      8      1     12   1.32123000664864     
      6     10      1     12   2.40474996855801     
      2     11      1     12  4.509827290207513E-002
      5     11      1     12  -2.39629225596545     
      1     12      1     12  -5.21791250000000     
      4     12      1     12   1.74574996855801     
      6      8      2     12  -2.58210000000000     
      6     11      2     12  0.659000000000000     
      2     12      2     12  -5.13980000000000     
      5     12      2     12 -0.659000000000000     
      2      7      3     12   2.73502586826129     
      5      7      3     12   2.40474996855801     
      1      8      3     12  0.483951430353912     
      4      8      3     12  -1.74574996855801     
      6      9      3     12  -2.13548500000000     
      2     10      3     12  -2.40474996855801     
      5     10      3     12 -0.628454999999998     
      1     11      3     12   1.74574996855801     
      4     11      3     12  0.344295000000002     
      3     12      3     12  -4.73393500000000     
      6      7      4     12   2.40474996855801     
      2      8      4     12   1.85847740987078     
      5      8      4     12 -0.627435386888782     
      6     10      4     12  -2.76394000000000     
      2     11      4     12  -1.76885686907667     
      5     11      4     12 -0.328119704985845     
      1     12      4     12   1.74574996855801     
      4     12      4     12  -4.38964000000000     
      6      8      5     12  0.659000000000000     
      6     11      5     12  -3.04810000000000     
      2     12      5     12 -0.659000000000000     
      5     12      5     12  -4.67380000000000     
      6     12      6     12  -7.72190000000000     
      8     11      7     12  -1.27613173374656     
      7     12      7     12 -0.347375000000000     
     10     12      7     12 -0.659000000000000     
      8     12      8     12  -2.55770000000000     
     11     12      8     12  -1.31800000000000     
      7      8      9     12  -2.25107443790737     
      8     10      9     12 -0.659000000000000     
      7     11      9     12 -0.659000000000000     
     10     11      9     12  0.972750000000000     
      9     12      9     12  -2.59845000000000     
      8     11     10     12  -1.14142148218789     
      7     12     10     12 -0.659000000000000     
     10     12     10     12  -1.62570000000000     
      8     12     11     12  -1.31800000000000     
     11     12     11     12  -1.62570000000000     
