      1      1      1      1           2           0   6.16298318349158     
      1      1      1      1           0           0  -13.0908000000000     
      1      1      1      2           2           0  -2.06014334816779     
      1      1      2      1           2           0  -2.06014334816779     
      1      1      2      2           4           0  -8.95114072740116     
      1      1      2      2           2           0   5.95307345060182     
      1      2      1      1           2           0   2.06014334816779     
      1      2      1      2           2           0  0.441532846668856     
      1      2      1      2           0           0  -19.1096491499141     
      1      2      2      1           4           0   13.8312264256747     
      1      2      2      1           2           0  -6.00911211987418     
      1      2      2      2           4           0   10.3395663583801     
      1      2      2      2           2           0   4.39174530632817     
      2      1      1      1           2           0   2.06014334816779     
      2      1      1      2           4           0   13.8312264256747     
      2      1      1      2           2           0  -6.00911211987418     
      2      1      2      1           2           0  0.441532846668856     
      2      1      2      1           0           0  -19.1096491499141     
      2      1      2      2           4           0   10.3395663583801     
      2      1      2      2           2           0   4.39174530632817     
      2      2      1      1           4           0  -8.95114072740116     
      2      2      1      1           2           0   5.95307345060182     
      2      2      1      2           4           0  -10.3395663583801     
      2      2      1      2           2           0  -4.39174530632817     
      2      2      2      1           4           0  -10.3395663583801     
      2      2      2      1           2           0  -4.39174530632817     
      2      2      2      2           6           0   5.77425963510259     
      2      2      2      2           4           0  -9.39652783878838     
      2      2      2      2           2           0   11.0639335268102     
      2      2      2      2           0           0  -27.9656750000000     
      1      1      1      1           2           0   6.16298318349158     
      1      1      1      1           0           0  -13.0908000000000     
      1      1      1      2           2           0  -2.06014334816779     
      1      1      2      1           2           0  -2.06014334816779     
      1      1      2      2           4           0  -8.95114072740116     
      1      1      2      2           2           0   5.95307345060182     
      1      2      1      1           2           0   2.06014334816779     
      1      2      1      2           2           0  0.441532846668856     
      1      2      1      2           0           0  -19.1096491499141     
      1      2      2      1           4           0   13.8312264256747     
      1      2      2      1           2           0  -6.00911211987418     
      1      2      2      2           4           0   10.3395663583801     
      1      2      2      2           2           0   4.39174530632817     
      2      1      1      1           2           0   2.06014334816779     
      2      1      1      2           4           0   13.8312264256747     
      2      1      1      2           2           0  -6.00911211987418     
      2      1      2      1           2           0  0.441532846668856     
      2      1      2      1           0           0  -19.1096491499141     
      2      1      2      2           4           0   10.3395663583801     
      2      1      2      2           2           0   4.39174530632817     
      2      2      1      1           4           0  -8.95114072740116     
      2      2      1      1           2           0   5.95307345060182     
      2      2      1      2           4           0  -10.3395663583801     
      2      2      1      2           2           0  -4.39174530632817     
      2      2      2      1           4           0  -10.3395663583801     
      2      2      2      1           2           0  -4.39174530632817     
      2      2      2      2           6           0   5.77425963510259     
      2      2      2      2           4           0  -9.39652783878838     
      2      2      2      2           2           0   11.0639335268102     
      2      2      2      2           0           0  -27.9656750000000     
          60           6
   1   1   3   3   0   0   0   0-13.0908   1   1
   1   1   3   3   2   0   0   0  6.1630   1   1
   1   1   3   4   2   0   0   0 -2.0601   1   1
   1   1   4   3   2   0   0   0  2.0601   1   1
   1   1   4   4   0   0   0   0-19.1096   1   1
   1   1   4   4   2   0   0   0  0.4415   1   1
   1   2   3   3   2   0   0   0 -2.0601   1   1
   1   2   3   4   2   0   0   0  5.9531   1   1
   1   2   3   4   4   0   0   0 -8.9511   1   1
   1   2   4   3   2   0   0   0 -6.0091   1   1
   1   2   4   3   4   0   0   0 13.8312   1   1
   1   2   4   4   2   0   0   0  4.3917   1   1
   1   2   4   4   4   0   0   0 10.3396   1   1
   2   1   3   3   2   0   0   0  2.0601   1   1
   2   1   3   4   2   0   0   0 -6.0091   1   1
   2   1   3   4   4   0   0   0 13.8312   1   1
   2   1   4   3   2   0   0   0  5.9531   1   1
   2   1   4   3   4   0   0   0 -8.9511   1   1
   2   1   4   4   2   0   0   0 -4.3917   1   1
   2   1   4   4   4   0   0   0-10.3396   1   1
   2   2   3   3   0   0   0   0-19.1096   1   1
   2   2   3   3   2   0   0   0  0.4415   1   1
   2   2   3   4   2   0   0   0  4.3917   1   1
   2   2   3   4   4   0   0   0 10.3396   1   1
   2   2   4   3   2   0   0   0 -4.3917   1   1
   2   2   4   3   4   0   0   0-10.3396   1   1
   2   2   4   4   0   0   0   0-27.9657   1   1
   2   2   4   4   2   0   0   0 11.0639   1   1
   2   2   4   4   4   0   0   0 -9.3965   1   1
   2   2   4   4   6   0   0   0  5.7743   1   1
   3   3   1   1   0   0   0   0-13.0908   1   1
   3   3   1   1   2   0   0   0  6.1630   1   1
   3   3   1   2   2   0   0   0 -2.0601   1   1
   3   3   2   1   2   0   0   0  2.0601   1   1
   3   3   2   2   0   0   0   0-19.1096   1   1
   3   3   2   2   2   0   0   0  0.4415   1   1
   3   4   1   1   2   0   0   0 -2.0601   1   1
   3   4   1   2   2   0   0   0  5.9531   1   1
   3   4   1   2   4   0   0   0 -8.9511   1   1
   3   4   2   1   2   0   0   0 -6.0091   1   1
   3   4   2   1   4   0   0   0 13.8312   1   1
   3   4   2   2   2   0   0   0  4.3917   1   1
   3   4   2   2   4   0   0   0 10.3396   1   1
   4   3   1   1   2   0   0   0  2.0601   1   1
   4   3   1   2   2   0   0   0 -6.0091   1   1
   4   3   1   2   4   0   0   0 13.8312   1   1
   4   3   2   1   2   0   0   0  5.9531   1   1
   4   3   2   1   4   0   0   0 -8.9511   1   1
   4   3   2   2   2   0   0   0 -4.3917   1   1
   4   3   2   2   4   0   0   0-10.3396   1   1
   4   4   1   1   0   0   0   0-19.1096   1   1
   4   4   1   1   2   0   0   0  0.4415   1   1
   4   4   1   2   2   0   0   0  4.3917   1   1
   4   4   1   2   4   0   0   0 10.3396   1   1
   4   4   2   1   2   0   0   0 -4.3917   1   1
   4   4   2   1   4   0   0   0-10.3396   1   1
   4   4   2   2   0   0   0   0-27.9657   1   1
   4   4   2   2   2   0   0   0 11.0639   1   1
   4   4   2   2   4   0   0   0 -9.3965   1   1
   4   4   2   2   6   0   0   0  5.7743   1   1
