      1      2      1      2  -1.20810000000000     
      2      4      1      2  0.000000000000000E+000
      1      5      1      2  0.000000000000000E+000
      4      5      1      2   2.42608336625104     
      3      6      1      2  -2.42608336625104     
      1      3      1      3  -2.72880000000000     
      3      4      1      3 -0.864200000000000     
      2      3      2      3 -0.449850000000000     
      1      4      2      3  -1.31575239596970     
      3      5      2      3 -0.432100000000000     
      2      3      1      4  -1.31575239596970     
      1      4      1      4  -1.96915000000000     
      3      5      1      4 -0.748419153950512     
      1      2      2      4  0.000000000000000E+000
      2      4      2      4  -1.20950000000000     
      1      5      2      4  -1.51930000000000     
      4      5      2      4 -0.432100000000000     
      3      6      2      4 -0.432100000000000     
      1      3      3      4 -0.864200000000000     
      3      4      3      4  -2.11770000000000     
      1      2      1      5  0.000000000000000E+000
      2      4      1      5  -1.51930000000000     
      1      5      1      5  -1.20950000000000     
      4      5      1      5 -0.432100000000000     
      3      6      1      5 -0.432100000000000     
      2      5      2      5  -1.96915000000000     
      1      6      2      5  -1.31575239596970     
      4      6      2      5 -0.748419153950512     
      2      3      3      5 -0.432100000000000     
      1      4      3      5 -0.748419153950512     
      3      5      3      5  -2.11770000000000     
      1      2      4      5   2.42608336625104     
      2      4      4      5 -0.432100000000000     
      1      5      4      5 -0.432100000000000     
      4      5      4      5  -2.87590000000000     
      3      6      4      5  0.758200000000000     
      2      5      1      6  -1.31575239596970     
      1      6      1      6 -0.449850000000000     
      4      6      1      6 -0.432100000000000     
      2      6      2      6  -2.72880000000000     
      5      6      2      6 -0.864200000000000     
      1      2      3      6  -2.42608336625104     
      2      4      3      6 -0.432100000000000     
      1      5      3      6 -0.432100000000000     
      4      5      3      6  0.758200000000000     
      3      6      3      6  -2.87590000000000     
      2      5      4      6 -0.748419153950512     
      1      6      4      6 -0.432100000000000     
      4      6      4      6  -2.11770000000000     
      2      6      5      6 -0.864200000000000     
      5      6      5      6  -2.11770000000000     
      1      7      1      7  -8.32450000000000     
      4      7      1      7  0.594712158316946     
      3      8      1      7  -1.03007167408390     
      2      9      1      7  -1.03007167408390     
      5      9      1      7   3.22164931098964     
      1     10      1      7  0.594712158316946     
      4     10      1      7  -3.72004019386888     
      3     11      1      7   3.22164931098964     
      2      7      2      7  -4.76630000000000     
      5      7      2      7  0.594712158316946     
      1      8      2      7  -3.55820000000000     
      4      8      2      7 -0.594712158316946     
      6      9      2      7   1.57698846227614     
      2     10      2      7 -0.594712158316946     
      5     10      2      7  0.283031634658303     
      1     11      2      7  0.594712158316946     
      4     11      2      7  -2.14305173159274     
      3     12      2      7   4.00307182852718     
      3      7      3      7  -6.87720000000000     
      1      9      3      7  -4.14840000000000     
      4      9      3      7 -0.432100000000000     
      3     10      3      7  0.432100000000000     
      1      7      4      7  0.594712158316946     
      4      7      4      7  -6.79658750000000     
      3      8      4      7 -0.139624945725146     
      2      9      4      7   1.17612745024455     
      5      9      4      7   1.38879180713509     
      1     10      4      7  -4.82743750000000     
      4     10      4      7  -2.03573864739558     
      3     11      4      7   2.13721096108560     
      2      7      5      7  0.594712158316946     
      5      7      5      7  -6.71597500000000     
      1      8      5      7  0.594712158316946     
      4      8      5      7 -0.161224999999999     
      6      9      5      7   2.83755797109338     
      2     10      5      7   1.35807500000000     
      5     10      5      7  -1.23391932369779     
      1     11      5      7  -5.50647500000000     
      4     11      5      7 -0.801819323697792     
      3     12      5      7   3.26965797109338     
      6      7      6      7  -6.63536250000000     
      2      8      6      7   1.03007167408390     
      5      8      6      7 -0.139624945725146     
      6     10      6      7   2.83755797109338     
      2     11      6      7   1.17612745024455     
      5     11      6      7  -3.52600276822070     
      1     12      6      7  -6.18551250000000     
      4     12      6      7   3.26965797109338     
      2      7      1      8  -3.55820000000000     
      5      7      1      8  0.594712158316946     
      1      8      1      8  -4.76630000000000     
      4      8      1      8 -0.594712158316946     
      6      9      1      8   4.00307182852718     
      2     10      1      8 -0.594712158316946     
      5     10      1      8  -2.14305173159274     
      1     11      1      8  0.594712158316946     
      4     11      1      8  0.283031634658303     
      3     12      1      8   1.57698846227614     
      6      7      2      8   1.03007167408390     
      2      8      2      8  -8.32450000000000     
      5      8      2      8 -0.594712158316946     
      6     10      2      8   3.22164931098964     
      2     11      2      8 -0.594712158316946     
      5     11      2      8  -3.72004019386888     
      1     12      2      8   1.03007167408390     
      4     12      2      8   3.22164931098964     
      1      7      3      8  -1.03007167408390     
      4      7      3      8 -0.139624945725146     
      3      8      3      8  -6.63536250000000     
      2      9      3      8  -6.18551250000000     
      5      9      3      8  -3.26965797109338     
      1     10      3      8   1.17612745024455     
      4     10      3      8   3.52600276822070     
      3     11      3      8  -2.83755797109338     
      2      7      4      8 -0.594712158316946     
      5      7      4      8 -0.161224999999999     
      1      8      4      8 -0.594712158316946     
      4      8      4      8  -6.71597500000000     
      6      9      4      8  -3.26965797109338     
      2     10      4      8  -5.50647500000000     
      5     10      4      8  0.801819323697792     
      1     11      4      8   1.35807500000000     
      4     11      4      8   1.23391932369779     
      3     12      4      8  -2.83755797109338     
      6      7      5      8 -0.139624945725146     
      2      8      5      8 -0.594712158316946     
      5      8      5      8  -6.79658750000000     
      6     10      5      8  -2.13721096108560     
      2     11      5      8  -4.82743750000000     
      5     11      5      8   2.03573864739558     
      1     12      5      8   1.17612745024455     
      4     12      5      8  -1.38879180713509     
      6      8      6      8  -6.87720000000000     
      6     11      6      8 -0.432100000000000     
      2     12      6      8  -4.14840000000000     
      5     12      6      8  0.432100000000000     
      7      8      7      8  -1.20810000000000     
      8     10      7      8  0.000000000000000E+000
      7     11      7      8  0.000000000000000E+000
     10     11      7      8   2.42608336625104     
      9     12      7      8  -2.42608336625104     
      3      7      1      9  -4.14840000000000     
      1      9      1      9  -6.87720000000000     
      4      9      1      9  0.432100000000000     
      3     10      1      9 -0.432100000000000     
      1      7      2      9  -1.03007167408390     
      4      7      2      9   1.17612745024455     
      3      8      2      9  -6.18551250000000     
      2      9      2      9  -6.63536250000000     
      5      9      2      9  -2.83755797109338     
      1     10      2      9 -0.139624945725146     
      4     10      2      9   3.52600276822070     
      3     11      2      9  -3.26965797109338     
      3      9      3      9  -11.0256000000000     
      3      7      4      9 -0.432100000000000     
      1      9      4      9  0.432100000000000     
      4      9      4      9  -6.57165000000000     
      3     10      4      9  -4.45394999999999     
      1      7      5      9   3.22164931098964     
      4      7      5      9   1.38879180713509     
      3      8      5      9  -3.26965797109338     
      2      9      5      9  -2.83755797109338     
      5      9      5      9  -5.31006000000000     
      1     10      5      9   2.13721096108560     
      4     10      5      9  -1.45675865221388     
      3     11      5      9  -3.19236000000000     
      2      7      6      9   1.57698846227614     
      5      7      6      9   2.83755797109338     
      1      8      6      9   4.00307182852718     
      4      8      6      9  -3.26965797109338     
      6      9      6      9  -5.05836500000000     
      2     10      6      9  -2.83755797109338     
      5     10      6      9 -0.251694999999998     
      1     11      6      9   3.26965797109338     
      4     11      6      9  -1.00989500000000     
      3     12      6      9  -2.18246500000000     
      7      9      7      9  -2.72880000000000     
      9     10      7      9 -0.864200000000000     
      8      9      8      9 -0.449850000000000     
      7     10      8      9  -1.31575239596970     
      9     11      8      9 -0.432100000000000     
      1      7      1     10  0.594712158316946     
      4      7      1     10  -4.82743750000000     
      3      8      1     10   1.17612745024455     
      2      9      1     10 -0.139624945725146     
      5      9      1     10   2.13721096108560     
      1     10      1     10  -6.79658750000000     
      4     10      1     10  -2.03573864739558     
      3     11      1     10   1.38879180713509     
      2      7      2     10 -0.594712158316946     
      5      7      2     10   1.35807500000000     
      1      8      2     10 -0.594712158316946     
      4      8      2     10  -5.50647500000000     
      6      9      2     10  -2.83755797109338     
      2     10      2     10  -6.71597500000000     
      5     10      2     10   1.23391932369779     
      1     11      2     10 -0.161224999999999     
      4     11      2     10  0.801819323697792     
      3     12      2     10  -3.26965797109338     
      3      7      3     10  0.432100000000000     
      1      9      3     10 -0.432100000000000     
      4      9      3     10  -4.45394999999999     
      3     10      3     10  -6.57164999999999     
      1      7      4     10  -3.72004019386888     
      4      7      4     10  -2.03573864739558     
      3      8      4     10   3.52600276822070     
      2      9      4     10   3.52600276822070     
      5      9      4     10  -1.45675865221388     
      1     10      4     10  -2.03573864739558     
      4     10      4     10  -9.34348000000000     
      3     11      4     10  -1.45675865221388     
      2      7      5     10  0.283031634658303     
      5      7      5     10  -1.23391932369779     
      1      8      5     10  -2.14305173159274     
      4      8      5     10  0.801819323697792     
      6      9      5     10 -0.251694999999998     
      2     10      5     10   1.23391932369779     
      5     10      5     10  -6.74048500000000     
      1     11      5     10 -0.801819323697792     
      4     11      5     10  -3.86458500000000     
      3     12      5     10  -1.00989500000000     
      6      7      6     10   2.83755797109338     
      2      8      6     10   3.22164931098964     
      5      8      6     10  -2.13721096108560     
      6     10      6     10  -5.31006000000000     
      2     11      6     10  -1.38879180713509     
      5     11      6     10  -1.45675865221388     
      1     12      6     10   3.26965797109338     
      4     12      6     10  -3.19236000000000     
      8      9      7     10  -1.31575239596970     
      7     10      7     10  -1.96915000000000     
      9     11      7     10 -0.748419153950512     
      7      8      8     10  0.000000000000000E+000
      8     10      8     10  -1.20950000000000     
      7     11      8     10  -1.51930000000000     
     10     11      8     10 -0.432100000000000     
      9     12      8     10 -0.432100000000000     
      7      9      9     10 -0.864200000000000     
      9     10      9     10  -2.11770000000000     
      2      7      1     11  0.594712158316946     
      5      7      1     11  -5.50647500000000     
      1      8      1     11  0.594712158316946     
      4      8      1     11   1.35807500000000     
      6      9      1     11   3.26965797109338     
      2     10      1     11 -0.161224999999999     
      5     10      1     11 -0.801819323697792     
      1     11      1     11  -6.71597500000000     
      4     11      1     11  -1.23391932369779     
      3     12      1     11   2.83755797109338     
      6      7      2     11   1.17612745024455     
      2      8      2     11 -0.594712158316946     
      5      8      2     11  -4.82743750000000     
      6     10      2     11  -1.38879180713509     
      2     11      2     11  -6.79658750000000     
      5     11      2     11   2.03573864739558     
      1     12      2     11 -0.139624945725146     
      4     12      2     11  -2.13721096108560     
      1      7      3     11   3.22164931098964     
      4      7      3     11   2.13721096108560     
      3      8      3     11  -2.83755797109338     
      2      9      3     11  -3.26965797109338     
      5      9      3     11  -3.19236000000000     
      1     10      3     11   1.38879180713509     
      4     10      3     11  -1.45675865221388     
      3     11      3     11  -5.31006000000000     
      2      7      4     11  -2.14305173159274     
      5      7      4     11 -0.801819323697792     
      1      8      4     11  0.283031634658303     
      4      8      4     11   1.23391932369779     
      6      9      4     11  -1.00989500000000     
      2     10      4     11  0.801819323697792     
      5     10      4     11  -3.86458500000000     
      1     11      4     11  -1.23391932369779     
      4     11      4     11  -6.74048500000000     
      3     12      4     11 -0.251694999999998     
      6      7      5     11  -3.52600276822070     
      2      8      5     11  -3.72004019386888     
      5      8      5     11   2.03573864739558     
      6     10      5     11  -1.45675865221388     
      2     11      5     11   2.03573864739558     
      5     11      5     11  -9.34348000000000     
      1     12      5     11  -3.52600276822070     
      4     12      5     11  -1.45675865221388     
      6      8      6     11 -0.432100000000000     
      6     11      6     11  -6.57165000000000     
      2     12      6     11  0.432100000000000     
      5     12      6     11  -4.45394999999999     
      7      8      7     11  0.000000000000000E+000
      8     10      7     11  -1.51930000000000     
      7     11      7     11  -1.20950000000000     
     10     11      7     11 -0.432100000000000     
      9     12      7     11 -0.432100000000000     
      8     11      8     11  -1.96915000000000     
      7     12      8     11  -1.31575239596970     
     10     12      8     11 -0.748419153950512     
      8      9      9     11 -0.432100000000000     
      7     10      9     11 -0.748419153950512     
      9     11      9     11  -2.11770000000000     
      7      8     10     11   2.42608336625104     
      8     10     10     11 -0.432100000000000     
      7     11     10     11 -0.432100000000000     
     10     11     10     11  -2.87590000000000     
      9     12     10     11  0.758200000000000     
      6      7      1     12  -6.18551250000000     
      2      8      1     12   1.03007167408390     
      5      8      1     12   1.17612745024455     
      6     10      1     12   3.26965797109338     
      2     11      1     12 -0.139624945725146     
      5     11      1     12  -3.52600276822070     
      1     12      1     12  -6.63536250000000     
      4     12      1     12   2.83755797109338     
      6      8      2     12  -4.14840000000000     
      6     11      2     12  0.432100000000000     
      2     12      2     12  -6.87720000000000     
      5     12      2     12 -0.432100000000000     
      2      7      3     12   4.00307182852718     
      5      7      3     12   3.26965797109338     
      1      8      3     12   1.57698846227614     
      4      8      3     12  -2.83755797109338     
      6      9      3     12  -2.18246500000000     
      2     10      3     12  -3.26965797109338     
      5     10      3     12  -1.00989500000000     
      1     11      3     12   2.83755797109338     
      4     11      3     12 -0.251694999999998     
      3     12      3     12  -5.05836500000000     
      6      7      4     12   3.26965797109338     
      2      8      4     12   3.22164931098964     
      5      8      4     12  -1.38879180713509     
      6     10      4     12  -3.19236000000000     
      2     11      4     12  -2.13721096108560     
      5     11      4     12  -1.45675865221388     
      1     12      4     12   2.83755797109338     
      4     12      4     12  -5.31006000000000     
      6      8      5     12  0.432100000000000     
      6     11      5     12  -4.45394999999999     
      2     12      5     12 -0.432100000000000     
      5     12      5     12  -6.57164999999999     
      6     12      6     12  -11.0256000000000     
      8     11      7     12  -1.31575239596970     
      7     12      7     12 -0.449850000000000     
     10     12      7     12 -0.432100000000000     
      8     12      8     12  -2.72880000000000     
     11     12      8     12 -0.864200000000000     
      7      8      9     12  -2.42608336625104     
      8     10      9     12 -0.432100000000000     
      7     11      9     12 -0.432100000000000     
     10     11      9     12  0.758200000000000     
      9     12      9     12  -2.87590000000000     
      8     11     10     12 -0.748419153950512     
      7     12     10     12 -0.432100000000000     
     10     12     10     12  -2.11770000000000     
      8     12     11     12 -0.864200000000000     
     11     12     11     12  -2.11770000000000     
