 ! Total Interaction
  20
   1   1   1   1     1     0  -8.3245
   1   2   1   1     1     0  -1.6821
   2   2   1   1     1     0   5.8819
   1   1   1   2     1     0  -1.6821
   1   2   1   2     1     0 -13.4193
   2   2   1   2     1     0  -9.1041
   1   1   2   2     1     0   5.8819
   1   2   2   2     1     0  -9.1041
   2   2   2   2     1     0  -6.8203
   1   2   1   2     2     0 -11.0256
   2   2   2   2     3     0 -11.0256
   1   1   1   1     0     1  -1.2081
   2   2   1   1     0     1  -3.4310
   1   1   2   2     0     1  -3.4310
   2   2   2   2     0     1  -3.6341
   1   2   1   2     1     1   0.3098
   1   2   1   2     2     1  -2.7288
   2   2   1   2     2     1   0.8642
   1   2   2   2     2     1   0.8642
   2   2   2   2     2     1  -2.1177
