      1      1      1      1           2           0   4.33497676118339     
      1      1      1      1           0           0  -10.1616000000000     
      1      1      1      2           2           0 -0.473853790741406     
      1      1      2      1           2           0 -0.473853790741406     
      1      1      2      2           4           0  -6.07172281786530     
      1      1      2      2           2           0   2.75750222901339     
      1      2      1      1           2           0  0.473853790741406     
      1      2      1      2           2           0 -0.200808782645329     
      1      2      1      2           0           0  -14.4341530466915     
      1      2      2      1           4           0   10.7425457283542     
      1      2      2      1           2           0  -3.12507432019124     
      1      2      2      2           4           0   7.59489198905757     
      1      2      2      2           2           0   2.02915821451880     
      2      1      1      1           2           0  0.473853790741406     
      2      1      1      2           4           0   10.7425457283542     
      2      1      1      2           2           0  -3.12507432019124     
      2      1      2      1           2           0 -0.200808782645329     
      2      1      2      1           0           0  -14.4341530466915     
      2      1      2      2           4           0   7.59489198905757     
      2      1      2      2           2           0   2.02915821451880     
      2      2      1      1           4           0  -6.07172281786530     
      2      2      1      1           2           0   2.75750222901339     
      2      2      1      2           4           0  -7.59489198905757     
      2      2      1      2           2           0  -2.02915821451880     
      2      2      2      1           4           0  -7.59489198905757     
      2      2      2      1           2           0  -2.02915821451880     
      2      2      2      2           6           0   5.52661731238694     
      2      2      2      2           4           0  -7.49452841712706     
      2      2      2      2           2           0   5.29343305631374     
      2      2      2      2           0           0  -21.1394750000000     
      1      1      1      1           2           0   4.33497676118339     
      1      1      1      1           0           0  -10.1616000000000     
      1      1      1      2           2           0 -0.473853790741406     
      1      1      2      1           2           0 -0.473853790741406     
      1      1      2      2           4           0  -6.07172281786530     
      1      1      2      2           2           0   2.75750222901339     
      1      2      1      1           2           0  0.473853790741406     
      1      2      1      2           2           0 -0.200808782645329     
      1      2      1      2           0           0  -14.4341530466915     
      1      2      2      1           4           0   10.7425457283542     
      1      2      2      1           2           0  -3.12507432019124     
      1      2      2      2           4           0   7.59489198905757     
      1      2      2      2           2           0   2.02915821451880     
      2      1      1      1           2           0  0.473853790741406     
      2      1      1      2           4           0   10.7425457283542     
      2      1      1      2           2           0  -3.12507432019124     
      2      1      2      1           2           0 -0.200808782645329     
      2      1      2      1           0           0  -14.4341530466915     
      2      1      2      2           4           0   7.59489198905757     
      2      1      2      2           2           0   2.02915821451880     
      2      2      1      1           4           0  -6.07172281786530     
      2      2      1      1           2           0   2.75750222901339     
      2      2      1      2           4           0  -7.59489198905757     
      2      2      1      2           2           0  -2.02915821451880     
      2      2      2      1           4           0  -7.59489198905757     
      2      2      2      1           2           0  -2.02915821451880     
      2      2      2      2           6           0   5.52661731238694     
      2      2      2      2           4           0  -7.49452841712706     
      2      2      2      2           2           0   5.29343305631374     
      2      2      2      2           0           0  -21.1394750000000     
          60           6
   1   1   3   3   0   0   0   0-10.1616   1   1
   1   1   3   3   2   0   0   0  4.3350   1   1
   1   1   3   4   2   0   0   0 -0.4739   1   1
   1   1   4   3   2   0   0   0  0.4739   1   1
   1   1   4   4   0   0   0   0-14.4342   1   1
   1   1   4   4   2   0   0   0 -0.2008   1   1
   1   2   3   3   2   0   0   0 -0.4739   1   1
   1   2   3   4   2   0   0   0  2.7575   1   1
   1   2   3   4   4   0   0   0 -6.0717   1   1
   1   2   4   3   2   0   0   0 -3.1251   1   1
   1   2   4   3   4   0   0   0 10.7425   1   1
   1   2   4   4   2   0   0   0  2.0292   1   1
   1   2   4   4   4   0   0   0  7.5949   1   1
   2   1   3   3   2   0   0   0  0.4739   1   1
   2   1   3   4   2   0   0   0 -3.1251   1   1
   2   1   3   4   4   0   0   0 10.7425   1   1
   2   1   4   3   2   0   0   0  2.7575   1   1
   2   1   4   3   4   0   0   0 -6.0717   1   1
   2   1   4   4   2   0   0   0 -2.0292   1   1
   2   1   4   4   4   0   0   0 -7.5949   1   1
   2   2   3   3   0   0   0   0-14.4342   1   1
   2   2   3   3   2   0   0   0 -0.2008   1   1
   2   2   3   4   2   0   0   0  2.0292   1   1
   2   2   3   4   4   0   0   0  7.5949   1   1
   2   2   4   3   2   0   0   0 -2.0292   1   1
   2   2   4   3   4   0   0   0 -7.5949   1   1
   2   2   4   4   0   0   0   0-21.1395   1   1
   2   2   4   4   2   0   0   0  5.2934   1   1
   2   2   4   4   4   0   0   0 -7.4945   1   1
   2   2   4   4   6   0   0   0  5.5266   1   1
   3   3   1   1   0   0   0   0-10.1616   1   1
   3   3   1   1   2   0   0   0  4.3350   1   1
   3   3   1   2   2   0   0   0 -0.4739   1   1
   3   3   2   1   2   0   0   0  0.4739   1   1
   3   3   2   2   0   0   0   0-14.4342   1   1
   3   3   2   2   2   0   0   0 -0.2008   1   1
   3   4   1   1   2   0   0   0 -0.4739   1   1
   3   4   1   2   2   0   0   0  2.7575   1   1
   3   4   1   2   4   0   0   0 -6.0717   1   1
   3   4   2   1   2   0   0   0 -3.1251   1   1
   3   4   2   1   4   0   0   0 10.7425   1   1
   3   4   2   2   2   0   0   0  2.0292   1   1
   3   4   2   2   4   0   0   0  7.5949   1   1
   4   3   1   1   2   0   0   0  0.4739   1   1
   4   3   1   2   2   0   0   0 -3.1251   1   1
   4   3   1   2   4   0   0   0 10.7425   1   1
   4   3   2   1   2   0   0   0  2.7575   1   1
   4   3   2   1   4   0   0   0 -6.0717   1   1
   4   3   2   2   2   0   0   0 -2.0292   1   1
   4   3   2   2   4   0   0   0 -7.5949   1   1
   4   4   1   1   0   0   0   0-14.4342   1   1
   4   4   1   1   2   0   0   0 -0.2008   1   1
   4   4   1   2   2   0   0   0  2.0292   1   1
   4   4   1   2   4   0   0   0  7.5949   1   1
   4   4   2   1   2   0   0   0 -2.0292   1   1
   4   4   2   1   4   0   0   0 -7.5949   1   1
   4   4   2   2   0   0   0   0-21.1395   1   1
   4   4   2   2   2   0   0   0  5.2934   1   1
   4   4   2   2   4   0   0   0 -7.4945   1   1
   4   4   2   2   6   0   0   0  5.5266   1   1
