 ! Total Interaction
  20
   1   1   1   1     1     0  -6.3322
   1   2   1   1     1     0  -0.3869
   2   2   1   1     1     0   3.4053
   1   1   1   2     1     0  -0.3869
   1   2   1   2     1     0 -10.7491
   2   2   1   2     1     0  -6.1988
   1   1   2   2     1     0   3.4053
   1   2   2   2     1     0  -6.1988
   2   2   2   2     1     0  -6.6352
   1   2   1   2     2     0  -7.6025
   2   2   2   2     3     0  -7.6025
   1   1   1   1     0     1  -1.3266
   2   2   1   1     0     1  -3.1115
   1   1   2   2     0     1  -3.1115
   2   2   2   2     0     1  -3.5268
   1   2   1   2     1     1   0.3593
   1   2   1   2     2     1  -2.4940
   2   2   1   2     2     1   1.2903
   1   2   2   2     2     1   1.2903
   2   2   2   2     2     1  -1.5816
