      1      2      1      2  -1.32660000000000     
      2      4      1      2  0.000000000000000E+000
      1      5      1      2  0.000000000000000E+000
      4      5      1      2   2.20016274966194     
      3      6      1      2  -2.20016274966194     
      1      3      1      3  -2.49400000000000     
      3      4      1      3  -1.29030000000000     
      2      3      2      3 -0.354025000000000     
      1      4      2      3  -1.23551514230907     
      3      5      2      3 -0.645150000000000     
      2      3      1      4  -1.23551514230907     
      1      4      1      4  -1.78067500000000     
      3      5      1      4  -1.11743257850306     
      1      2      2      4  0.000000000000000E+000
      2      4      2      4  -1.06735000000000     
      1      5      2      4  -1.42665000000000     
      4      5      2      4 -0.645150000000000     
      3      6      2      4 -0.645150000000000     
      1      3      3      4  -1.29030000000000     
      3      4      3      4  -1.58160000000000     
      1      2      1      5  0.000000000000000E+000
      2      4      1      5  -1.42665000000000     
      1      5      1      5  -1.06735000000000     
      4      5      1      5 -0.645150000000000     
      3      6      1      5 -0.645150000000000     
      2      5      2      5  -1.78067500000000     
      1      6      2      5  -1.23551514230907     
      4      6      2      5  -1.11743257850306     
      2      3      3      5 -0.645150000000000     
      1      4      3      5  -1.11743257850306     
      3      5      3      5  -1.58160000000000     
      1      2      4      5   2.20016274966194     
      2      4      4      5 -0.645150000000000     
      1      5      4      5 -0.645150000000000     
      4      5      4      5  -2.55420000000000     
      3      6      4      5  0.972600000000000     
      2      5      1      6  -1.23551514230907     
      1      6      1      6 -0.354025000000000     
      4      6      1      6 -0.645150000000000     
      2      6      2      6  -2.49400000000000     
      5      6      2      6  -1.29030000000000     
      1      2      3      6  -2.20016274966194     
      2      4      3      6 -0.645150000000000     
      1      5      3      6 -0.645150000000000     
      4      5      3      6  0.972600000000000     
      3      6      3      6  -2.55420000000000     
      2      5      4      6  -1.11743257850306     
      1      6      4      6 -0.645150000000000     
      4      6      4      6  -1.58160000000000     
      2      6      5      6  -1.29030000000000     
      5      6      5      6  -1.58160000000000     
      1      7      1      7  -6.33220000000000     
      4      7      1      7  0.136789806820538     
      3      8      1      7 -0.236926895370703     
      2      9      1      7 -0.236926895370703     
      5      9      1      7   1.86515962507234     
      1     10      1      7  0.136789806820538     
      4     10      1      7  -2.15370082323428     
      3     11      1      7   1.86515962507234     
      2      7      2      7  -3.82940000000000     
      5      7      2      7  0.136789806820538     
      1      8      2      7  -2.50280000000000     
      4      8      2      7 -0.136789806820538     
      6      9      2      7  0.515194242594736     
      2     10      2      7 -0.136789806820538     
      5     10      2      7  0.561656169022402     
      1     11      2      7  0.136789806820538     
      4     11      2      7  -1.63850658063954     
      3     12      2      7   2.71535699225668     
      3      7      3      7  -5.04825000000000     
      1      9      3      7  -2.55425000000000     
      4      9      3      7 -0.645150000000000     
      3     10      3      7  0.645150000000000     
      1      7      4      7  0.136789806820538     
      4      7      4      7  -5.08491250000000     
      3      8      4      7  6.350131273249493E-002
      2      9      4      7   1.29901645504157     
      5      9      4      7  0.641676169071997     
      1     10      4      7  -3.30423750000000     
      4     10      4      7  -1.38609381789257     
      3     11      4      7   1.75910874757506     
      2      7      5      7  0.136789806820538     
      5      7      5      7  -5.12157500000000     
      1      8      5      7  0.136789806820538     
      4      8      5      7  7.332500000000086E-002
      6      9      5      7   1.75656572683886     
      2     10      5      7   1.49997500000000     
      5     10      5      7  -1.01562190894629     
      1     11      5      7  -4.05422500000000     
      4     11      5      7 -0.370471908946285     
      3     12      5      7   2.40171572683886     
      6      7      6      7  -5.15823750000000     
      2      8      6      7  0.236926895370703     
      5      8      6      7  6.350131273249449E-002
      6     10      6      7   1.75656572683886     
      2     11      6      7   1.29901645504156     
      5     11      6      7  -2.40078491664705     
      1     12      6      7  -4.80421250000000     
      4     12      6      7   2.40171572683886     
      2      7      1      8  -2.50280000000000     
      5      7      1      8  0.136789806820538     
      1      8      1      8  -3.82940000000000     
      4      8      1      8 -0.136789806820538     
      6      9      1      8   2.71535699225668     
      2     10      1      8 -0.136789806820538     
      5     10      1      8  -1.63850658063954     
      1     11      1      8  0.136789806820538     
      4     11      1      8  0.561656169022402     
      3     12      1      8  0.515194242594736     
      6      7      2      8  0.236926895370703     
      2      8      2      8  -6.33220000000000     
      5      8      2      8 -0.136789806820538     
      6     10      2      8   1.86515962507234     
      2     11      2      8 -0.136789806820538     
      5     11      2      8  -2.15370082323428     
      1     12      2      8  0.236926895370703     
      4     12      2      8   1.86515962507234     
      1      7      3      8 -0.236926895370703     
      4      7      3      8  6.350131273249449E-002
      3      8      3      8  -5.15823750000000     
      2      9      3      8  -4.80421250000000     
      5      9      3      8  -2.40171572683886     
      1     10      3      8   1.29901645504156     
      4     10      3      8   2.40078491664705     
      3     11      3      8  -1.75656572683886     
      2      7      4      8 -0.136789806820538     
      5      7      4      8  7.332500000000086E-002
      1      8      4      8 -0.136789806820538     
      4      8      4      8  -5.12157500000000     
      6      9      4      8  -2.40171572683886     
      2     10      4      8  -4.05422500000000     
      5     10      4      8  0.370471908946285     
      1     11      4      8   1.49997500000000     
      4     11      4      8   1.01562190894629     
      3     12      4      8  -1.75656572683886     
      6      7      5      8  6.350131273249493E-002
      2      8      5      8 -0.136789806820538     
      5      8      5      8  -5.08491250000000     
      6     10      5      8  -1.75910874757506     
      2     11      5      8  -3.30423750000000     
      5     11      5      8   1.38609381789257     
      1     12      5      8   1.29901645504157     
      4     12      5      8 -0.641676169071997     
      6      8      6      8  -5.04825000000000     
      6     11      6      8 -0.645150000000000     
      2     12      6      8  -2.55425000000000     
      5     12      6      8  0.645150000000000     
      7      8      7      8  -1.32660000000000     
      8     10      7      8  0.000000000000000E+000
      7     11      7      8  0.000000000000000E+000
     10     11      7      8   2.20016274966194     
      9     12      7      8  -2.20016274966194     
      3      7      1      9  -2.55425000000000     
      1      9      1      9  -5.04825000000000     
      4      9      1      9  0.645150000000000     
      3     10      1      9 -0.645150000000000     
      1      7      2      9 -0.236926895370703     
      4      7      2      9   1.29901645504156     
      3      8      2      9  -4.80421250000000     
      2      9      2      9  -5.15823750000000     
      5      9      2      9  -1.75656572683886     
      1     10      2      9  6.350131273249449E-002
      4     10      2      9   2.40078491664705     
      3     11      2      9  -2.40171572683886     
      3      9      3      9  -7.60250000000000     
      3      7      4      9 -0.645150000000000     
      1      9      4      9  0.645150000000000     
      4      9      4      9  -4.59205000000000     
      3     10      4      9  -3.01045000000000     
      1      7      5      9   1.86515962507234     
      4      7      5      9  0.641676169071997     
      3      8      5      9  -2.40171572683886     
      2      9      5      9  -1.75656572683886     
      5      9      5      9  -4.30186000000000     
      1     10      5      9   1.75910874757506     
      4     10      5      9 -0.335082549232272     
      3     11      5      9  -2.72026000000000     
      2      7      6      9  0.515194242594736     
      5      7      6      9   1.75656572683886     
      1      8      6      9   2.71535699225668     
      4      8      6      9  -2.40171572683886     
      6      9      6      9  -4.64306500000000     
      2     10      6      9  -1.75656572683886     
      5     10      6      9  0.341205000000002     
      1     11      6      9   2.40171572683886     
      4     11      6      9 -0.631394999999999     
      3     12      6      9  -2.08886500000000     
      7      9      7      9  -2.49400000000000     
      9     10      7      9  -1.29030000000000     
      8      9      8      9 -0.354025000000000     
      7     10      8      9  -1.23551514230907     
      9     11      8      9 -0.645150000000000     
      1      7      1     10  0.136789806820538     
      4      7      1     10  -3.30423750000000     
      3      8      1     10   1.29901645504157     
      2      9      1     10  6.350131273249493E-002
      5      9      1     10   1.75910874757506     
      1     10      1     10  -5.08491250000000     
      4     10      1     10  -1.38609381789257     
      3     11      1     10  0.641676169071997     
      2      7      2     10 -0.136789806820538     
      5      7      2     10   1.49997500000000     
      1      8      2     10 -0.136789806820538     
      4      8      2     10  -4.05422500000000     
      6      9      2     10  -1.75656572683886     
      2     10      2     10  -5.12157500000000     
      5     10      2     10   1.01562190894629     
      1     11      2     10  7.332500000000086E-002
      4     11      2     10  0.370471908946285     
      3     12      2     10  -2.40171572683886     
      3      7      3     10  0.645150000000000     
      1      9      3     10 -0.645150000000000     
      4      9      3     10  -3.01045000000000     
      3     10      3     10  -4.59205000000000     
      1      7      4     10  -2.15370082323428     
      4      7      4     10  -1.38609381789257     
      3      8      4     10   2.40078491664705     
      2      9      4     10   2.40078491664705     
      5      9      4     10 -0.335082549232272     
      1     10      4     10  -1.38609381789257     
      4     10      4     10  -7.21558000000000     
      3     11      4     10 -0.335082549232272     
      2      7      5     10  0.561656169022402     
      5      7      5     10  -1.01562190894629     
      1      8      5     10  -1.63850658063954     
      4      8      5     10  0.370471908946285     
      6      9      5     10  0.341205000000002     
      2     10      5     10   1.01562190894629     
      5     10      5     10  -5.02998500000000     
      1     11      5     10 -0.370471908946285     
      4     11      5     10  -2.47578500000000     
      3     12      5     10 -0.631394999999998     
      6      7      6     10   1.75656572683886     
      2      8      6     10   1.86515962507234     
      5      8      6     10  -1.75910874757506     
      6     10      6     10  -4.30186000000000     
      2     11      6     10 -0.641676169071997     
      5     11      6     10 -0.335082549232272     
      1     12      6     10   2.40171572683886     
      4     12      6     10  -2.72026000000000     
      8      9      7     10  -1.23551514230907     
      7     10      7     10  -1.78067500000000     
      9     11      7     10  -1.11743257850306     
      7      8      8     10  0.000000000000000E+000
      8     10      8     10  -1.06735000000000     
      7     11      8     10  -1.42665000000000     
     10     11      8     10 -0.645150000000000     
      9     12      8     10 -0.645150000000000     
      7      9      9     10  -1.29030000000000     
      9     10      9     10  -1.58160000000000     
      2      7      1     11  0.136789806820538     
      5      7      1     11  -4.05422500000000     
      1      8      1     11  0.136789806820538     
      4      8      1     11   1.49997500000000     
      6      9      1     11   2.40171572683886     
      2     10      1     11  7.332500000000086E-002
      5     10      1     11 -0.370471908946285     
      1     11      1     11  -5.12157500000000     
      4     11      1     11  -1.01562190894629     
      3     12      1     11   1.75656572683886     
      6      7      2     11   1.29901645504157     
      2      8      2     11 -0.136789806820538     
      5      8      2     11  -3.30423750000000     
      6     10      2     11 -0.641676169071997     
      2     11      2     11  -5.08491250000000     
      5     11      2     11   1.38609381789257     
      1     12      2     11  6.350131273249493E-002
      4     12      2     11  -1.75910874757506     
      1      7      3     11   1.86515962507234     
      4      7      3     11   1.75910874757506     
      3      8      3     11  -1.75656572683886     
      2      9      3     11  -2.40171572683886     
      5      9      3     11  -2.72026000000000     
      1     10      3     11  0.641676169071997     
      4     10      3     11 -0.335082549232272     
      3     11      3     11  -4.30186000000000     
      2      7      4     11  -1.63850658063954     
      5      7      4     11 -0.370471908946285     
      1      8      4     11  0.561656169022402     
      4      8      4     11   1.01562190894629     
      6      9      4     11 -0.631394999999998     
      2     10      4     11  0.370471908946285     
      5     10      4     11  -2.47578500000000     
      1     11      4     11  -1.01562190894629     
      4     11      4     11  -5.02998500000000     
      3     12      4     11  0.341205000000002     
      6      7      5     11  -2.40078491664705     
      2      8      5     11  -2.15370082323428     
      5      8      5     11   1.38609381789257     
      6     10      5     11 -0.335082549232272     
      2     11      5     11   1.38609381789257     
      5     11      5     11  -7.21558000000000     
      1     12      5     11  -2.40078491664705     
      4     12      5     11 -0.335082549232272     
      6      8      6     11 -0.645150000000000     
      6     11      6     11  -4.59205000000000     
      2     12      6     11  0.645150000000000     
      5     12      6     11  -3.01045000000000     
      7      8      7     11  0.000000000000000E+000
      8     10      7     11  -1.42665000000000     
      7     11      7     11  -1.06735000000000     
     10     11      7     11 -0.645150000000000     
      9     12      7     11 -0.645150000000000     
      8     11      8     11  -1.78067500000000     
      7     12      8     11  -1.23551514230907     
     10     12      8     11  -1.11743257850306     
      8      9      9     11 -0.645150000000000     
      7     10      9     11  -1.11743257850306     
      9     11      9     11  -1.58160000000000     
      7      8     10     11   2.20016274966194     
      8     10     10     11 -0.645150000000000     
      7     11     10     11 -0.645150000000000     
     10     11     10     11  -2.55420000000000     
      9     12     10     11  0.972600000000000     
      6      7      1     12  -4.80421250000000     
      2      8      1     12  0.236926895370703     
      5      8      1     12   1.29901645504156     
      6     10      1     12   2.40171572683886     
      2     11      1     12  6.350131273249449E-002
      5     11      1     12  -2.40078491664705     
      1     12      1     12  -5.15823750000000     
      4     12      1     12   1.75656572683886     
      6      8      2     12  -2.55425000000000     
      6     11      2     12  0.645150000000000     
      2     12      2     12  -5.04825000000000     
      5     12      2     12 -0.645150000000000     
      2      7      3     12   2.71535699225668     
      5      7      3     12   2.40171572683886     
      1      8      3     12  0.515194242594736     
      4      8      3     12  -1.75656572683886     
      6      9      3     12  -2.08886500000000     
      2     10      3     12  -2.40171572683886     
      5     10      3     12 -0.631394999999999     
      1     11      3     12   1.75656572683886     
      4     11      3     12  0.341205000000002     
      3     12      3     12  -4.64306500000000     
      6      7      4     12   2.40171572683886     
      2      8      4     12   1.86515962507234     
      5      8      4     12 -0.641676169071997     
      6     10      4     12  -2.72026000000000     
      2     11      4     12  -1.75910874757506     
      5     11      4     12 -0.335082549232272     
      1     12      4     12   1.75656572683886     
      4     12      4     12  -4.30186000000000     
      6      8      5     12  0.645150000000000     
      6     11      5     12  -3.01045000000000     
      2     12      5     12 -0.645150000000000     
      5     12      5     12  -4.59205000000000     
      6     12      6     12  -7.60250000000000     
      8     11      7     12  -1.23551514230907     
      7     12      7     12 -0.354025000000000     
     10     12      7     12 -0.645150000000000     
      8     12      8     12  -2.49400000000000     
     11     12      8     12  -1.29030000000000     
      7      8      9     12  -2.20016274966194     
      8     10      9     12 -0.645150000000000     
      7     11      9     12 -0.645150000000000     
     10     11      9     12  0.972600000000000     
      9     12      9     12  -2.55420000000000     
      8     11     10     12  -1.11743257850306     
      7     12     10     12 -0.645150000000000     
     10     12     10     12  -1.58160000000000     
      8     12     11     12  -1.29030000000000     
     11     12     11     12  -1.58160000000000     
