 ! Total Interaction
  20
   1   1   1   1     1     0  -7.4500
   1   2   1   1     1     0  -1.6860
   2   2   1   1     1     0   5.3166
   1   1   1   2     1     0  -1.6860
   1   2   1   2     1     0 -11.6411
   2   2   1   2     1     0  -7.9673
   1   1   2   2     1     0   5.3166
   1   2   2   2     1     0  -7.9673
   2   2   2   2     1     0  -5.7591
   1   2   1   2     2     0  -9.9742
   2   2   2   2     3     0  -9.9742
   1   1   1   1     0     1  -1.2051
   2   2   1   1     0     1  -3.4455
   1   1   2   2     0     1  -3.4455
   2   2   2   2     0     1  -3.6414
   1   2   1   2     1     1   0.3158
   1   2   1   2     2     1  -2.7401
   2   2   1   2     2     1   0.8663
   1   2   2   2     2     1   0.8663
   2   2   2   2     2     1  -2.1276
