      1      2      1      2  -1.20510000000000     
      2      4      1      2  0.000000000000000E+000
      1      5      1      2  0.000000000000000E+000
      4      5      1      2   2.43633641457825     
      3      6      1      2  -2.43633641457825     
      1      3      1      3  -2.74010000000000     
      3      4      1      3 -0.866300000000000     
      2      3      2      3 -0.448175000000000     
      1      4      2      3  -1.32324351571243     
      3      5      2      3 -0.433150000000000     
      2      3      1      4  -1.32324351571243     
      1      4      1      4  -1.97612500000000     
      3      5      1      4 -0.750237807298459     
      1      2      2      4  0.000000000000000E+000
      2      4      2      4  -1.21215000000000     
      1      5      2      4  -1.52795000000000     
      4      5      2      4 -0.433150000000000     
      3      6      2      4 -0.433150000000000     
      1      3      3      4 -0.866300000000000     
      3      4      3      4  -2.12760000000000     
      1      2      1      5  0.000000000000000E+000
      2      4      1      5  -1.52795000000000     
      1      5      1      5  -1.21215000000000     
      4      5      1      5 -0.433150000000000     
      3      6      1      5 -0.433150000000000     
      2      5      2      5  -1.97612500000000     
      1      6      2      5  -1.32324351571243     
      4      6      2      5 -0.750237807298459     
      2      3      3      5 -0.433150000000000     
      1      4      3      5 -0.750237807298459     
      3      5      3      5  -2.12760000000000     
      1      2      4      5   2.43633641457825     
      2      4      4      5 -0.433150000000000     
      1      5      4      5 -0.433150000000000     
      4      5      4      5  -2.88450000000000     
      3      6      4      5  0.756900000000000     
      2      5      1      6  -1.32324351571243     
      1      6      1      6 -0.448175000000000     
      4      6      1      6 -0.433150000000000     
      2      6      2      6  -2.74010000000000     
      5      6      2      6 -0.866300000000000     
      1      2      3      6  -2.43633641457825     
      2      4      3      6 -0.433150000000000     
      1      5      3      6 -0.433150000000000     
      4      5      3      6  0.756900000000000     
      3      6      3      6  -2.88450000000000     
      2      5      4      6 -0.750237807298459     
      1      6      4      6 -0.433150000000000     
      4      6      4      6  -2.12760000000000     
      2      6      5      6 -0.866300000000000     
      5      6      5      6  -2.12760000000000     
      1      7      1      7  -7.45000000000000     
      4      7      1      7  0.596091016540260     
      3      8      1      7  -1.03245992658311     
      2      9      1      7  -1.03245992658311     
      5      9      1      7   2.91202174923197     
      1     10      1      7  0.596091016540260     
      4     10      1      7  -3.36251308161024     
      3     11      1      7   2.91202174923197     
      2      7      2      7  -4.32755000000000     
      5      7      2      7  0.596091016540260     
      1      8      2      7  -3.12245000000000     
      4      8      2      7 -0.596091016540260     
      6      9      2      7   1.30371660391856     
      2     10      2      7 -0.596091016540260     
      5     10      2      7  0.377539936886564     
      1     11      2      7  0.596091016540260     
      4     11      2      7  -2.05879647769169     
      3     12      2      7   3.74005301849681     
      3      7      3      7  -6.35715000000000     
      1      9      3      7  -3.61705000000000     
      4      9      3      7 -0.433150000000000     
      3     10      3      7  0.433150000000000     
      1      7      4      7  0.596091016540260     
      4      7      4      7  -6.18352500000000     
      3      8      4      7 -0.300727321464146     
      2      9      4      7   1.02251619424829     
      5      9      4      7   1.16774210706269     
      1     10      4      7  -4.20740000000000     
      4     10      4      7  -1.78154243971341     
      3     11      4      7   1.91797991436115     
      2      7      5      7  0.596091016540260     
      5      7      5      7  -6.00990000000000     
      1      8      5      7  0.596091016540260     
      4      8      5      7 -0.347249999999999     
      6      9      5      7   2.45573865957011     
      2     10      5      7   1.18070000000000     
      5     10      5      7  -1.10734621985670     
      1     11      5      7  -4.79775000000000     
      4     11      5      7 -0.674196219856704     
      3     12      5      7   2.88888865957011     
      6      7      6      7  -5.83627500000000     
      2      8      6      7   1.03245992658311     
      5      8      6      7 -0.300727321464145     
      6     10      6      7   2.45573865957011     
      2     11      6      7   1.02251619424829     
      5     11      6      7  -3.08572202142384     
      1     12      6      7  -5.38810000000000     
      4     12      6      7   2.88888865957011     
      2      7      1      8  -3.12245000000000     
      5      7      1      8  0.596091016540260     
      1      8      1      8  -4.32755000000000     
      4      8      1      8 -0.596091016540260     
      6      9      1      8   3.74005301849681     
      2     10      1      8 -0.596091016540260     
      5     10      1      8  -2.05879647769169     
      1     11      1      8  0.596091016540260     
      4     11      1      8  0.377539936886564     
      3     12      1      8   1.30371660391856     
      6      7      2      8   1.03245992658311     
      2      8      2      8  -7.45000000000000     
      5      8      2      8 -0.596091016540260     
      6     10      2      8   2.91202174923197     
      2     11      2      8 -0.596091016540260     
      5     11      2      8  -3.36251308161024     
      1     12      2      8   1.03245992658311     
      4     12      2      8   2.91202174923197     
      1      7      3      8  -1.03245992658311     
      4      7      3      8 -0.300727321464145     
      3      8      3      8  -5.83627500000000     
      2      9      3      8  -5.38810000000000     
      5      9      3      8  -2.88888865957011     
      1     10      3      8   1.02251619424829     
      4     10      3      8   3.08572202142384     
      3     11      3      8  -2.45573865957011     
      2      7      4      8 -0.596091016540260     
      5      7      4      8 -0.347249999999999     
      1      8      4      8 -0.596091016540260     
      4      8      4      8  -6.00990000000000     
      6      9      4      8  -2.88888865957011     
      2     10      4      8  -4.79775000000000     
      5     10      4      8  0.674196219856704     
      1     11      4      8   1.18070000000000     
      4     11      4      8   1.10734621985670     
      3     12      4      8  -2.45573865957011     
      6      7      5      8 -0.300727321464146     
      2      8      5      8 -0.596091016540260     
      5      8      5      8  -6.18352500000000     
      6     10      5      8  -1.91797991436115     
      2     11      5      8  -4.20740000000000     
      5     11      5      8   1.78154243971341     
      1     12      5      8   1.02251619424829     
      4     12      5      8  -1.16774210706269     
      6      8      6      8  -6.35715000000000     
      6     11      6      8 -0.433150000000000     
      2     12      6      8  -3.61705000000000     
      5     12      6      8  0.433150000000000     
      7      8      7      8  -1.20510000000000     
      8     10      7      8  0.000000000000000E+000
      7     11      7      8  0.000000000000000E+000
     10     11      7      8   2.43633641457825     
      9     12      7      8  -2.43633641457825     
      3      7      1      9  -3.61705000000000     
      1      9      1      9  -6.35715000000000     
      4      9      1      9  0.433150000000000     
      3     10      1      9 -0.433150000000000     
      1      7      2      9  -1.03245992658311     
      4      7      2      9   1.02251619424829     
      3      8      2      9  -5.38810000000000     
      2      9      2      9  -5.83627500000000     
      5      9      2      9  -2.45573865957011     
      1     10      2      9 -0.300727321464145     
      4     10      2      9   3.08572202142384     
      3     11      2      9  -2.88888865957011     
      3      9      3      9  -9.97420000000000     
      3      7      4      9 -0.433150000000000     
      1      9      4      9  0.433150000000000     
      4      9      4      9  -6.05090000000000     
      3     10      4      9  -3.92329999999999     
      1      7      5      9   2.91202174923197     
      4      7      5      9   1.16774210706269     
      3      8      5      9  -2.88888865957011     
      2      9      5      9  -2.45573865957011     
      5      9      5      9  -4.78637000000000     
      1     10      5      9   1.91797991436115     
      4     10      5      9  -1.46015347179671     
      3     11      5      9  -2.65877000000000     
      2      7      6      9   1.30371660391856     
      5      7      6      9   2.45573865957011     
      1      8      6      9   3.74005301849681     
      4      8      6      9  -2.88888865957011     
      6      9      6      9  -4.53255500000000     
      2     10      6      9  -2.45573865957011     
      5     10      6      9 -0.253814999999998     
      1     11      6      9   2.88888865957011     
      4     11      6      9  -1.01071500000000     
      3     12      6      9  -1.64805500000000     
      7      9      7      9  -2.74010000000000     
      9     10      7      9 -0.866300000000000     
      8      9      8      9 -0.448175000000000     
      7     10      8      9  -1.32324351571243     
      9     11      8      9 -0.433150000000000     
      1      7      1     10  0.596091016540260     
      4      7      1     10  -4.20740000000000     
      3      8      1     10   1.02251619424829     
      2      9      1     10 -0.300727321464146     
      5      9      1     10   1.91797991436115     
      1     10      1     10  -6.18352500000000     
      4     10      1     10  -1.78154243971341     
      3     11      1     10   1.16774210706269     
      2      7      2     10 -0.596091016540260     
      5      7      2     10   1.18070000000000     
      1      8      2     10 -0.596091016540260     
      4      8      2     10  -4.79775000000000     
      6      9      2     10  -2.45573865957011     
      2     10      2     10  -6.00990000000000     
      5     10      2     10   1.10734621985670     
      1     11      2     10 -0.347249999999999     
      4     11      2     10  0.674196219856704     
      3     12      2     10  -2.88888865957011     
      3      7      3     10  0.433150000000000     
      1      9      3     10 -0.433150000000000     
      4      9      3     10  -3.92329999999999     
      3     10      3     10  -6.05089999999999     
      1      7      4     10  -3.36251308161024     
      4      7      4     10  -1.78154243971341     
      3      8      4     10   3.08572202142384     
      2      9      4     10   3.08572202142384     
      5      9      4     10  -1.46015347179671     
      1     10      4     10  -1.78154243971341     
      4     10      4     10  -8.28816000000000     
      3     11      4     10  -1.46015347179671     
      2      7      5     10  0.377539936886564     
      5      7      5     10  -1.10734621985670     
      1      8      5     10  -2.05879647769169     
      4      8      5     10  0.674196219856704     
      6      9      5     10 -0.253814999999998     
      2     10      5     10   1.10734621985670     
      5     10      5     10  -6.21859500000000     
      1     11      5     10 -0.674196219856704     
      4     11      5     10  -3.33409500000000     
      3     12      5     10  -1.01071500000000     
      6      7      6     10   2.45573865957011     
      2      8      6     10   2.91202174923197     
      5      8      6     10  -1.91797991436115     
      6     10      6     10  -4.78637000000000     
      2     11      6     10  -1.16774210706269     
      5     11      6     10  -1.46015347179671     
      1     12      6     10   2.88888865957011     
      4     12      6     10  -2.65877000000000     
      8      9      7     10  -1.32324351571243     
      7     10      7     10  -1.97612500000000     
      9     11      7     10 -0.750237807298459     
      7      8      8     10  0.000000000000000E+000
      8     10      8     10  -1.21215000000000     
      7     11      8     10  -1.52795000000000     
     10     11      8     10 -0.433150000000000     
      9     12      8     10 -0.433150000000000     
      7      9      9     10 -0.866300000000000     
      9     10      9     10  -2.12760000000000     
      2      7      1     11  0.596091016540260     
      5      7      1     11  -4.79775000000000     
      1      8      1     11  0.596091016540260     
      4      8      1     11   1.18070000000000     
      6      9      1     11   2.88888865957011     
      2     10      1     11 -0.347249999999999     
      5     10      1     11 -0.674196219856704     
      1     11      1     11  -6.00990000000000     
      4     11      1     11  -1.10734621985670     
      3     12      1     11   2.45573865957011     
      6      7      2     11   1.02251619424829     
      2      8      2     11 -0.596091016540260     
      5      8      2     11  -4.20740000000000     
      6     10      2     11  -1.16774210706269     
      2     11      2     11  -6.18352500000000     
      5     11      2     11   1.78154243971341     
      1     12      2     11 -0.300727321464146     
      4     12      2     11  -1.91797991436115     
      1      7      3     11   2.91202174923197     
      4      7      3     11   1.91797991436115     
      3      8      3     11  -2.45573865957011     
      2      9      3     11  -2.88888865957011     
      5      9      3     11  -2.65877000000000     
      1     10      3     11   1.16774210706269     
      4     10      3     11  -1.46015347179671     
      3     11      3     11  -4.78637000000000     
      2      7      4     11  -2.05879647769169     
      5      7      4     11 -0.674196219856704     
      1      8      4     11  0.377539936886564     
      4      8      4     11   1.10734621985670     
      6      9      4     11  -1.01071500000000     
      2     10      4     11  0.674196219856704     
      5     10      4     11  -3.33409500000000     
      1     11      4     11  -1.10734621985670     
      4     11      4     11  -6.21859500000000     
      3     12      4     11 -0.253814999999998     
      6      7      5     11  -3.08572202142384     
      2      8      5     11  -3.36251308161024     
      5      8      5     11   1.78154243971341     
      6     10      5     11  -1.46015347179671     
      2     11      5     11   1.78154243971341     
      5     11      5     11  -8.28816000000000     
      1     12      5     11  -3.08572202142384     
      4     12      5     11  -1.46015347179671     
      6      8      6     11 -0.433150000000000     
      6     11      6     11  -6.05090000000000     
      2     12      6     11  0.433150000000000     
      5     12      6     11  -3.92329999999999     
      7      8      7     11  0.000000000000000E+000
      8     10      7     11  -1.52795000000000     
      7     11      7     11  -1.21215000000000     
     10     11      7     11 -0.433150000000000     
      9     12      7     11 -0.433150000000000     
      8     11      8     11  -1.97612500000000     
      7     12      8     11  -1.32324351571243     
     10     12      8     11 -0.750237807298459     
      8      9      9     11 -0.433150000000000     
      7     10      9     11 -0.750237807298459     
      9     11      9     11  -2.12760000000000     
      7      8     10     11   2.43633641457825     
      8     10     10     11 -0.433150000000000     
      7     11     10     11 -0.433150000000000     
     10     11     10     11  -2.88450000000000     
      9     12     10     11  0.756900000000000     
      6      7      1     12  -5.38810000000000     
      2      8      1     12   1.03245992658311     
      5      8      1     12   1.02251619424829     
      6     10      1     12   2.88888865957011     
      2     11      1     12 -0.300727321464145     
      5     11      1     12  -3.08572202142384     
      1     12      1     12  -5.83627500000000     
      4     12      1     12   2.45573865957011     
      6      8      2     12  -3.61705000000000     
      6     11      2     12  0.433150000000000     
      2     12      2     12  -6.35715000000000     
      5     12      2     12 -0.433150000000000     
      2      7      3     12   3.74005301849681     
      5      7      3     12   2.88888865957011     
      1      8      3     12   1.30371660391856     
      4      8      3     12  -2.45573865957011     
      6      9      3     12  -1.64805500000000     
      2     10      3     12  -2.88888865957011     
      5     10      3     12  -1.01071500000000     
      1     11      3     12   2.45573865957011     
      4     11      3     12 -0.253814999999998     
      3     12      3     12  -4.53255500000000     
      6      7      4     12   2.88888865957011     
      2      8      4     12   2.91202174923197     
      5      8      4     12  -1.16774210706269     
      6     10      4     12  -2.65877000000000     
      2     11      4     12  -1.91797991436115     
      5     11      4     12  -1.46015347179671     
      1     12      4     12   2.45573865957011     
      4     12      4     12  -4.78637000000000     
      6      8      5     12  0.433150000000000     
      6     11      5     12  -3.92329999999999     
      2     12      5     12 -0.433150000000000     
      5     12      5     12  -6.05089999999999     
      6     12      6     12  -9.97420000000000     
      8     11      7     12  -1.32324351571243     
      7     12      7     12 -0.448175000000000     
     10     12      7     12 -0.433150000000000     
      8     12      8     12  -2.74010000000000     
     11     12      8     12 -0.866300000000000     
      7      8      9     12  -2.43633641457825     
      8     10      9     12 -0.433150000000000     
      7     11      9     12 -0.433150000000000     
     10     11      9     12  0.756900000000000     
      9     12      9     12  -2.88450000000000     
      8     11     10     12 -0.750237807298459     
      7     12     10     12 -0.433150000000000     
     10     12     10     12  -2.12760000000000     
      8     12     11     12 -0.866300000000000     
     11     12     11     12  -2.12760000000000     
