      1      1      1      1           2           0   5.40824204409344     
      1      1      1      1           0           0  -11.7775500000000     
      1      1      1      2           2           0  -2.06491985316622     
      1      1      2      1           2           0  -2.06491985316622     
      1      1      2      2           4           0  -8.36301278881214     
      1      1      2      2           2           0   5.17012514589005     
      1      2      1      1           2           0   2.06491985316622     
      1      2      1      2           2           0  0.950983290468345     
      1      2      1      2           0           0  -17.2441070067792     
      1      2      2      1           4           0   12.0481578695666     
      1      2      2      1           2           0  -5.24239817926872     
      1      2      2      2           4           0   9.13546807087234     
      1      2      2      2           2           0   3.69272477800229     
      2      1      1      1           2           0   2.06491985316622     
      2      1      1      2           4           0   12.0481578695666     
      2      1      1      2           2           0  -5.24239817926872     
      2      1      2      1           2           0  0.950983290468345     
      2      1      2      1           0           0  -17.2441070067792     
      2      1      2      2           4           0   9.13546807087234     
      2      1      2      2           2           0   3.69272477800229     
      2      2      1      1           4           0  -8.36301278881214     
      2      2      1      1           2           0   5.17012514589006     
      2      2      1      2           4           0  -9.13546807087234     
      2      2      1      2           2           0  -3.69272477800229     
      2      2      2      1           4           0  -9.13546807087234     
      2      2      2      1           2           0  -3.69272477800229     
      2      2      2      2           6           0   4.36034367695656     
      2      2      2      2           4           0  -8.20521790241582     
      2      2      2      2           2           0   10.1552823526515     
      2      2      2      2           0           0  -25.3440250000000     
      1      1      1      1           2           0   5.40824204409344     
      1      1      1      1           0           0  -11.7775500000000     
      1      1      1      2           2           0  -2.06491985316622     
      1      1      2      1           2           0  -2.06491985316622     
      1      1      2      2           4           0  -8.36301278881214     
      1      1      2      2           2           0   5.17012514589005     
      1      2      1      1           2           0   2.06491985316622     
      1      2      1      2           2           0  0.950983290468345     
      1      2      1      2           0           0  -17.2441070067792     
      1      2      2      1           4           0   12.0481578695666     
      1      2      2      1           2           0  -5.24239817926872     
      1      2      2      2           4           0   9.13546807087234     
      1      2      2      2           2           0   3.69272477800229     
      2      1      1      1           2           0   2.06491985316622     
      2      1      1      2           4           0   12.0481578695666     
      2      1      1      2           2           0  -5.24239817926872     
      2      1      2      1           2           0  0.950983290468345     
      2      1      2      1           0           0  -17.2441070067792     
      2      1      2      2           4           0   9.13546807087234     
      2      1      2      2           2           0   3.69272477800229     
      2      2      1      1           4           0  -8.36301278881214     
      2      2      1      1           2           0   5.17012514589006     
      2      2      1      2           4           0  -9.13546807087234     
      2      2      1      2           2           0  -3.69272477800229     
      2      2      2      1           4           0  -9.13546807087234     
      2      2      2      1           2           0  -3.69272477800229     
      2      2      2      2           6           0   4.36034367695656     
      2      2      2      2           4           0  -8.20521790241582     
      2      2      2      2           2           0   10.1552823526515     
      2      2      2      2           0           0  -25.3440250000000     
          60           6
   1   1   3   3   0   0   0   0-11.7776   1   1
   1   1   3   3   2   0   0   0  5.4082   1   1
   1   1   3   4   2   0   0   0 -2.0649   1   1
   1   1   4   3   2   0   0   0  2.0649   1   1
   1   1   4   4   0   0   0   0-17.2441   1   1
   1   1   4   4   2   0   0   0  0.9510   1   1
   1   2   3   3   2   0   0   0 -2.0649   1   1
   1   2   3   4   2   0   0   0  5.1701   1   1
   1   2   3   4   4   0   0   0 -8.3630   1   1
   1   2   4   3   2   0   0   0 -5.2424   1   1
   1   2   4   3   4   0   0   0 12.0482   1   1
   1   2   4   4   2   0   0   0  3.6927   1   1
   1   2   4   4   4   0   0   0  9.1355   1   1
   2   1   3   3   2   0   0   0  2.0649   1   1
   2   1   3   4   2   0   0   0 -5.2424   1   1
   2   1   3   4   4   0   0   0 12.0482   1   1
   2   1   4   3   2   0   0   0  5.1701   1   1
   2   1   4   3   4   0   0   0 -8.3630   1   1
   2   1   4   4   2   0   0   0 -3.6927   1   1
   2   1   4   4   4   0   0   0 -9.1355   1   1
   2   2   3   3   0   0   0   0-17.2441   1   1
   2   2   3   3   2   0   0   0  0.9510   1   1
   2   2   3   4   2   0   0   0  3.6927   1   1
   2   2   3   4   4   0   0   0  9.1355   1   1
   2   2   4   3   2   0   0   0 -3.6927   1   1
   2   2   4   3   4   0   0   0 -9.1355   1   1
   2   2   4   4   0   0   0   0-25.3440   1   1
   2   2   4   4   2   0   0   0 10.1553   1   1
   2   2   4   4   4   0   0   0 -8.2052   1   1
   2   2   4   4   6   0   0   0  4.3603   1   1
   3   3   1   1   0   0   0   0-11.7776   1   1
   3   3   1   1   2   0   0   0  5.4082   1   1
   3   3   1   2   2   0   0   0 -2.0649   1   1
   3   3   2   1   2   0   0   0  2.0649   1   1
   3   3   2   2   0   0   0   0-17.2441   1   1
   3   3   2   2   2   0   0   0  0.9510   1   1
   3   4   1   1   2   0   0   0 -2.0649   1   1
   3   4   1   2   2   0   0   0  5.1701   1   1
   3   4   1   2   4   0   0   0 -8.3630   1   1
   3   4   2   1   2   0   0   0 -5.2424   1   1
   3   4   2   1   4   0   0   0 12.0482   1   1
   3   4   2   2   2   0   0   0  3.6927   1   1
   3   4   2   2   4   0   0   0  9.1355   1   1
   4   3   1   1   2   0   0   0  2.0649   1   1
   4   3   1   2   2   0   0   0 -5.2424   1   1
   4   3   1   2   4   0   0   0 12.0482   1   1
   4   3   2   1   2   0   0   0  5.1701   1   1
   4   3   2   1   4   0   0   0 -8.3630   1   1
   4   3   2   2   2   0   0   0 -3.6927   1   1
   4   3   2   2   4   0   0   0 -9.1355   1   1
   4   4   1   1   0   0   0   0-17.2441   1   1
   4   4   1   1   2   0   0   0  0.9510   1   1
   4   4   1   2   2   0   0   0  3.6927   1   1
   4   4   1   2   4   0   0   0  9.1355   1   1
   4   4   2   1   2   0   0   0 -3.6927   1   1
   4   4   2   1   4   0   0   0 -9.1355   1   1
   4   4   2   2   0   0   0   0-25.3440   1   1
   4   4   2   2   2   0   0   0 10.1553   1   1
   4   4   2   2   4   0   0   0 -8.2052   1   1
   4   4   2   2   6   0   0   0  4.3603   1   1
