 ! Total Interaction
  20
   1   1   1   1     1     0  -6.5438
   1   2   1   1     1     0  -0.3725
   2   2   1   1     1     0   3.3814
   1   1   1   2     1     0  -0.3725
   1   2   1   2     1     0 -10.9589
   2   2   1   2     1     0  -6.1738
   1   1   2   2     1     0   3.3814
   1   2   2   2     1     0  -6.1738
   2   2   2   2     1     0  -6.8680
   1   2   1   2     2     0  -7.7994
   2   2   2   2     3     0  -7.7994
   1   1   1   1     0     1  -1.3146
   2   2   1   1     0     1  -3.2317
   1   1   2   2     0     1  -3.2317
   2   2   2   2     0     1  -3.5998
   1   2   1   2     1     1   0.4103
   1   2   1   2     2     1  -2.6002
   2   2   1   2     2     1   1.3364
   1   2   2   2     2     1   1.3364
   2   2   2   2     2     1  -1.6552
