      1      2      1      2  -1.31460000000000     
      2      4      1      2  0.000000000000000E+000
      1      5      1      2  0.000000000000000E+000
      4      5      1      2   2.28515698476057     
      3      6      1      2  -2.28515698476057     
      1      3      1      3  -2.60020000000000     
      3      4      1      3  -1.33640000000000     
      2      3      2      3 -0.342325000000000     
      1      4      2      3  -1.30358473904653     
      3      5      2      3 -0.668200000000000     
      2      3      1      4  -1.30358473904653     
      1      4      1      4  -1.84757500000000     
      3      5      1      4  -1.15735634961752     
      1      2      2      4  0.000000000000000E+000
      2      4      2      4  -1.09495000000000     
      1      5      2      4  -1.50525000000000     
      4      5      2      4 -0.668200000000000     
      3      6      2      4 -0.668200000000000     
      1      3      3      4  -1.33640000000000     
      3      4      3      4  -1.65520000000000     
      1      2      1      5  0.000000000000000E+000
      2      4      1      5  -1.50525000000000     
      1      5      1      5  -1.09495000000000     
      4      5      1      5 -0.668200000000000     
      3      6      1      5 -0.668200000000000     
      2      5      2      5  -1.84757500000000     
      1      6      2      5  -1.30358473904653     
      4      6      2      5  -1.15735634961752     
      2      3      3      5 -0.668200000000000     
      1      4      3      5  -1.15735634961752     
      3      5      3      5  -1.65520000000000     
      1      2      4      5   2.28515698476057     
      2      4      4      5 -0.668200000000000     
      1      5      4      5 -0.668200000000000     
      4      5      4      5  -2.62750000000000     
      3      6      4      5  0.972300000000000     
      2      5      1      6  -1.30358473904653     
      1      6      1      6 -0.342325000000000     
      4      6      1      6 -0.668200000000000     
      2      6      2      6  -2.60020000000000     
      5      6      2      6  -1.33640000000000     
      1      2      3      6  -2.28515698476057     
      2      4      3      6 -0.668200000000000     
      1      5      3      6 -0.668200000000000     
      4      5      3      6  0.972300000000000     
      3      6      3      6  -2.62750000000000     
      2      5      4      6  -1.15735634961752     
      1      6      4      6 -0.668200000000000     
      4      6      4      6  -1.65520000000000     
      2      6      5      6  -1.33640000000000     
      5      6      5      6  -1.65520000000000     
      1      7      1      7  -6.54380000000000     
      4      7      1      7  0.131698637995995     
      3      8      1      7 -0.228108732296684     
      2      9      1      7 -0.228108732296684     
      5      9      1      7   1.85206905594797     
      1     10      1      7  0.131698637995995     
      4     10      1      7  -2.13858513601867     
      3     11      1      7   1.85206905594797     
      2      7      2      7  -3.92920000000000     
      5      7      2      7  0.131698637995995     
      1      8      2      7  -2.61460000000000     
      4      8      2      7 -0.131698637995995     
      6      9      2      7  0.461360359633721     
      2     10      2      7 -0.131698637995995     
      5     10      2      7  0.607932208375615     
      1     11      2      7  0.131698637995995     
      4     11      2      7  -1.67722477638495     
      3     12      2      7   2.74651734439429     
      3      7      3      7  -5.19980000000000     
      1      9      3      7  -2.59960000000000     
      4      9      3      7 -0.668200000000000     
      3     10      3      7  0.668200000000000     
      1      7      4      7  0.131698637995995     
      4      7      4      7  -5.21842500000000     
      3      8      4      7  3.225944629097111E-002
      2      9      4      7   1.33584418533750     
      5      9      4      7  0.616873054332006     
      1     10      4      7  -3.37085000000000     
      4     10      4      7  -1.38050364794882     
      3     11      4      7   1.77422940394953     
      2      7      5      7  0.131698637995995     
      5      7      5      7  -5.23705000000000     
      1      8      5      7  0.131698637995995     
      4      8      5      7  3.725000000000045E-002
      6      9      5      7   1.73665547192323     
      2     10      5      7   1.54250000000000     
      5     10      5      7  -1.02435182397441     
      1     11      5      7  -4.14210000000000     
      4     11      5      7 -0.356151823974410     
      3     12      5      7   2.40485547192323     
      6      7      6      7  -5.25567500000000     
      2      8      6      7  0.228108732296684     
      5      8      6      7  3.225944629097111E-002
      6     10      6      7   1.73665547192323     
      2     11      6      7   1.33584418533750     
      5     11      6      7  -2.39110245828154     
      1     12      6      7  -4.91335000000000     
      4     12      6      7   2.40485547192323     
      2      7      1      8  -2.61460000000000     
      5      7      1      8  0.131698637995995     
      1      8      1      8  -3.92920000000000     
      4      8      1      8 -0.131698637995995     
      6      9      1      8   2.74651734439429     
      2     10      1      8 -0.131698637995995     
      5     10      1      8  -1.67722477638495     
      1     11      1      8  0.131698637995995     
      4     11      1      8  0.607932208375615     
      3     12      1      8  0.461360359633721     
      6      7      2      8  0.228108732296684     
      2      8      2      8  -6.54380000000000     
      5      8      2      8 -0.131698637995995     
      6     10      2      8   1.85206905594797     
      2     11      2      8 -0.131698637995995     
      5     11      2      8  -2.13858513601867     
      1     12      2      8  0.228108732296684     
      4     12      2      8   1.85206905594797     
      1      7      3      8 -0.228108732296684     
      4      7      3      8  3.225944629097111E-002
      3      8      3      8  -5.25567500000000     
      2      9      3      8  -4.91335000000000     
      5      9      3      8  -2.40485547192323     
      1     10      3      8   1.33584418533750     
      4     10      3      8   2.39110245828154     
      3     11      3      8  -1.73665547192323     
      2      7      4      8 -0.131698637995995     
      5      7      4      8  3.725000000000045E-002
      1      8      4      8 -0.131698637995995     
      4      8      4      8  -5.23705000000000     
      6      9      4      8  -2.40485547192323     
      2     10      4      8  -4.14210000000000     
      5     10      4      8  0.356151823974410     
      1     11      4      8   1.54250000000000     
      4     11      4      8   1.02435182397441     
      3     12      4      8  -1.73665547192323     
      6      7      5      8  3.225944629097111E-002
      2      8      5      8 -0.131698637995995     
      5      8      5      8  -5.21842500000000     
      6     10      5      8  -1.77422940394953     
      2     11      5      8  -3.37085000000000     
      5     11      5      8   1.38050364794882     
      1     12      5      8   1.33584418533750     
      4     12      5      8 -0.616873054332006     
      6      8      6      8  -5.19980000000000     
      6     11      6      8 -0.668200000000000     
      2     12      6      8  -2.59960000000000     
      5     12      6      8  0.668200000000000     
      7      8      7      8  -1.31460000000000     
      8     10      7      8  0.000000000000000E+000
      7     11      7      8  0.000000000000000E+000
     10     11      7      8   2.28515698476057     
      9     12      7      8  -2.28515698476057     
      3      7      1      9  -2.59960000000000     
      1      9      1      9  -5.19980000000000     
      4      9      1      9  0.668200000000000     
      3     10      1      9 -0.668200000000000     
      1      7      2      9 -0.228108732296684     
      4      7      2      9   1.33584418533750     
      3      8      2      9  -4.91335000000000     
      2      9      2      9  -5.25567500000000     
      5      9      2      9  -1.73665547192323     
      1     10      2      9  3.225944629097111E-002
      4     10      2      9   2.39110245828154     
      3     11      2      9  -2.40485547192323     
      3      9      3      9  -7.79940000000000     
      3      7      4      9 -0.668200000000000     
      1      9      4      9  0.668200000000000     
      4      9      4      9  -4.72730000000000     
      3     10      4      9  -3.07210000000000     
      1      7      5      9   1.85206905594797     
      4      7      5      9  0.616873054332006     
      3      8      5      9  -2.40485547192323     
      2      9      5      9  -1.73665547192323     
      5      9      5      9  -4.44788000000000     
      1     10      5      9   1.77422940394953     
      4     10      5      9 -0.322646424433927     
      3     11      5      9  -2.79268000000000     
      2      7      6      9  0.461360359633721     
      5      7      6      9   1.73665547192323     
      1      8      6      9   2.74651734439429     
      4      8      6      9  -2.40485547192323     
      6      9      6      9  -4.79432000000000     
      2     10      6      9  -1.73665547192323     
      5     10      6      9  0.346440000000002     
      1     11      6      9   2.40485547192323     
      4     11      6      9 -0.625859999999999     
      3     12      6      9  -2.16682000000000     
      7      9      7      9  -2.60020000000000     
      9     10      7      9  -1.33640000000000     
      8      9      8      9 -0.342325000000000     
      7     10      8      9  -1.30358473904653     
      9     11      8      9 -0.668200000000000     
      1      7      1     10  0.131698637995995     
      4      7      1     10  -3.37085000000000     
      3      8      1     10   1.33584418533750     
      2      9      1     10  3.225944629097111E-002
      5      9      1     10   1.77422940394953     
      1     10      1     10  -5.21842500000000     
      4     10      1     10  -1.38050364794882     
      3     11      1     10  0.616873054332006     
      2      7      2     10 -0.131698637995995     
      5      7      2     10   1.54250000000000     
      1      8      2     10 -0.131698637995995     
      4      8      2     10  -4.14210000000000     
      6      9      2     10  -1.73665547192323     
      2     10      2     10  -5.23705000000000     
      5     10      2     10   1.02435182397441     
      1     11      2     10  3.725000000000045E-002
      4     11      2     10  0.356151823974410     
      3     12      2     10  -2.40485547192323     
      3      7      3     10  0.668200000000000     
      1      9      3     10 -0.668200000000000     
      4      9      3     10  -3.07210000000000     
      3     10      3     10  -4.72730000000000     
      1      7      4     10  -2.13858513601867     
      4      7      4     10  -1.38050364794882     
      3      8      4     10   2.39110245828154     
      2      9      4     10   2.39110245828154     
      5      9      4     10 -0.322646424433927     
      1     10      4     10  -1.38050364794882     
      4     10      4     10  -7.42684000000000     
      3     11      4     10 -0.322646424433927     
      2      7      5     10  0.607932208375615     
      5      7      5     10  -1.02435182397441     
      1      8      5     10  -1.67722477638495     
      4      8      5     10  0.356151823974410     
      6      9      5     10  0.346440000000002     
      2     10      5     10   1.02435182397441     
      5     10      5     10  -5.16688000000000     
      1     11      5     10 -0.356151823974410     
      4     11      5     10  -2.53938000000000     
      3     12      5     10 -0.625859999999999     
      6      7      6     10   1.73665547192323     
      2      8      6     10   1.85206905594797     
      5      8      6     10  -1.77422940394953     
      6     10      6     10  -4.44788000000000     
      2     11      6     10 -0.616873054332006     
      5     11      6     10 -0.322646424433927     
      1     12      6     10   2.40485547192323     
      4     12      6     10  -2.79268000000000     
      8      9      7     10  -1.30358473904653     
      7     10      7     10  -1.84757500000000     
      9     11      7     10  -1.15735634961752     
      7      8      8     10  0.000000000000000E+000
      8     10      8     10  -1.09495000000000     
      7     11      8     10  -1.50525000000000     
     10     11      8     10 -0.668200000000000     
      9     12      8     10 -0.668200000000000     
      7      9      9     10  -1.33640000000000     
      9     10      9     10  -1.65520000000000     
      2      7      1     11  0.131698637995995     
      5      7      1     11  -4.14210000000000     
      1      8      1     11  0.131698637995995     
      4      8      1     11   1.54250000000000     
      6      9      1     11   2.40485547192323     
      2     10      1     11  3.725000000000045E-002
      5     10      1     11 -0.356151823974410     
      1     11      1     11  -5.23705000000000     
      4     11      1     11  -1.02435182397441     
      3     12      1     11   1.73665547192323     
      6      7      2     11   1.33584418533750     
      2      8      2     11 -0.131698637995995     
      5      8      2     11  -3.37085000000000     
      6     10      2     11 -0.616873054332006     
      2     11      2     11  -5.21842500000000     
      5     11      2     11   1.38050364794882     
      1     12      2     11  3.225944629097111E-002
      4     12      2     11  -1.77422940394953     
      1      7      3     11   1.85206905594797     
      4      7      3     11   1.77422940394953     
      3      8      3     11  -1.73665547192323     
      2      9      3     11  -2.40485547192323     
      5      9      3     11  -2.79268000000000     
      1     10      3     11  0.616873054332006     
      4     10      3     11 -0.322646424433927     
      3     11      3     11  -4.44788000000000     
      2      7      4     11  -1.67722477638495     
      5      7      4     11 -0.356151823974410     
      1      8      4     11  0.607932208375615     
      4      8      4     11   1.02435182397441     
      6      9      4     11 -0.625859999999999     
      2     10      4     11  0.356151823974410     
      5     10      4     11  -2.53938000000000     
      1     11      4     11  -1.02435182397441     
      4     11      4     11  -5.16688000000000     
      3     12      4     11  0.346440000000002     
      6      7      5     11  -2.39110245828154     
      2      8      5     11  -2.13858513601867     
      5      8      5     11   1.38050364794882     
      6     10      5     11 -0.322646424433927     
      2     11      5     11   1.38050364794882     
      5     11      5     11  -7.42684000000000     
      1     12      5     11  -2.39110245828154     
      4     12      5     11 -0.322646424433927     
      6      8      6     11 -0.668200000000000     
      6     11      6     11  -4.72730000000000     
      2     12      6     11  0.668200000000000     
      5     12      6     11  -3.07210000000000     
      7      8      7     11  0.000000000000000E+000
      8     10      7     11  -1.50525000000000     
      7     11      7     11  -1.09495000000000     
     10     11      7     11 -0.668200000000000     
      9     12      7     11 -0.668200000000000     
      8     11      8     11  -1.84757500000000     
      7     12      8     11  -1.30358473904653     
     10     12      8     11  -1.15735634961752     
      8      9      9     11 -0.668200000000000     
      7     10      9     11  -1.15735634961752     
      9     11      9     11  -1.65520000000000     
      7      8     10     11   2.28515698476057     
      8     10     10     11 -0.668200000000000     
      7     11     10     11 -0.668200000000000     
     10     11     10     11  -2.62750000000000     
      9     12     10     11  0.972300000000000     
      6      7      1     12  -4.91335000000000     
      2      8      1     12  0.228108732296684     
      5      8      1     12   1.33584418533750     
      6     10      1     12   2.40485547192323     
      2     11      1     12  3.225944629097111E-002
      5     11      1     12  -2.39110245828154     
      1     12      1     12  -5.25567500000000     
      4     12      1     12   1.73665547192323     
      6      8      2     12  -2.59960000000000     
      6     11      2     12  0.668200000000000     
      2     12      2     12  -5.19980000000000     
      5     12      2     12 -0.668200000000000     
      2      7      3     12   2.74651734439429     
      5      7      3     12   2.40485547192323     
      1      8      3     12  0.461360359633721     
      4      8      3     12  -1.73665547192323     
      6      9      3     12  -2.16682000000000     
      2     10      3     12  -2.40485547192323     
      5     10      3     12 -0.625859999999999     
      1     11      3     12   1.73665547192323     
      4     11      3     12  0.346440000000002     
      3     12      3     12  -4.79432000000000     
      6      7      4     12   2.40485547192323     
      2      8      4     12   1.85206905594797     
      5      8      4     12 -0.616873054332006     
      6     10      4     12  -2.79268000000000     
      2     11      4     12  -1.77422940394953     
      5     11      4     12 -0.322646424433927     
      1     12      4     12   1.73665547192323     
      4     12      4     12  -4.44788000000000     
      6      8      5     12  0.668200000000000     
      6     11      5     12  -3.07210000000000     
      2     12      5     12 -0.668200000000000     
      5     12      5     12  -4.72730000000000     
      6     12      6     12  -7.79940000000000     
      8     11      7     12  -1.30358473904653     
      7     12      7     12 -0.342325000000000     
     10     12      7     12 -0.668200000000000     
      8     12      8     12  -2.60020000000000     
     11     12      8     12  -1.33640000000000     
      7      8      9     12  -2.28515698476057     
      8     10      9     12 -0.668200000000000     
      7     11      9     12 -0.668200000000000     
     10     11      9     12  0.972300000000000     
      9     12      9     12  -2.62750000000000     
      8     11     10     12  -1.15735634961752     
      7     12     10     12 -0.668200000000000     
     10     12     10     12  -1.65520000000000     
      8     12     11     12  -1.33640000000000     
     11     12     11     12  -1.65520000000000     
