      1      1      1      1           2           0   4.52862004146959     
      1      1      1      1           0           0  -10.4730000000000     
      1      1      1      2           2           0 -0.456217464593367     
      1      1      2      1           2           0 -0.456217464593367     
      1      1      2      2           4           0  -6.14139948344783     
      1      1      2      2           2           0   2.65116863943182     
      1      2      1      1           2           0  0.456217464593367     
      1      2      1      2           2           0 -0.102013326335337     
      1      2      1      2           0           0  -14.7862745460528     
      1      2      2      1           4           0   10.9865845972486     
      1      2      2      1           2           0  -3.16679509401856     
      1      2      2      2           4           0   7.60482073479652     
      1      2      2      2           2           0   1.95072387887394     
      2      1      1      1           2           0  0.456217464593367     
      2      1      1      2           4           0   10.9865845972486     
      2      1      1      2           2           0  -3.16679509401856     
      2      1      2      1           2           0 -0.102013326335337     
      2      1      2      1           0           0  -14.7862745460528     
      2      1      2      2           4           0   7.60482073479652     
      2      1      2      2           2           0   1.95072387887394     
      2      2      1      1           4           0  -6.14139948344783     
      2      2      1      1           2           0   2.65116863943182     
      2      2      1      2           4           0  -7.60482073479652     
      2      2      1      2           2           0  -1.95072387887394     
      2      2      2      1           4           0  -7.60482073479652     
      2      2      2      1           2           0  -1.95072387887394     
      2      2      2      2           6           0   5.73286685584098     
      2      2      2      2           4           0  -7.64408782380213     
      2      2      2      2           2           0   5.36627445302605     
      2      2      2      2           0           0  -21.7689000000000     
      1      1      1      1           2           0   4.52862004146959     
      1      1      1      1           0           0  -10.4730000000000     
      1      1      1      2           2           0 -0.456217464593367     
      1      1      2      1           2           0 -0.456217464593367     
      1      1      2      2           4           0  -6.14139948344783     
      1      1      2      2           2           0   2.65116863943182     
      1      2      1      1           2           0  0.456217464593367     
      1      2      1      2           2           0 -0.102013326335337     
      1      2      1      2           0           0  -14.7862745460528     
      1      2      2      1           4           0   10.9865845972486     
      1      2      2      1           2           0  -3.16679509401856     
      1      2      2      2           4           0   7.60482073479652     
      1      2      2      2           2           0   1.95072387887394     
      2      1      1      1           2           0  0.456217464593367     
      2      1      1      2           4           0   10.9865845972486     
      2      1      1      2           2           0  -3.16679509401856     
      2      1      2      1           2           0 -0.102013326335337     
      2      1      2      1           0           0  -14.7862745460528     
      2      1      2      2           4           0   7.60482073479652     
      2      1      2      2           2           0   1.95072387887394     
      2      2      1      1           4           0  -6.14139948344783     
      2      2      1      1           2           0   2.65116863943182     
      2      2      1      2           4           0  -7.60482073479652     
      2      2      1      2           2           0  -1.95072387887394     
      2      2      2      1           4           0  -7.60482073479652     
      2      2      2      1           2           0  -1.95072387887394     
      2      2      2      2           6           0   5.73286685584098     
      2      2      2      2           4           0  -7.64408782380213     
      2      2      2      2           2           0   5.36627445302605     
      2      2      2      2           0           0  -21.7689000000000     
          60           6
   1   1   3   3   0   0   0   0-10.4730   1   1
   1   1   3   3   2   0   0   0  4.5286   1   1
   1   1   3   4   2   0   0   0 -0.4562   1   1
   1   1   4   3   2   0   0   0  0.4562   1   1
   1   1   4   4   0   0   0   0-14.7863   1   1
   1   1   4   4   2   0   0   0 -0.1020   1   1
   1   2   3   3   2   0   0   0 -0.4562   1   1
   1   2   3   4   2   0   0   0  2.6512   1   1
   1   2   3   4   4   0   0   0 -6.1414   1   1
   1   2   4   3   2   0   0   0 -3.1668   1   1
   1   2   4   3   4   0   0   0 10.9866   1   1
   1   2   4   4   2   0   0   0  1.9507   1   1
   1   2   4   4   4   0   0   0  7.6048   1   1
   2   1   3   3   2   0   0   0  0.4562   1   1
   2   1   3   4   2   0   0   0 -3.1668   1   1
   2   1   3   4   4   0   0   0 10.9866   1   1
   2   1   4   3   2   0   0   0  2.6512   1   1
   2   1   4   3   4   0   0   0 -6.1414   1   1
   2   1   4   4   2   0   0   0 -1.9507   1   1
   2   1   4   4   4   0   0   0 -7.6048   1   1
   2   2   3   3   0   0   0   0-14.7863   1   1
   2   2   3   3   2   0   0   0 -0.1020   1   1
   2   2   3   4   2   0   0   0  1.9507   1   1
   2   2   3   4   4   0   0   0  7.6048   1   1
   2   2   4   3   2   0   0   0 -1.9507   1   1
   2   2   4   3   4   0   0   0 -7.6048   1   1
   2   2   4   4   0   0   0   0-21.7689   1   1
   2   2   4   4   2   0   0   0  5.3663   1   1
   2   2   4   4   4   0   0   0 -7.6441   1   1
   2   2   4   4   6   0   0   0  5.7329   1   1
   3   3   1   1   0   0   0   0-10.4730   1   1
   3   3   1   1   2   0   0   0  4.5286   1   1
   3   3   1   2   2   0   0   0 -0.4562   1   1
   3   3   2   1   2   0   0   0  0.4562   1   1
   3   3   2   2   0   0   0   0-14.7863   1   1
   3   3   2   2   2   0   0   0 -0.1020   1   1
   3   4   1   1   2   0   0   0 -0.4562   1   1
   3   4   1   2   2   0   0   0  2.6512   1   1
   3   4   1   2   4   0   0   0 -6.1414   1   1
   3   4   2   1   2   0   0   0 -3.1668   1   1
   3   4   2   1   4   0   0   0 10.9866   1   1
   3   4   2   2   2   0   0   0  1.9507   1   1
   3   4   2   2   4   0   0   0  7.6048   1   1
   4   3   1   1   2   0   0   0  0.4562   1   1
   4   3   1   2   2   0   0   0 -3.1668   1   1
   4   3   1   2   4   0   0   0 10.9866   1   1
   4   3   2   1   2   0   0   0  2.6512   1   1
   4   3   2   1   4   0   0   0 -6.1414   1   1
   4   3   2   2   2   0   0   0 -1.9507   1   1
   4   3   2   2   4   0   0   0 -7.6048   1   1
   4   4   1   1   0   0   0   0-14.7863   1   1
   4   4   1   1   2   0   0   0 -0.1020   1   1
   4   4   1   2   2   0   0   0  1.9507   1   1
   4   4   1   2   4   0   0   0  7.6048   1   1
   4   4   2   1   2   0   0   0 -1.9507   1   1
   4   4   2   1   4   0   0   0 -7.6048   1   1
   4   4   2   2   0   0   0   0-21.7689   1   1
   4   4   2   2   2   0   0   0  5.3663   1   1
   4   4   2   2   4   0   0   0 -7.6441   1   1
   4   4   2   2   6   0   0   0  5.7329   1   1
