      1      2      1      2  -1.26900000000000     
      2      4      1      2  0.000000000000000E+000
      1      5      1      2  0.000000000000000E+000
      4      5      1      2   1.97176725933869     
      3      6      1      2  -1.97176725933869     
      1      3      1      3  -2.20690000000000     
      3      4      1      3 -0.762300000000000     
      2      3      2      3 -0.482500000000000     
      1      4      2      3 -0.995582804190591     
      3      5      2      3 -0.381150000000000     
      2      3      1      4 -0.995582804190591     
      1      4      1      4  -1.63210000000000     
      3      5      1      4 -0.660171165304878     
      1      2      2      4  0.000000000000000E+000
      2      4      2      4  -1.05730000000000     
      1      5      2      4  -1.14960000000000     
      4      5      2      4 -0.381150000000000     
      3      6      2      4 -0.381150000000000     
      1      3      3      4 -0.762300000000000     
      3      4      3      4  -1.66780000000000     
      1      2      1      5  0.000000000000000E+000
      2      4      1      5  -1.14960000000000     
      1      5      1      5  -1.05730000000000     
      4      5      1      5 -0.381150000000000     
      3      6      1      5 -0.381150000000000     
      2      5      2      5  -1.63210000000000     
      1      6      2      5 -0.995582804190591     
      4      6      2      5 -0.660171165304878     
      2      3      3      5 -0.381150000000000     
      1      4      3      5 -0.660171165304878     
      3      5      3      5  -1.66780000000000     
      1      2      4      5   1.97176725933869     
      2      4      4      5 -0.381150000000000     
      1      5      4      5 -0.381150000000000     
      4      5      4      5  -2.45430000000000     
      3      6      4      5  0.786500000000000     
      2      5      1      6 -0.995582804190591     
      1      6      1      6 -0.482500000000000     
      4      6      1      6 -0.381150000000000     
      2      6      2      6  -2.20690000000000     
      5      6      2      6 -0.762300000000000     
      1      2      3      6  -1.97176725933869     
      2      4      3      6 -0.381150000000000     
      1      5      3      6 -0.381150000000000     
      4      5      3      6  0.786500000000000     
      3      6      3      6  -2.45430000000000     
      2      5      4      6 -0.660171165304878     
      1      6      4      6 -0.381150000000000     
      4      6      4      6  -1.66780000000000     
      2      6      5      6 -0.762300000000000     
      5      6      5      6  -1.66780000000000     
      1      7      1      7  -6.60780000000000     
      4      7      1      7  0.508727973724662     
      3      8      1      7 -0.881142697722679     
      2      9      1      7 -0.881142697722679     
      5      9      1      7   2.82476954582139     
      1     10      1      7  0.508727973724662     
      4     10      1      7  -3.26176291535728     
      3     11      1      7   2.82476954582139     
      2      7      2      7  -3.93840000000000     
      5      7      2      7  0.508727973724662     
      1      8      2      7  -2.66940000000000     
      4      8      2      7 -0.508727973724662     
      6      9      2      7   1.46043855684861     
      2     10      2      7 -0.508727973724662     
      5     10      2      7  0.170442900830025     
      1     11      2      7  0.508727973724662     
      4     11      2      7  -1.80132435850866     
      3     12      2      7   3.43220581618730     
      3      7      3      7  -5.58255000000000     
      1      9      3      7  -3.37565000000000     
      4      9      3      7 -0.381150000000000     
      3     10      3      7  0.381150000000000     
      1      7      4      7  0.508727973724662     
      4      7      4      7  -5.57098750000000     
      3      8      4      7 -2.002683746251438E-002
      2      9      4      7  0.975555966728077     
      5      9      4      7   1.22673753302256     
      1     10      4      7  -3.93888750000000     
      4     10      4      7  -1.79766448983118     
      3     11      4      7   1.88690869832744     
      2      7      5      7  0.508727973724662     
      5      7      5      7  -5.55942500000000     
      1      8      5      7  0.508727973724662     
      4      8      5      7 -2.312499999999829E-002
      6      9      5      7   2.50592173474677     
      2     10      5      7   1.12647500000000     
      5     10      5      7  -1.08940724491559     
      1     11      5      7  -4.50212500000000     
      4     11      5      7 -0.708257244915591     
      3     12      5      7   2.88707173474677     
      6      7      6      7  -5.54786250000000     
      2      8      6      7  0.881142697722679     
      5      8      6      7 -2.002683746251438E-002
      6     10      6      7   2.50592173474677     
      2     11      6      7  0.975555966728077     
      5     11      6      7  -3.11364623134999     
      1     12      6      7  -5.06536250000000     
      4     12      6      7   2.88707173474677     
      2      7      1      8  -2.66940000000000     
      5      7      1      8  0.508727973724662     
      1      8      1      8  -3.93840000000000     
      4      8      1      8 -0.508727973724662     
      6      9      1      8   3.43220581618730     
      2     10      1      8 -0.508727973724662     
      5     10      1      8  -1.80132435850866     
      1     11      1      8  0.508727973724662     
      4     11      1      8  0.170442900830025     
      3     12      1      8   1.46043855684861     
      6      7      2      8  0.881142697722679     
      2      8      2      8  -6.60780000000000     
      5      8      2      8 -0.508727973724662     
      6     10      2      8   2.82476954582139     
      2     11      2      8 -0.508727973724662     
      5     11      2      8  -3.26176291535728     
      1     12      2      8  0.881142697722679     
      4     12      2      8   2.82476954582139     
      1      7      3      8 -0.881142697722679     
      4      7      3      8 -2.002683746251438E-002
      3      8      3      8  -5.54786250000000     
      2      9      3      8  -5.06536250000000     
      5      9      3      8  -2.88707173474677     
      1     10      3      8  0.975555966728077     
      4     10      3      8   3.11364623134999     
      3     11      3      8  -2.50592173474677     
      2      7      4      8 -0.508727973724662     
      5      7      4      8 -2.312499999999829E-002
      1      8      4      8 -0.508727973724662     
      4      8      4      8  -5.55942500000000     
      6      9      4      8  -2.88707173474677     
      2     10      4      8  -4.50212500000000     
      5     10      4      8  0.708257244915591     
      1     11      4      8   1.12647500000000     
      4     11      4      8   1.08940724491559     
      3     12      4      8  -2.50592173474677     
      6      7      5      8 -2.002683746251438E-002
      2      8      5      8 -0.508727973724662     
      5      8      5      8  -5.57098750000000     
      6     10      5      8  -1.88690869832744     
      2     11      5      8  -3.93888750000000     
      5     11      5      8   1.79766448983118     
      1     12      5      8  0.975555966728077     
      4     12      5      8  -1.22673753302256     
      6      8      6      8  -5.58255000000000     
      6     11      6      8 -0.381150000000000     
      2     12      6      8  -3.37565000000000     
      5     12      6      8  0.381150000000000     
      7      8      7      8  -1.26900000000000     
      8     10      7      8  0.000000000000000E+000
      7     11      7      8  0.000000000000000E+000
     10     11      7      8   1.97176725933869     
      9     12      7      8  -1.97176725933869     
      3      7      1      9  -3.37565000000000     
      1      9      1      9  -5.58255000000000     
      4      9      1      9  0.381150000000000     
      3     10      1      9 -0.381150000000000     
      1      7      2      9 -0.881142697722679     
      4      7      2      9  0.975555966728077     
      3      8      2      9  -5.06536250000000     
      2      9      2      9  -5.54786250000000     
      5      9      2      9  -2.50592173474677     
      1     10      2      9 -2.002683746251438E-002
      4     10      2      9   3.11364623134999     
      3     11      2      9  -2.88707173474677     
      3      9      3      9  -8.95820000000000     
      3      7      4      9 -0.381150000000000     
      1      9      4      9  0.381150000000000     
      4      9      4      9  -5.31300000000000     
      3     10      4      9  -3.64520000000000     
      1      7      5      9   2.82476954582139     
      4      7      5      9   1.22673753302256     
      3      8      5      9  -2.88707173474677     
      2      9      5      9  -2.50592173474677     
      5      9      5      9  -4.23381000000000     
      1     10      5      9   1.88690869832744     
      4     10      5      9  -1.24614127401350     
      3     11      5      9  -2.56601000000000     
      2      7      6      9   1.46043855684861     
      5      7      6      9   2.50592173474677     
      1      8      6      9   3.43220581618730     
      4      8      6      9  -2.88707173474677     
      6      9      6      9  -4.08746500000000     
      2     10      6      9  -2.50592173474677     
      5     10      6      9 -0.146344999999998     
      1     11      6      9   2.88707173474677     
      4     11      6      9 -0.932844999999998     
      3     12      6      9  -1.63316500000000     
      7      9      7      9  -2.20690000000000     
      9     10      7      9 -0.762300000000000     
      8      9      8      9 -0.482500000000000     
      7     10      8      9 -0.995582804190591     
      9     11      8      9 -0.381150000000000     
      1      7      1     10  0.508727973724662     
      4      7      1     10  -3.93888750000000     
      3      8      1     10  0.975555966728077     
      2      9      1     10 -2.002683746251438E-002
      5      9      1     10   1.88690869832744     
      1     10      1     10  -5.57098750000000     
      4     10      1     10  -1.79766448983118     
      3     11      1     10   1.22673753302256     
      2      7      2     10 -0.508727973724662     
      5      7      2     10   1.12647500000000     
      1      8      2     10 -0.508727973724662     
      4      8      2     10  -4.50212500000000     
      6      9      2     10  -2.50592173474677     
      2     10      2     10  -5.55942500000000     
      5     10      2     10   1.08940724491559     
      1     11      2     10 -2.312499999999829E-002
      4     11      2     10  0.708257244915591     
      3     12      2     10  -2.88707173474677     
      3      7      3     10  0.381150000000000     
      1      9      3     10 -0.381150000000000     
      4      9      3     10  -3.64520000000000     
      3     10      3     10  -5.31299999999999     
      1      7      4     10  -3.26176291535728     
      4      7      4     10  -1.79766448983118     
      3      8      4     10   3.11364623134999     
      2      9      4     10   3.11364623134999     
      5      9      4     10  -1.24614127401350     
      1     10      4     10  -1.79766448983118     
      4     10      4     10  -7.51928000000000     
      3     11      4     10  -1.24614127401350     
      2      7      5     10  0.170442900830025     
      5      7      5     10  -1.08940724491559     
      1      8      5     10  -1.80132435850866     
      4      8      5     10  0.708257244915591     
      6      9      5     10 -0.146344999999998     
      2     10      5     10   1.08940724491559     
      5     10      5     10  -5.52638500000000     
      1     11      5     10 -0.708257244915591     
      4     11      5     10  -3.07208500000000     
      3     12      5     10 -0.932844999999998     
      6      7      6     10   2.50592173474677     
      2      8      6     10   2.82476954582139     
      5      8      6     10  -1.88690869832744     
      6     10      6     10  -4.23381000000000     
      2     11      6     10  -1.22673753302256     
      5     11      6     10  -1.24614127401350     
      1     12      6     10   2.88707173474677     
      4     12      6     10  -2.56601000000000     
      8      9      7     10 -0.995582804190591     
      7     10      7     10  -1.63210000000000     
      9     11      7     10 -0.660171165304878     
      7      8      8     10  0.000000000000000E+000
      8     10      8     10  -1.05730000000000     
      7     11      8     10  -1.14960000000000     
     10     11      8     10 -0.381150000000000     
      9     12      8     10 -0.381150000000000     
      7      9      9     10 -0.762300000000000     
      9     10      9     10  -1.66780000000000     
      2      7      1     11  0.508727973724662     
      5      7      1     11  -4.50212500000000     
      1      8      1     11  0.508727973724662     
      4      8      1     11   1.12647500000000     
      6      9      1     11   2.88707173474677     
      2     10      1     11 -2.312499999999829E-002
      5     10      1     11 -0.708257244915591     
      1     11      1     11  -5.55942500000000     
      4     11      1     11  -1.08940724491559     
      3     12      1     11   2.50592173474677     
      6      7      2     11  0.975555966728077     
      2      8      2     11 -0.508727973724662     
      5      8      2     11  -3.93888750000000     
      6     10      2     11  -1.22673753302256     
      2     11      2     11  -5.57098750000000     
      5     11      2     11   1.79766448983118     
      1     12      2     11 -2.002683746251438E-002
      4     12      2     11  -1.88690869832744     
      1      7      3     11   2.82476954582139     
      4      7      3     11   1.88690869832744     
      3      8      3     11  -2.50592173474677     
      2      9      3     11  -2.88707173474677     
      5      9      3     11  -2.56601000000000     
      1     10      3     11   1.22673753302256     
      4     10      3     11  -1.24614127401350     
      3     11      3     11  -4.23381000000000     
      2      7      4     11  -1.80132435850866     
      5      7      4     11 -0.708257244915591     
      1      8      4     11  0.170442900830025     
      4      8      4     11   1.08940724491559     
      6      9      4     11 -0.932844999999998     
      2     10      4     11  0.708257244915591     
      5     10      4     11  -3.07208500000000     
      1     11      4     11  -1.08940724491559     
      4     11      4     11  -5.52638500000000     
      3     12      4     11 -0.146344999999998     
      6      7      5     11  -3.11364623134999     
      2      8      5     11  -3.26176291535728     
      5      8      5     11   1.79766448983118     
      6     10      5     11  -1.24614127401350     
      2     11      5     11   1.79766448983118     
      5     11      5     11  -7.51928000000000     
      1     12      5     11  -3.11364623134999     
      4     12      5     11  -1.24614127401350     
      6      8      6     11 -0.381150000000000     
      6     11      6     11  -5.31300000000000     
      2     12      6     11  0.381150000000000     
      5     12      6     11  -3.64520000000000     
      7      8      7     11  0.000000000000000E+000
      8     10      7     11  -1.14960000000000     
      7     11      7     11  -1.05730000000000     
     10     11      7     11 -0.381150000000000     
      9     12      7     11 -0.381150000000000     
      8     11      8     11  -1.63210000000000     
      7     12      8     11 -0.995582804190591     
     10     12      8     11 -0.660171165304878     
      8      9      9     11 -0.381150000000000     
      7     10      9     11 -0.660171165304878     
      9     11      9     11  -1.66780000000000     
      7      8     10     11   1.97176725933869     
      8     10     10     11 -0.381150000000000     
      7     11     10     11 -0.381150000000000     
     10     11     10     11  -2.45430000000000     
      9     12     10     11  0.786500000000000     
      6      7      1     12  -5.06536250000000     
      2      8      1     12  0.881142697722679     
      5      8      1     12  0.975555966728077     
      6     10      1     12   2.88707173474677     
      2     11      1     12 -2.002683746251438E-002
      5     11      1     12  -3.11364623134999     
      1     12      1     12  -5.54786250000000     
      4     12      1     12   2.50592173474677     
      6      8      2     12  -3.37565000000000     
      6     11      2     12  0.381150000000000     
      2     12      2     12  -5.58255000000000     
      5     12      2     12 -0.381150000000000     
      2      7      3     12   3.43220581618730     
      5      7      3     12   2.88707173474677     
      1      8      3     12   1.46043855684861     
      4      8      3     12  -2.50592173474677     
      6      9      3     12  -1.63316500000000     
      2     10      3     12  -2.88707173474677     
      5     10      3     12 -0.932844999999998     
      1     11      3     12   2.50592173474677     
      4     11      3     12 -0.146344999999998     
      3     12      3     12  -4.08746500000000     
      6      7      4     12   2.88707173474677     
      2      8      4     12   2.82476954582139     
      5      8      4     12  -1.22673753302256     
      6     10      4     12  -2.56601000000000     
      2     11      4     12  -1.88690869832744     
      5     11      4     12  -1.24614127401350     
      1     12      4     12   2.50592173474677     
      4     12      4     12  -4.23381000000000     
      6      8      5     12  0.381150000000000     
      6     11      5     12  -3.64520000000000     
      2     12      5     12 -0.381150000000000     
      5     12      5     12  -5.31299999999999     
      6     12      6     12  -8.95820000000000     
      8     11      7     12 -0.995582804190591     
      7     12      7     12 -0.482500000000000     
     10     12      7     12 -0.381150000000000     
      8     12      8     12  -2.20690000000000     
     11     12      8     12 -0.762300000000000     
      7      8      9     12  -1.97176725933869     
      8     10      9     12 -0.381150000000000     
      7     11      9     12 -0.381150000000000     
     10     11      9     12  0.786500000000000     
      9     12      9     12  -2.45430000000000     
      8     11     10     12 -0.660171165304878     
      7     12     10     12 -0.381150000000000     
     10     12     10     12  -1.66780000000000     
      8     12     11     12 -0.762300000000000     
     11     12     11     12  -1.66780000000000     
