      1      1      1      1           2           0   4.62353642572436     
      1      1      1      1           0           0  -10.5462000000000     
      1      1      1      2           2           0  -1.76228539544536     
      1      1      2      1           2           0  -1.76228539544536     
      1      1      2      2           4           0  -7.67464551776495     
      1      1      2      2           2           0   5.35432332761576     
      1      2      1      1           2           0   1.76228539544536     
      1      2      1      2           2           0  6.333042071153705E-002
      1      2      1      2           0           0  -15.7407803123070     
      1      2      2      1           4           0   11.3264948806783     
      1      2      2      1           2           0  -4.87124134184180     
      1      2      2      2           4           0   9.12972245009328     
      1      2      2      2           2           0   3.87928469556730     
      2      1      1      1           2           0   1.76228539544536     
      2      1      1      2           4           0   11.3264948806783     
      2      1      1      2           2           0  -4.87124134184180     
      2      1      2      1           2           0  6.333042071153705E-002
      2      1      2      1           0           0  -15.7407803123070     
      2      1      2      2           4           0   9.12972245009328     
      2      1      2      2           2           0   3.87928469556730     
      2      2      1      1           4           0  -7.67464551776495     
      2      2      1      1           2           0   5.35432332761576     
      2      2      1      2           4           0  -9.12972245009329     
      2      2      1      2           2           0  -3.87928469556730     
      2      2      2      1           4           0  -9.12972245009329     
      2      2      2      1           2           0  -3.87928469556730     
      2      2      2      2           6           0   4.32094843993480     
      2      2      2      2           4           0  -7.82367762341503     
      2      2      2      2           2           0   9.05943112721074     
      2      2      2      2           0           0  -22.5924750000000     
      1      1      1      1           2           0   4.62353642572436     
      1      1      1      1           0           0  -10.5462000000000     
      1      1      1      2           2           0  -1.76228539544536     
      1      1      2      1           2           0  -1.76228539544536     
      1      1      2      2           4           0  -7.67464551776495     
      1      1      2      2           2           0   5.35432332761576     
      1      2      1      1           2           0   1.76228539544536     
      1      2      1      2           2           0  6.333042071153705E-002
      1      2      1      2           0           0  -15.7407803123070     
      1      2      2      1           4           0   11.3264948806783     
      1      2      2      1           2           0  -4.87124134184180     
      1      2      2      2           4           0   9.12972245009328     
      1      2      2      2           2           0   3.87928469556730     
      2      1      1      1           2           0   1.76228539544536     
      2      1      1      2           4           0   11.3264948806783     
      2      1      1      2           2           0  -4.87124134184180     
      2      1      2      1           2           0  6.333042071153705E-002
      2      1      2      1           0           0  -15.7407803123070     
      2      1      2      2           4           0   9.12972245009328     
      2      1      2      2           2           0   3.87928469556730     
      2      2      1      1           4           0  -7.67464551776495     
      2      2      1      1           2           0   5.35432332761576     
      2      2      1      2           4           0  -9.12972245009329     
      2      2      1      2           2           0  -3.87928469556730     
      2      2      2      1           4           0  -9.12972245009329     
      2      2      2      1           2           0  -3.87928469556730     
      2      2      2      2           6           0   4.32094843993480     
      2      2      2      2           4           0  -7.82367762341503     
      2      2      2      2           2           0   9.05943112721074     
      2      2      2      2           0           0  -22.5924750000000     
          60           6
   1   1   3   3   0   0   0   0-10.5462   1   1
   1   1   3   3   2   0   0   0  4.6235   1   1
   1   1   3   4   2   0   0   0 -1.7623   1   1
   1   1   4   3   2   0   0   0  1.7623   1   1
   1   1   4   4   0   0   0   0-15.7408   1   1
   1   1   4   4   2   0   0   0  0.0633   1   1
   1   2   3   3   2   0   0   0 -1.7623   1   1
   1   2   3   4   2   0   0   0  5.3543   1   1
   1   2   3   4   4   0   0   0 -7.6746   1   1
   1   2   4   3   2   0   0   0 -4.8712   1   1
   1   2   4   3   4   0   0   0 11.3265   1   1
   1   2   4   4   2   0   0   0  3.8793   1   1
   1   2   4   4   4   0   0   0  9.1297   1   1
   2   1   3   3   2   0   0   0  1.7623   1   1
   2   1   3   4   2   0   0   0 -4.8712   1   1
   2   1   3   4   4   0   0   0 11.3265   1   1
   2   1   4   3   2   0   0   0  5.3543   1   1
   2   1   4   3   4   0   0   0 -7.6746   1   1
   2   1   4   4   2   0   0   0 -3.8793   1   1
   2   1   4   4   4   0   0   0 -9.1297   1   1
   2   2   3   3   0   0   0   0-15.7408   1   1
   2   2   3   3   2   0   0   0  0.0633   1   1
   2   2   3   4   2   0   0   0  3.8793   1   1
   2   2   3   4   4   0   0   0  9.1297   1   1
   2   2   4   3   2   0   0   0 -3.8793   1   1
   2   2   4   3   4   0   0   0 -9.1297   1   1
   2   2   4   4   0   0   0   0-22.5925   1   1
   2   2   4   4   2   0   0   0  9.0594   1   1
   2   2   4   4   4   0   0   0 -7.8237   1   1
   2   2   4   4   6   0   0   0  4.3209   1   1
   3   3   1   1   0   0   0   0-10.5462   1   1
   3   3   1   1   2   0   0   0  4.6235   1   1
   3   3   1   2   2   0   0   0 -1.7623   1   1
   3   3   2   1   2   0   0   0  1.7623   1   1
   3   3   2   2   0   0   0   0-15.7408   1   1
   3   3   2   2   2   0   0   0  0.0633   1   1
   3   4   1   1   2   0   0   0 -1.7623   1   1
   3   4   1   2   2   0   0   0  5.3543   1   1
   3   4   1   2   4   0   0   0 -7.6746   1   1
   3   4   2   1   2   0   0   0 -4.8712   1   1
   3   4   2   1   4   0   0   0 11.3265   1   1
   3   4   2   2   2   0   0   0  3.8793   1   1
   3   4   2   2   4   0   0   0  9.1297   1   1
   4   3   1   1   2   0   0   0  1.7623   1   1
   4   3   1   2   2   0   0   0 -4.8712   1   1
   4   3   1   2   4   0   0   0 11.3265   1   1
   4   3   2   1   2   0   0   0  5.3543   1   1
   4   3   2   1   4   0   0   0 -7.6746   1   1
   4   3   2   2   2   0   0   0 -3.8793   1   1
   4   3   2   2   4   0   0   0 -9.1297   1   1
   4   4   1   1   0   0   0   0-15.7408   1   1
   4   4   1   1   2   0   0   0  0.0633   1   1
   4   4   1   2   2   0   0   0  3.8793   1   1
   4   4   1   2   4   0   0   0  9.1297   1   1
   4   4   2   1   2   0   0   0 -3.8793   1   1
   4   4   2   1   4   0   0   0 -9.1297   1   1
   4   4   2   2   0   0   0   0-22.5925   1   1
   4   4   2   2   2   0   0   0  9.0594   1   1
   4   4   2   2   4   0   0   0 -7.8237   1   1
   4   4   2   2   6   0   0   0  4.3209   1   1
