      1      2      1      2  -1.25640000000000     
      2      4      1      2  0.000000000000000E+000
      1      5      1      2  0.000000000000000E+000
      4      5      1      2   2.19782929728403     
      3      6      1      2  -2.19782929728403     
      1      3      1      3  -2.47040000000000     
      3      4      1      3 -0.815300000000000     
      2      3      2      3 -0.476225000000000     
      1      4      2      3  -1.15133747306122     
      3      5      2      3 -0.407650000000000     
      2      3      1      4  -1.15133747306122     
      1      4      1      4  -1.80567500000000     
      3      5      1      4 -0.706070511705453     
      1      2      2      4  0.000000000000000E+000
      2      4      2      4  -1.14095000000000     
      1      5      2      4  -1.32945000000000     
      4      5      2      4 -0.407650000000000     
      3      6      2      4 -0.407650000000000     
      1      3      3      4 -0.815300000000000     
      3      4      3      4  -1.89390000000000     
      1      2      1      5  0.000000000000000E+000
      2      4      1      5  -1.32945000000000     
      1      5      1      5  -1.14095000000000     
      4      5      1      5 -0.407650000000000     
      3      6      1      5 -0.407650000000000     
      2      5      2      5  -1.80567500000000     
      1      6      2      5  -1.15133747306122     
      4      6      2      5 -0.706070511705453     
      2      3      3      5 -0.407650000000000     
      1      4      3      5 -0.706070511705453     
      3      5      3      5  -1.89390000000000     
      1      2      4      5   2.19782929728403     
      2      4      4      5 -0.407650000000000     
      1      5      4      5 -0.407650000000000     
      4      5      4      5  -2.67405000000000     
      3      6      4      5  0.780150000000001     
      2      5      1      6  -1.15133747306122     
      1      6      1      6 -0.476225000000000     
      4      6      1      6 -0.407650000000000     
      2      6      2      6  -2.47040000000000     
      5      6      2      6 -0.815300000000000     
      1      2      3      6  -2.19782929728403     
      2      4      3      6 -0.407650000000000     
      1      5      3      6 -0.407650000000000     
      4      5      3      6  0.780150000000001     
      3      6      3      6  -2.67405000000000     
      2      5      4      6 -0.706070511705453     
      1      6      4      6 -0.407650000000000     
      4      6      4      6  -1.89390000000000     
      2      6      5      6 -0.815300000000000     
      5      6      5      6  -1.89390000000000     
      1      7      1      7  -7.81020000000000     
      4      7      1      7  0.557270854253118     
      3      8      1      7 -0.965221433143712     
      2      9      1      7 -0.965221433143712     
      5      9      1      7   3.16731523328512     
      1     10      1      7  0.557270854253118     
      4     10      1      7  -3.65730060509114     
      3     11      1      7   3.16731523328512     
      2      7      2      7  -4.53330000000000     
      5      7      2      7  0.557270854253118     
      1      8      2      7  -3.27690000000000     
      4      8      2      7 -0.557270854253118     
      6      9      2      7   1.64406080517634     
      2     10      2      7 -0.557270854253118     
      5     10      2      7  0.184589497369229     
      1     11      2      7  0.557270854253118     
      4     11      2      7  -2.01323979991480     
      3     12      2      7   3.84189010246037     
      3      7      3      7  -6.44870000000000     
      1      9      3      7  -3.97830000000000     
      4      9      3      7 -0.407650000000000     
      3     10      3      7  0.407650000000000     
      1      7      4      7  0.557270854253118     
      4      7      4      7  -6.43960000000000     
      3      8      4      7 -1.576166234887533E-002
      2      9      4      7   1.13557581071235     
      5      9      4      7   1.40400173390446     
      1     10      4      7  -4.63392500000000     
      4     10      4      7  -2.02885155802489     
      3     11      4      7   2.11007224560992     
      2      7      5      7  0.557270854253118     
      5      7      5      7  -6.43050000000000     
      1      8      5      7  0.557270854253118     
      4      8      5      7 -1.819999999999833E-002
      6      9      5      7   2.83945233703733     
      2     10      5      7   1.31125000000000     
      5     10      5      7  -1.21825077901244     
      1     11      5      7  -5.28955000000000     
      4     11      5      7 -0.810600779012443     
      3     12      5      7   3.24710233703733     
      6      7      6      7  -6.42140000000000     
      2      8      6      7  0.965221433143712     
      5      8      6      7 -1.576166234887533E-002
      6     10      6      7   2.83945233703733     
      2     11      6      7   1.13557581071235     
      5     11      6      7  -3.51407397951438     
      1     12      6      7  -5.94517500000000     
      4     12      6      7   3.24710233703733     
      2      7      1      8  -3.27690000000000     
      5      7      1      8  0.557270854253118     
      1      8      1      8  -4.53330000000000     
      4      8      1      8 -0.557270854253118     
      6      9      1      8   3.84189010246037     
      2     10      1      8 -0.557270854253118     
      5     10      1      8  -2.01323979991480     
      1     11      1      8  0.557270854253118     
      4     11      1      8  0.184589497369229     
      3     12      1      8   1.64406080517634     
      6      7      2      8  0.965221433143712     
      2      8      2      8  -7.81020000000000     
      5      8      2      8 -0.557270854253118     
      6     10      2      8   3.16731523328512     
      2     11      2      8 -0.557270854253118     
      5     11      2      8  -3.65730060509114     
      1     12      2      8  0.965221433143712     
      4     12      2      8   3.16731523328512     
      1      7      3      8 -0.965221433143712     
      4      7      3      8 -1.576166234887533E-002
      3      8      3      8  -6.42140000000000     
      2      9      3      8  -5.94517500000000     
      5      9      3      8  -3.24710233703733     
      1     10      3      8   1.13557581071235     
      4     10      3      8   3.51407397951438     
      3     11      3      8  -2.83945233703733     
      2      7      4      8 -0.557270854253118     
      5      7      4      8 -1.819999999999833E-002
      1      8      4      8 -0.557270854253118     
      4      8      4      8  -6.43050000000000     
      6      9      4      8  -3.24710233703733     
      2     10      4      8  -5.28955000000000     
      5     10      4      8  0.810600779012443     
      1     11      4      8   1.31125000000000     
      4     11      4      8   1.21825077901244     
      3     12      4      8  -2.83945233703733     
      6      7      5      8 -1.576166234887533E-002
      2      8      5      8 -0.557270854253118     
      5      8      5      8  -6.43960000000000     
      6     10      5      8  -2.11007224560992     
      2     11      5      8  -4.63392500000000     
      5     11      5      8   2.02885155802489     
      1     12      5      8   1.13557581071235     
      4     12      5      8  -1.40400173390446     
      6      8      6      8  -6.44870000000000     
      6     11      6      8 -0.407650000000000     
      2     12      6      8  -3.97830000000000     
      5     12      6      8  0.407650000000000     
      7      8      7      8  -1.25640000000000     
      8     10      7      8  0.000000000000000E+000
      7     11      7      8  0.000000000000000E+000
     10     11      7      8   2.19782929728403     
      9     12      7      8  -2.19782929728403     
      3      7      1      9  -3.97830000000000     
      1      9      1      9  -6.44870000000000     
      4      9      1      9  0.407650000000000     
      3     10      1      9 -0.407650000000000     
      1      7      2      9 -0.965221433143712     
      4      7      2      9   1.13557581071235     
      3      8      2      9  -5.94517500000000     
      2      9      2      9  -6.42140000000000     
      5      9      2      9  -2.83945233703733     
      1     10      2      9 -1.576166234887533E-002
      4     10      2      9   3.51407397951438     
      3     11      2      9  -3.24710233703733     
      3      9      3      9  -10.4270000000000     
      3      7      4      9 -0.407650000000000     
      1      9      4      9  0.407650000000000     
      4      9      4      9  -6.16045000000000     
      3     10      4      9  -4.26655000000000     
      1      7      5      9   3.16731523328512     
      4      7      5      9   1.40400173390446     
      3      8      5      9  -3.24710233703733     
      2      9      5      9  -2.83945233703733     
      5      9      5      9  -4.97833000000000     
      1     10      5      9   2.11007224560992     
      4     10      5      9  -1.36499460042888     
      3     11      5      9  -3.08443000000000     
      2      7      6      9   1.64406080517634     
      5      7      6      9   2.83945233703733     
      1      8      6      9   3.84189010246037     
      4      8      6      9  -3.24710233703733     
      6      9      6      9  -4.77734500000000     
      2     10      6      9  -2.83945233703733     
      5     10      6      9 -0.200984999999998     
      1     11      6      9   3.24710233703733     
      4     11      6      9 -0.981134999999998     
      3     12      6      9  -2.10329500000000     
      7      9      7      9  -2.47040000000000     
      9     10      7      9 -0.815300000000000     
      8      9      8      9 -0.476225000000000     
      7     10      8      9  -1.15133747306122     
      9     11      8      9 -0.407650000000000     
      1      7      1     10  0.557270854253118     
      4      7      1     10  -4.63392500000000     
      3      8      1     10   1.13557581071235     
      2      9      1     10 -1.576166234887533E-002
      5      9      1     10   2.11007224560992     
      1     10      1     10  -6.43960000000000     
      4     10      1     10  -2.02885155802489     
      3     11      1     10   1.40400173390446     
      2      7      2     10 -0.557270854253118     
      5      7      2     10   1.31125000000000     
      1      8      2     10 -0.557270854253118     
      4      8      2     10  -5.28955000000000     
      6      9      2     10  -2.83945233703733     
      2     10      2     10  -6.43050000000000     
      5     10      2     10   1.21825077901244     
      1     11      2     10 -1.819999999999833E-002
      4     11      2     10  0.810600779012443     
      3     12      2     10  -3.24710233703733     
      3      7      3     10  0.407650000000000     
      1      9      3     10 -0.407650000000000     
      4      9      3     10  -4.26654999999999     
      3     10      3     10  -6.16044999999999     
      1      7      4     10  -3.65730060509114     
      4      7      4     10  -2.02885155802489     
      3      8      4     10   3.51407397951438     
      2      9      4     10   3.51407397951438     
      5      9      4     10  -1.36499460042888     
      1     10      4     10  -2.02885155802489     
      4     10      4     10  -8.85084000000000     
      3     11      4     10  -1.36499460042888     
      2      7      5     10  0.184589497369229     
      5      7      5     10  -1.21825077901244     
      1      8      5     10  -2.01323979991480     
      4      8      5     10  0.810600779012443     
      6      9      5     10 -0.200984999999997     
      2     10      5     10   1.21825077901244     
      5     10      5     10  -6.35350500000000     
      1     11      5     10 -0.810600779012443     
      4     11      5     10  -3.67945500000000     
      3     12      5     10 -0.981134999999998     
      6      7      6     10   2.83945233703733     
      2      8      6     10   3.16731523328512     
      5      8      6     10  -2.11007224560992     
      6     10      6     10  -4.97833000000000     
      2     11      6     10  -1.40400173390446     
      5     11      6     10  -1.36499460042888     
      1     12      6     10   3.24710233703733     
      4     12      6     10  -3.08443000000000     
      8      9      7     10  -1.15133747306122     
      7     10      7     10  -1.80567500000000     
      9     11      7     10 -0.706070511705453     
      7      8      8     10  0.000000000000000E+000
      8     10      8     10  -1.14095000000000     
      7     11      8     10  -1.32945000000000     
     10     11      8     10 -0.407650000000000     
      9     12      8     10 -0.407650000000000     
      7      9      9     10 -0.815300000000000     
      9     10      9     10  -1.89390000000000     
      2      7      1     11  0.557270854253118     
      5      7      1     11  -5.28955000000000     
      1      8      1     11  0.557270854253118     
      4      8      1     11   1.31125000000000     
      6      9      1     11   3.24710233703733     
      2     10      1     11 -1.819999999999833E-002
      5     10      1     11 -0.810600779012443     
      1     11      1     11  -6.43050000000000     
      4     11      1     11  -1.21825077901244     
      3     12      1     11   2.83945233703733     
      6      7      2     11   1.13557581071235     
      2      8      2     11 -0.557270854253118     
      5      8      2     11  -4.63392500000000     
      6     10      2     11  -1.40400173390446     
      2     11      2     11  -6.43960000000000     
      5     11      2     11   2.02885155802489     
      1     12      2     11 -1.576166234887533E-002
      4     12      2     11  -2.11007224560992     
      1      7      3     11   3.16731523328512     
      4      7      3     11   2.11007224560992     
      3      8      3     11  -2.83945233703733     
      2      9      3     11  -3.24710233703733     
      5      9      3     11  -3.08443000000000     
      1     10      3     11   1.40400173390446     
      4     10      3     11  -1.36499460042888     
      3     11      3     11  -4.97833000000000     
      2      7      4     11  -2.01323979991480     
      5      7      4     11 -0.810600779012443     
      1      8      4     11  0.184589497369229     
      4      8      4     11   1.21825077901244     
      6      9      4     11 -0.981134999999998     
      2     10      4     11  0.810600779012443     
      5     10      4     11  -3.67945500000000     
      1     11      4     11  -1.21825077901244     
      4     11      4     11  -6.35350500000000     
      3     12      4     11 -0.200984999999997     
      6      7      5     11  -3.51407397951438     
      2      8      5     11  -3.65730060509114     
      5      8      5     11   2.02885155802489     
      6     10      5     11  -1.36499460042888     
      2     11      5     11   2.02885155802489     
      5     11      5     11  -8.85084000000000     
      1     12      5     11  -3.51407397951438     
      4     12      5     11  -1.36499460042888     
      6      8      6     11 -0.407650000000000     
      6     11      6     11  -6.16045000000000     
      2     12      6     11  0.407650000000000     
      5     12      6     11  -4.26655000000000     
      7      8      7     11  0.000000000000000E+000
      8     10      7     11  -1.32945000000000     
      7     11      7     11  -1.14095000000000     
     10     11      7     11 -0.407650000000000     
      9     12      7     11 -0.407650000000000     
      8     11      8     11  -1.80567500000000     
      7     12      8     11  -1.15133747306122     
     10     12      8     11 -0.706070511705453     
      8      9      9     11 -0.407650000000000     
      7     10      9     11 -0.706070511705453     
      9     11      9     11  -1.89390000000000     
      7      8     10     11   2.19782929728403     
      8     10     10     11 -0.407650000000000     
      7     11     10     11 -0.407650000000000     
     10     11     10     11  -2.67405000000000     
      9     12     10     11  0.780150000000001     
      6      7      1     12  -5.94517500000000     
      2      8      1     12  0.965221433143712     
      5      8      1     12   1.13557581071235     
      6     10      1     12   3.24710233703733     
      2     11      1     12 -1.576166234887533E-002
      5     11      1     12  -3.51407397951438     
      1     12      1     12  -6.42140000000000     
      4     12      1     12   2.83945233703733     
      6      8      2     12  -3.97830000000000     
      6     11      2     12  0.407650000000000     
      2     12      2     12  -6.44870000000000     
      5     12      2     12 -0.407650000000000     
      2      7      3     12   3.84189010246037     
      5      7      3     12   3.24710233703733     
      1      8      3     12   1.64406080517634     
      4      8      3     12  -2.83945233703733     
      6      9      3     12  -2.10329500000000     
      2     10      3     12  -3.24710233703733     
      5     10      3     12 -0.981134999999998     
      1     11      3     12   2.83945233703733     
      4     11      3     12 -0.200984999999998     
      3     12      3     12  -4.77734500000000     
      6      7      4     12   3.24710233703733     
      2      8      4     12   3.16731523328512     
      5      8      4     12  -1.40400173390446     
      6     10      4     12  -3.08443000000000     
      2     11      4     12  -2.11007224560992     
      5     11      4     12  -1.36499460042888     
      1     12      4     12   2.83945233703733     
      4     12      4     12  -4.97833000000000     
      6      8      5     12  0.407650000000000     
      6     11      5     12  -4.26654999999999     
      2     12      5     12 -0.407650000000000     
      5     12      5     12  -6.16044999999999     
      6     12      6     12  -10.4270000000000     
      8     11      7     12  -1.15133747306122     
      7     12      7     12 -0.476225000000000     
     10     12      7     12 -0.407650000000000     
      8     12      8     12  -2.47040000000000     
     11     12      8     12 -0.815300000000000     
      7      8      9     12  -2.19782929728403     
      8     10      9     12 -0.407650000000000     
      7     11      9     12 -0.407650000000000     
     10     11      9     12  0.780150000000001     
      9     12      9     12  -2.67405000000000     
      8     11     10     12 -0.706070511705453     
      7     12     10     12 -0.407650000000000     
     10     12     10     12  -1.89390000000000     
      8     12     11     12 -0.815300000000000     
     11     12     11     12  -1.89390000000000     
