      1      1      1      1           2           0   5.67575729132245     
      1      1      1      1           0           0  -12.3435000000000     
      1      1      1      2           2           0  -1.93044286628742     
      1      1      2      1           2           0  -1.93044286628742     
      1      1      2      2           4           0  -8.59072743118501     
      1      1      2      2           2           0   6.01491207858314     
      1      2      1      1           2           0   1.93044286628742     
      1      2      1      2           2           0  4.984275273297079E-002
      1      2      1      2           0           0  -18.2010699690980     
      1      2      2      1           4           0   13.2938154381323     
      1      2      2      1           2           0  -5.75504191703892     
      1      2      2      2           4           0   10.2682391806937     
      1      2      2      2           2           0   4.43984331796375     
      2      1      1      1           2           0   1.93044286628742     
      2      1      1      2           4           0   13.2938154381323     
      2      1      1      2           2           0  -5.75504191703892     
      2      1      2      1           2           0  4.984275273297079E-002
      2      1      2      1           0           0  -18.2010699690980     
      2      1      2      2           4           0   10.2682391806937     
      2      1      2      2           2           0   4.43984331796375     
      2      2      1      1           4           0  -8.59072743118501     
      2      2      1      1           2           0   6.01491207858314     
      2      2      1      2           4           0  -10.2682391806937     
      2      2      1      2           2           0  -4.43984331796375     
      2      2      2      1           4           0  -10.2682391806937     
      2      2      2      1           2           0  -4.43984331796375     
      2      2      2      2           6           0   5.56479550380560     
      2      2      2      2           4           0  -9.09087970694394     
      2      2      2      2           2           0   10.4679868054500     
      2      2      2      2           0           0  -26.3431250000000     
      1      1      1      1           2           0   5.67575729132245     
      1      1      1      1           0           0  -12.3435000000000     
      1      1      1      2           2           0  -1.93044286628742     
      1      1      2      1           2           0  -1.93044286628742     
      1      1      2      2           4           0  -8.59072743118501     
      1      1      2      2           2           0   6.01491207858314     
      1      2      1      1           2           0   1.93044286628742     
      1      2      1      2           2           0  4.984275273297079E-002
      1      2      1      2           0           0  -18.2010699690980     
      1      2      2      1           4           0   13.2938154381323     
      1      2      2      1           2           0  -5.75504191703892     
      1      2      2      2           4           0   10.2682391806937     
      1      2      2      2           2           0   4.43984331796375     
      2      1      1      1           2           0   1.93044286628742     
      2      1      1      2           4           0   13.2938154381323     
      2      1      1      2           2           0  -5.75504191703892     
      2      1      2      1           2           0  4.984275273297079E-002
      2      1      2      1           0           0  -18.2010699690980     
      2      1      2      2           4           0   10.2682391806937     
      2      1      2      2           2           0   4.43984331796375     
      2      2      1      1           4           0  -8.59072743118501     
      2      2      1      1           2           0   6.01491207858314     
      2      2      1      2           4           0  -10.2682391806937     
      2      2      1      2           2           0  -4.43984331796375     
      2      2      2      1           4           0  -10.2682391806937     
      2      2      2      1           2           0  -4.43984331796375     
      2      2      2      2           6           0   5.56479550380560     
      2      2      2      2           4           0  -9.09087970694394     
      2      2      2      2           2           0   10.4679868054500     
      2      2      2      2           0           0  -26.3431250000000     
          60           6
   1   1   3   3   0   0   0   0-12.3435   1   1
   1   1   3   3   2   0   0   0  5.6758   1   1
   1   1   3   4   2   0   0   0 -1.9304   1   1
   1   1   4   3   2   0   0   0  1.9304   1   1
   1   1   4   4   0   0   0   0-18.2011   1   1
   1   1   4   4   2   0   0   0  0.0498   1   1
   1   2   3   3   2   0   0   0 -1.9304   1   1
   1   2   3   4   2   0   0   0  6.0149   1   1
   1   2   3   4   4   0   0   0 -8.5907   1   1
   1   2   4   3   2   0   0   0 -5.7550   1   1
   1   2   4   3   4   0   0   0 13.2938   1   1
   1   2   4   4   2   0   0   0  4.4398   1   1
   1   2   4   4   4   0   0   0 10.2682   1   1
   2   1   3   3   2   0   0   0  1.9304   1   1
   2   1   3   4   2   0   0   0 -5.7550   1   1
   2   1   3   4   4   0   0   0 13.2938   1   1
   2   1   4   3   2   0   0   0  6.0149   1   1
   2   1   4   3   4   0   0   0 -8.5907   1   1
   2   1   4   4   2   0   0   0 -4.4398   1   1
   2   1   4   4   4   0   0   0-10.2682   1   1
   2   2   3   3   0   0   0   0-18.2011   1   1
   2   2   3   3   2   0   0   0  0.0498   1   1
   2   2   3   4   2   0   0   0  4.4398   1   1
   2   2   3   4   4   0   0   0 10.2682   1   1
   2   2   4   3   2   0   0   0 -4.4398   1   1
   2   2   4   3   4   0   0   0-10.2682   1   1
   2   2   4   4   0   0   0   0-26.3431   1   1
   2   2   4   4   2   0   0   0 10.4680   1   1
   2   2   4   4   4   0   0   0 -9.0909   1   1
   2   2   4   4   6   0   0   0  5.5648   1   1
   3   3   1   1   0   0   0   0-12.3435   1   1
   3   3   1   1   2   0   0   0  5.6758   1   1
   3   3   1   2   2   0   0   0 -1.9304   1   1
   3   3   2   1   2   0   0   0  1.9304   1   1
   3   3   2   2   0   0   0   0-18.2011   1   1
   3   3   2   2   2   0   0   0  0.0498   1   1
   3   4   1   1   2   0   0   0 -1.9304   1   1
   3   4   1   2   2   0   0   0  6.0149   1   1
   3   4   1   2   4   0   0   0 -8.5907   1   1
   3   4   2   1   2   0   0   0 -5.7550   1   1
   3   4   2   1   4   0   0   0 13.2938   1   1
   3   4   2   2   2   0   0   0  4.4398   1   1
   3   4   2   2   4   0   0   0 10.2682   1   1
   4   3   1   1   2   0   0   0  1.9304   1   1
   4   3   1   2   2   0   0   0 -5.7550   1   1
   4   3   1   2   4   0   0   0 13.2938   1   1
   4   3   2   1   2   0   0   0  6.0149   1   1
   4   3   2   1   4   0   0   0 -8.5907   1   1
   4   3   2   2   2   0   0   0 -4.4398   1   1
   4   3   2   2   4   0   0   0-10.2682   1   1
   4   4   1   1   0   0   0   0-18.2011   1   1
   4   4   1   1   2   0   0   0  0.0498   1   1
   4   4   1   2   2   0   0   0  4.4398   1   1
   4   4   1   2   4   0   0   0 10.2682   1   1
   4   4   2   1   2   0   0   0 -4.4398   1   1
   4   4   2   1   4   0   0   0-10.2682   1   1
   4   4   2   2   0   0   0   0-26.3431   1   1
   4   4   2   2   2   0   0   0 10.4680   1   1
   4   4   2   2   4   0   0   0 -9.0909   1   1
   4   4   2   2   6   0   0   0  5.5648   1   1
