 ! Total Interaction
  20
   1   1   1   1     1     0  -7.8102
   1   2   1   1     1     0  -1.5762
   2   2   1   1     1     0   5.7827
   1   1   1   2     1     0  -1.5762
   1   2   1   2     1     0 -13.0131
   2   2   1   2     1     0  -9.0733
   1   1   2   2     1     0   5.7827
   1   2   2   2     1     0  -9.0733
   2   2   2   2     1     0  -6.4866
   1   2   1   2     2     0 -10.4270
   2   2   2   2     3     0 -10.4270
   1   1   1   1     0     1  -1.2564
   2   2   1   1     0     1  -3.1082
   1   1   2   2     0     1  -3.1082
   2   2   2   2     0     1  -3.4542
   1   2   1   2     1     1   0.1885
   1   2   1   2     2     1  -2.4704
   2   2   1   2     2     1   0.8153
   1   2   2   2     2     1   0.8153
   2   2   2   2     2     1  -1.8939
