 ! Total Interaction
  20
   1   1   1   1     1     0  -8.3352
   1   2   1   1     1     0  -0.2370
   2   2   1   1     1     0   3.5468
   1   1   1   2     1     0  -0.2370
   1   2   1   2     1     0 -13.3505
   2   2   1   2     1     0  -6.7188
   1   1   2   2     1     0   3.5468
   1   2   2   2     1     0  -6.7188
   2   2   2   2     1     0  -8.9827
   1   2   1   2     2     0  -9.5753
   2   2   2   2     3     0  -9.5753
   1   1   1   1     0     1  -1.1782
   2   2   1   1     0     1  -3.8096
   1   1   2   2     0     1  -3.8096
   2   2   2   2     0     1  -3.8720
   1   2   1   2     1     1   0.7076
   1   2   1   2     2     1  -3.0980
   2   2   1   2     2     1   1.5482
   1   2   2   2     2     1   1.5482
   2   2   2   2     2     1  -2.0033
