      1      2      1      2  -1.17820000000000     
      2      4      1      2  0.000000000000000E+000
      1      5      1      2  0.000000000000000E+000
      4      5      1      2   2.69379399360827     
      3      6      1      2  -2.69379399360827     
      1      3      1      3  -3.09800000000000     
      3      4      1      3  -1.54820000000000     
      2      3      2      3 -0.243800000000000     
      1      4      2      3  -1.64787313832103     
      3      5      2      3 -0.774100000000000     
      2      3      1      4  -1.64787313832103     
      1      4      1      4  -2.14660000000000     
      3      5      1      4  -1.34078053013907     
      1      2      2      4  0.000000000000000E+000
      2      4      2      4  -1.19520000000000     
      1      5      2      4  -1.90280000000000     
      4      5      2      4 -0.774100000000000     
      3      6      2      4 -0.774100000000000     
      1      3      3      4  -1.54820000000000     
      3      4      3      4  -2.00330000000000     
      1      2      1      5  0.000000000000000E+000
      2      4      1      5  -1.90280000000000     
      1      5      1      5  -1.19520000000000     
      4      5      1      5 -0.774100000000000     
      3      6      1      5 -0.774100000000000     
      2      5      2      5  -2.14660000000000     
      1      6      2      5  -1.64787313832103     
      4      6      2      5  -1.34078053013907     
      2      3      3      5 -0.774100000000000     
      1      4      3      5  -1.34078053013907     
      3      5      3      5  -2.00330000000000     
      1      2      4      5   2.69379399360827     
      2      4      4      5 -0.774100000000000     
      1      5      4      5 -0.774100000000000     
      4      5      4      5  -2.93765000000000     
      3      6      4      5  0.934350000000000     
      2      5      1      6  -1.64787313832103     
      1      6      1      6 -0.243800000000000     
      4      6      1      6 -0.774100000000000     
      2      6      2      6  -3.09800000000000     
      5      6      2      6  -1.54820000000000     
      1      2      3      6  -2.69379399360827     
      2      4      3      6 -0.774100000000000     
      1      5      3      6 -0.774100000000000     
      4      5      3      6  0.934350000000000     
      3      6      3      6  -2.93765000000000     
      2      5      4      6  -1.34078053013907     
      1      6      4      6 -0.774100000000000     
      4      6      4      6  -2.00330000000000     
      2      6      5      6  -1.54820000000000     
      5      6      5      6  -2.00330000000000     
      1      7      1      7  -8.33520000000000     
      4      7      1      7  8.379215357060592E-002
      3      8      1      7 -0.145132267259903     
      2      9      1      7 -0.145132267259903     
      5      9      1      7   1.94266236695932     
      1     10      1      7  8.379215357060592E-002
      4     10      1      7  -2.24319328101704     
      3     11      1      7   1.94266236695932     
      2      7      2      7  -4.75670000000000     
      5      7      2      7  8.379215357060592E-002
      1      8      2      7  -3.57850000000000     
      4      8      2      7 -8.379215357060592E-002
      6      9      2      7  0.335497963958646     
      2     10      2      7 -8.379215357060592E-002
      5     10      2      7  0.786098676549875     
      1     11      2      7  8.379215357060592E-002
      4     11      2      7  -1.90769531705840     
      3     12      2      7   3.02929195756692     
      3      7      3      7  -6.33665000000000     
      1      9      3      7  -3.23865000000000     
      4      9      3      7 -0.774100000000000     
      3     10      3      7  0.774100000000000     
      1      7      4      7  8.379215357060592E-002
      4      7      4      7  -6.33285000000000     
      3      8      4      7 -6.581793068760389E-003
      2      9      4      7   1.64129134525227     
      5      9      4      7  0.630699760255386     
      1     10      4      7  -4.18625000000000     
      4     10      4      7  -1.50236935272256     
      3     11      4      7   1.97148029039445     
      2      7      5      7  8.379215357060592E-002
      5      7      5      7  -6.32905000000000     
      1      8      5      7  8.379215357060592E-002
      4      8      5      7 -7.599999999998275E-003
      6      9      5      7   1.86650402908384     
      2     10      5      7   1.89520000000000     
      5     10      5      7  -1.13823467636128     
      1     11      5      7  -5.13385000000000     
      4     11      5      7 -0.364134676361280     
      3     12      5      7   2.64060402908384     
      6      7      6      7  -6.32525000000000     
      2      8      6      7  0.145132267259903     
      5      8      6      7 -6.581793068760167E-003
      6     10      6      7   1.86650402908384     
      2     11      6      7   1.64129134525227     
      5     11      6      7  -2.60218005064984     
      1     12      6      7  -6.08145000000001     
      4     12      6      7   2.64060402908384     
      2      7      1      8  -3.57850000000000     
      5      7      1      8  8.379215357060592E-002
      1      8      1      8  -4.75670000000000     
      4      8      1      8 -8.379215357060592E-002
      6      9      1      8   3.02929195756692     
      2     10      1      8 -8.379215357060592E-002
      5     10      1      8  -1.90769531705840     
      1     11      1      8  8.379215357060592E-002
      4     11      1      8  0.786098676549875     
      3     12      1      8  0.335497963958646     
      6      7      2      8  0.145132267259903     
      2      8      2      8  -8.33520000000000     
      5      8      2      8 -8.379215357060592E-002
      6     10      2      8   1.94266236695932     
      2     11      2      8 -8.379215357060592E-002
      5     11      2      8  -2.24319328101704     
      1     12      2      8  0.145132267259903     
      4     12      2      8   1.94266236695932     
      1      7      3      8 -0.145132267259903     
      4      7      3      8 -6.581793068760167E-003
      3      8      3      8  -6.32525000000000     
      2      9      3      8  -6.08145000000001     
      5      9      3      8  -2.64060402908384     
      1     10      3      8   1.64129134525227     
      4     10      3      8   2.60218005064984     
      3     11      3      8  -1.86650402908384     
      2      7      4      8 -8.379215357060592E-002
      5      7      4      8 -7.599999999998275E-003
      1      8      4      8 -8.379215357060592E-002
      4      8      4      8  -6.32905000000000     
      6      9      4      8  -2.64060402908384     
      2     10      4      8  -5.13385000000000     
      5     10      4      8  0.364134676361280     
      1     11      4      8   1.89520000000000     
      4     11      4      8   1.13823467636128     
      3     12      4      8  -1.86650402908384     
      6      7      5      8 -6.581793068760389E-003
      2      8      5      8 -8.379215357060592E-002
      5      8      5      8  -6.33285000000000     
      6     10      5      8  -1.97148029039445     
      2     11      5      8  -4.18625000000000     
      5     11      5      8   1.50236935272256     
      1     12      5      8   1.64129134525227     
      4     12      5      8 -0.630699760255386     
      6      8      6      8  -6.33665000000000     
      6     11      6      8 -0.774100000000000     
      2     12      6      8  -3.23865000000000     
      5     12      6      8  0.774100000000000     
      7      8      7      8  -1.17820000000000     
      8     10      7      8  0.000000000000000E+000
      7     11      7      8  0.000000000000000E+000
     10     11      7      8   2.69379399360827     
      9     12      7      8  -2.69379399360827     
      3      7      1      9  -3.23865000000000     
      1      9      1      9  -6.33665000000000     
      4      9      1      9  0.774100000000000     
      3     10      1      9 -0.774100000000000     
      1      7      2      9 -0.145132267259903     
      4      7      2      9   1.64129134525227     
      3      8      2      9  -6.08145000000001     
      2      9      2      9  -6.32525000000000     
      5      9      2      9  -1.86650402908384     
      1     10      2      9 -6.581793068760167E-003
      4     10      2      9   2.60218005064984     
      3     11      2      9  -2.64060402908384     
      3      9      3      9  -9.57530000000000     
      3      7      4      9 -0.774100000000000     
      1      9      4      9  0.774100000000000     
      4      9      4      9  -5.78930000000000     
      3     10      4      9  -3.78600000000000     
      1      7      5      9   1.94266236695932     
      4      7      5      9  0.630699760255386     
      3      8      5      9  -2.64060402908384     
      2      9      5      9  -1.86650402908384     
      5      9      5      9  -5.61152000000000     
      1     10      5      9   1.97148029039445     
      4     10      5      9 -0.205282661713059     
      3     11      5      9  -3.60822000000000     
      2      7      6      9  0.335497963958646     
      5      7      6      9   1.86650402908384     
      1      8      6      9   3.02929195756692     
      4      8      6      9  -2.64060402908384     
      6      9      6      9  -5.98980500000000     
      2     10      6      9  -1.86650402908384     
      5     10      6      9  0.378285000000002     
      1     11      6      9   2.64060402908384     
      4     11      6      9 -0.556064999999998     
      3     12      6      9  -3.05215500000000     
      7      9      7      9  -3.09800000000000     
      9     10      7      9  -1.54820000000000     
      8      9      8      9 -0.243800000000000     
      7     10      8      9  -1.64787313832103     
      9     11      8      9 -0.774100000000000     
      1      7      1     10  8.379215357060592E-002
      4      7      1     10  -4.18625000000000     
      3      8      1     10   1.64129134525227     
      2      9      1     10 -6.581793068760389E-003
      5      9      1     10   1.97148029039445     
      1     10      1     10  -6.33285000000000     
      4     10      1     10  -1.50236935272256     
      3     11      1     10  0.630699760255386     
      2      7      2     10 -8.379215357060592E-002
      5      7      2     10   1.89520000000000     
      1      8      2     10 -8.379215357060592E-002
      4      8      2     10  -5.13385000000000     
      6      9      2     10  -1.86650402908384     
      2     10      2     10  -6.32905000000000     
      5     10      2     10   1.13823467636128     
      1     11      2     10 -7.599999999998275E-003
      4     11      2     10  0.364134676361280     
      3     12      2     10  -2.64060402908384     
      3      7      3     10  0.774100000000000     
      1      9      3     10 -0.774100000000000     
      4      9      3     10  -3.78600000000000     
      3     10      3     10  -5.78930000000000     
      1      7      4     10  -2.24319328101704     
      4      7      4     10  -1.50236935272256     
      3      8      4     10   2.60218005064984     
      2      9      4     10   2.60218005064984     
      5      9      4     10 -0.205282661713059     
      1     10      4     10  -1.50236935272256     
      4     10      4     10  -9.33826000000000     
      3     11      4     10 -0.205282661713059     
      2      7      5     10  0.786098676549875     
      5      7      5     10  -1.13823467636128     
      1      8      5     10  -1.90769531705840     
      4      8      5     10  0.364134676361280     
      6      9      5     10  0.378285000000002     
      2     10      5     10   1.13823467636128     
      5     10      5     10  -6.22684500000000     
      1     11      5     10 -0.364134676361280     
      4     11      5     10  -3.28919500000000     
      3     12      5     10 -0.556064999999998     
      6      7      6     10   1.86650402908384     
      2      8      6     10   1.94266236695932     
      5      8      6     10  -1.97148029039445     
      6     10      6     10  -5.61152000000000     
      2     11      6     10 -0.630699760255386     
      5     11      6     10 -0.205282661713059     
      1     12      6     10   2.64060402908384     
      4     12      6     10  -3.60822000000000     
      8      9      7     10  -1.64787313832103     
      7     10      7     10  -2.14660000000000     
      9     11      7     10  -1.34078053013907     
      7      8      8     10  0.000000000000000E+000
      8     10      8     10  -1.19520000000000     
      7     11      8     10  -1.90280000000000     
     10     11      8     10 -0.774100000000000     
      9     12      8     10 -0.774100000000000     
      7      9      9     10  -1.54820000000000     
      9     10      9     10  -2.00330000000000     
      2      7      1     11  8.379215357060592E-002
      5      7      1     11  -5.13385000000000     
      1      8      1     11  8.379215357060592E-002
      4      8      1     11   1.89520000000000     
      6      9      1     11   2.64060402908384     
      2     10      1     11 -7.599999999998275E-003
      5     10      1     11 -0.364134676361280     
      1     11      1     11  -6.32905000000000     
      4     11      1     11  -1.13823467636128     
      3     12      1     11   1.86650402908384     
      6      7      2     11   1.64129134525227     
      2      8      2     11 -8.379215357060592E-002
      5      8      2     11  -4.18625000000000     
      6     10      2     11 -0.630699760255386     
      2     11      2     11  -6.33285000000000     
      5     11      2     11   1.50236935272256     
      1     12      2     11 -6.581793068760389E-003
      4     12      2     11  -1.97148029039445     
      1      7      3     11   1.94266236695932     
      4      7      3     11   1.97148029039445     
      3      8      3     11  -1.86650402908384     
      2      9      3     11  -2.64060402908384     
      5      9      3     11  -3.60822000000000     
      1     10      3     11  0.630699760255386     
      4     10      3     11 -0.205282661713059     
      3     11      3     11  -5.61152000000000     
      2      7      4     11  -1.90769531705840     
      5      7      4     11 -0.364134676361280     
      1      8      4     11  0.786098676549875     
      4      8      4     11   1.13823467636128     
      6      9      4     11 -0.556064999999998     
      2     10      4     11  0.364134676361280     
      5     10      4     11  -3.28919500000000     
      1     11      4     11  -1.13823467636128     
      4     11      4     11  -6.22684500000000     
      3     12      4     11  0.378285000000002     
      6      7      5     11  -2.60218005064984     
      2      8      5     11  -2.24319328101704     
      5      8      5     11   1.50236935272256     
      6     10      5     11 -0.205282661713059     
      2     11      5     11   1.50236935272256     
      5     11      5     11  -9.33826000000000     
      1     12      5     11  -2.60218005064984     
      4     12      5     11 -0.205282661713059     
      6      8      6     11 -0.774100000000000     
      6     11      6     11  -5.78930000000000     
      2     12      6     11  0.774100000000000     
      5     12      6     11  -3.78600000000000     
      7      8      7     11  0.000000000000000E+000
      8     10      7     11  -1.90280000000000     
      7     11      7     11  -1.19520000000000     
     10     11      7     11 -0.774100000000000     
      9     12      7     11 -0.774100000000000     
      8     11      8     11  -2.14660000000000     
      7     12      8     11  -1.64787313832103     
     10     12      8     11  -1.34078053013907     
      8      9      9     11 -0.774100000000000     
      7     10      9     11  -1.34078053013907     
      9     11      9     11  -2.00330000000000     
      7      8     10     11   2.69379399360827     
      8     10     10     11 -0.774100000000000     
      7     11     10     11 -0.774100000000000     
     10     11     10     11  -2.93765000000000     
      9     12     10     11  0.934350000000000     
      6      7      1     12  -6.08145000000001     
      2      8      1     12  0.145132267259903     
      5      8      1     12   1.64129134525227     
      6     10      1     12   2.64060402908384     
      2     11      1     12 -6.581793068760167E-003
      5     11      1     12  -2.60218005064984     
      1     12      1     12  -6.32525000000000     
      4     12      1     12   1.86650402908384     
      6      8      2     12  -3.23865000000000     
      6     11      2     12  0.774100000000000     
      2     12      2     12  -6.33665000000000     
      5     12      2     12 -0.774100000000000     
      2      7      3     12   3.02929195756692     
      5      7      3     12   2.64060402908384     
      1      8      3     12  0.335497963958646     
      4      8      3     12  -1.86650402908384     
      6      9      3     12  -3.05215500000000     
      2     10      3     12  -2.64060402908384     
      5     10      3     12 -0.556064999999998     
      1     11      3     12   1.86650402908384     
      4     11      3     12  0.378285000000002     
      3     12      3     12  -5.98980500000000     
      6      7      4     12   2.64060402908384     
      2      8      4     12   1.94266236695932     
      5      8      4     12 -0.630699760255386     
      6     10      4     12  -3.60822000000000     
      2     11      4     12  -1.97148029039445     
      5     11      4     12 -0.205282661713059     
      1     12      4     12   1.86650402908384     
      4     12      4     12  -5.61152000000000     
      6      8      5     12  0.774100000000000     
      6     11      5     12  -3.78600000000000     
      2     12      5     12 -0.774100000000000     
      5     12      5     12  -5.78930000000000     
      6     12      6     12  -9.57530000000000     
      8     11      7     12  -1.64787313832103     
      7     12      7     12 -0.243800000000000     
     10     12      7     12 -0.774100000000000     
      8     12      8     12  -3.09800000000000     
     11     12      8     12  -1.54820000000000     
      7      8      9     12  -2.69379399360827     
      8     10      9     12 -0.774100000000000     
      7     11      9     12 -0.774100000000000     
     10     11      9     12  0.934350000000000     
      9     12      9     12  -2.93765000000000     
      8     11     10     12  -1.34078053013907     
      7     12     10     12 -0.774100000000000     
     10     12     10     12  -2.00330000000000     
      8     12     11     12  -1.54820000000000     
     11     12     11     12  -2.00330000000000     
