      1      1      1      1           2           0   6.19814381488523     
      1      1      1      1           0           0  -13.0919000000000     
      1      1      1      2           2           0 -0.290264534519807     
      1      1      2      1           2           0 -0.290264534519807     
      1      1      2      2           4           0  -6.77370274081303     
      1      1      2      2           2           0   2.52376188637161     
      1      2      1      1           2           0  0.290264534519807     
      1      2      1      2           2           0  2.081345718519811E-002
      1      2      1      2           0           0  -17.9066307054119     
      1      2      2      1           4           0   13.5985356017661     
      1      2      2      1           2           0  -3.96821500268068     
      1      2      2      2           4           0   8.35032313052244     
      1      2      2      2           2           0   1.99444776212916     
      2      1      1      1           2           0  0.290264534519807     
      2      1      1      2           4           0   13.5985356017661     
      2      1      1      2           2           0  -3.96821500268068     
      2      1      2      1           2           0  2.081345718519811E-002
      2      1      2      1           0           0  -17.9066307054119     
      2      1      2      2           4           0   8.35032313052244     
      2      1      2      2           2           0   1.99444776212916     
      2      2      1      1           4           0  -6.77370274081304     
      2      2      1      1           2           0   2.52376188637161     
      2      2      1      2           4           0  -8.35032313052244     
      2      2      1      2           2           0  -1.99444776212916     
      2      2      2      1           4           0  -8.35032313052244     
      2      2      2      1           2           0  -1.99444776212916     
      2      2      2      2           6           0   8.07524309282235     
      2      2      2      2           4           0  -9.31162433768272     
      2      2      2      2           2           0   6.31290084114070     
      2      2      2      2           0           0  -26.9659250000000     
      1      1      1      1           2           0   6.19814381488523     
      1      1      1      1           0           0  -13.0919000000000     
      1      1      1      2           2           0 -0.290264534519807     
      1      1      2      1           2           0 -0.290264534519807     
      1      1      2      2           4           0  -6.77370274081303     
      1      1      2      2           2           0   2.52376188637161     
      1      2      1      1           2           0  0.290264534519807     
      1      2      1      2           2           0  2.081345718519811E-002
      1      2      1      2           0           0  -17.9066307054119     
      1      2      2      1           4           0   13.5985356017661     
      1      2      2      1           2           0  -3.96821500268068     
      1      2      2      2           4           0   8.35032313052244     
      1      2      2      2           2           0   1.99444776212916     
      2      1      1      1           2           0  0.290264534519807     
      2      1      1      2           4           0   13.5985356017661     
      2      1      1      2           2           0  -3.96821500268068     
      2      1      2      1           2           0  2.081345718519811E-002
      2      1      2      1           0           0  -17.9066307054119     
      2      1      2      2           4           0   8.35032313052244     
      2      1      2      2           2           0   1.99444776212916     
      2      2      1      1           4           0  -6.77370274081304     
      2      2      1      1           2           0   2.52376188637161     
      2      2      1      2           4           0  -8.35032313052244     
      2      2      1      2           2           0  -1.99444776212916     
      2      2      2      1           4           0  -8.35032313052244     
      2      2      2      1           2           0  -1.99444776212916     
      2      2      2      2           6           0   8.07524309282235     
      2      2      2      2           4           0  -9.31162433768272     
      2      2      2      2           2           0   6.31290084114070     
      2      2      2      2           0           0  -26.9659250000000     
          60           6
   1   1   3   3   0   0   0   0-13.0919   1   1
   1   1   3   3   2   0   0   0  6.1981   1   1
   1   1   3   4   2   0   0   0 -0.2903   1   1
   1   1   4   3   2   0   0   0  0.2903   1   1
   1   1   4   4   0   0   0   0-17.9066   1   1
   1   1   4   4   2   0   0   0  0.0208   1   1
   1   2   3   3   2   0   0   0 -0.2903   1   1
   1   2   3   4   2   0   0   0  2.5238   1   1
   1   2   3   4   4   0   0   0 -6.7737   1   1
   1   2   4   3   2   0   0   0 -3.9682   1   1
   1   2   4   3   4   0   0   0 13.5985   1   1
   1   2   4   4   2   0   0   0  1.9944   1   1
   1   2   4   4   4   0   0   0  8.3503   1   1
   2   1   3   3   2   0   0   0  0.2903   1   1
   2   1   3   4   2   0   0   0 -3.9682   1   1
   2   1   3   4   4   0   0   0 13.5985   1   1
   2   1   4   3   2   0   0   0  2.5238   1   1
   2   1   4   3   4   0   0   0 -6.7737   1   1
   2   1   4   4   2   0   0   0 -1.9944   1   1
   2   1   4   4   4   0   0   0 -8.3503   1   1
   2   2   3   3   0   0   0   0-17.9066   1   1
   2   2   3   3   2   0   0   0  0.0208   1   1
   2   2   3   4   2   0   0   0  1.9944   1   1
   2   2   3   4   4   0   0   0  8.3503   1   1
   2   2   4   3   2   0   0   0 -1.9944   1   1
   2   2   4   3   4   0   0   0 -8.3503   1   1
   2   2   4   4   0   0   0   0-26.9659   1   1
   2   2   4   4   2   0   0   0  6.3129   1   1
   2   2   4   4   4   0   0   0 -9.3116   1   1
   2   2   4   4   6   0   0   0  8.0752   1   1
   3   3   1   1   0   0   0   0-13.0919   1   1
   3   3   1   1   2   0   0   0  6.1981   1   1
   3   3   1   2   2   0   0   0 -0.2903   1   1
   3   3   2   1   2   0   0   0  0.2903   1   1
   3   3   2   2   0   0   0   0-17.9066   1   1
   3   3   2   2   2   0   0   0  0.0208   1   1
   3   4   1   1   2   0   0   0 -0.2903   1   1
   3   4   1   2   2   0   0   0  2.5238   1   1
   3   4   1   2   4   0   0   0 -6.7737   1   1
   3   4   2   1   2   0   0   0 -3.9682   1   1
   3   4   2   1   4   0   0   0 13.5985   1   1
   3   4   2   2   2   0   0   0  1.9944   1   1
   3   4   2   2   4   0   0   0  8.3503   1   1
   4   3   1   1   2   0   0   0  0.2903   1   1
   4   3   1   2   2   0   0   0 -3.9682   1   1
   4   3   1   2   4   0   0   0 13.5985   1   1
   4   3   2   1   2   0   0   0  2.5238   1   1
   4   3   2   1   4   0   0   0 -6.7737   1   1
   4   3   2   2   2   0   0   0 -1.9944   1   1
   4   3   2   2   4   0   0   0 -8.3503   1   1
   4   4   1   1   0   0   0   0-17.9066   1   1
   4   4   1   1   2   0   0   0  0.0208   1   1
   4   4   1   2   2   0   0   0  1.9944   1   1
   4   4   1   2   4   0   0   0  8.3503   1   1
   4   4   2   1   2   0   0   0 -1.9944   1   1
   4   4   2   1   4   0   0   0 -8.3503   1   1
   4   4   2   2   0   0   0   0-26.9659   1   1
   4   4   2   2   2   0   0   0  6.3129   1   1
   4   4   2   2   4   0   0   0 -9.3116   1   1
   4   4   2   2   6   0   0   0  8.0752   1   1
