      1      2      1      2  -1.28310000000000     
      2      4      1      2  0.000000000000000E+000
      1      5      1      2  0.000000000000000E+000
      4      5      1      2   2.42254783234511     
      3      6      1      2  -2.42254783234511     
      1      3      1      3  -2.77020000000000     
      3      4      1      3  -1.40950000000000     
      2      3      2      3 -0.317025000000000     
      1      4      2      3  -1.41634124661926     
      3      5      2      3 -0.704750000000000     
      2      3      1      4  -1.41634124661926     
      1      4      1      4  -1.95247500000000     
      3      5      1      4  -1.22066280663417     
      1      2      2      4  0.000000000000000E+000
      2      4      2      4  -1.13475000000000     
      1      5      2      4  -1.63545000000000     
      4      5      2      4 -0.704750000000000     
      3      6      2      4 -0.704750000000000     
      1      3      3      4  -1.40950000000000     
      3      4      3      4  -1.77350000000000     
      1      2      1      5  0.000000000000000E+000
      2      4      1      5  -1.63545000000000     
      1      5      1      5  -1.13475000000000     
      4      5      1      5 -0.704750000000000     
      3      6      1      5 -0.704750000000000     
      2      5      2      5  -1.95247500000000     
      1      6      2      5  -1.41634124661926     
      4      6      2      5  -1.22066280663417     
      2      3      3      5 -0.704750000000000     
      1      4      3      5  -1.22066280663417     
      3      5      3      5  -1.77350000000000     
      1      2      4      5   2.42254783234511     
      2      4      4      5 -0.704750000000000     
      1      5      4      5 -0.704750000000000     
      4      5      4      5  -2.73955000000000     
      3      6      4      5  0.966050000000000     
      2      5      1      6  -1.41634124661926     
      1      6      1      6 -0.317025000000000     
      4      6      1      6 -0.704750000000000     
      2      6      2      6  -2.77020000000000     
      5      6      2      6  -1.40950000000000     
      1      2      3      6  -2.42254783234511     
      2      4      3      6 -0.704750000000000     
      1      5      3      6 -0.704750000000000     
      4      5      3      6  0.966050000000000     
      3      6      3      6  -2.73955000000000     
      2      5      4      6  -1.22066280663417     
      1      6      4      6 -0.704750000000000     
      4      6      4      6  -1.77350000000000     
      2      6      5      6  -1.40950000000000     
      5      6      5      6  -1.77350000000000     
      1      7      1      7  -6.87660000000000     
      4      7      1      7  0.119996020767357     
      3      8      1      7 -0.207839204675153     
      2      9      1      7 -0.207839204675153     
      5      9      1      7   1.81016828029882     
      1     10      1      7  0.119996020767357     
      4     10      1      7  -2.09020228781810     
      3     11      1      7   1.81016828029882     
      2      7      2      7  -4.07985000000000     
      5      7      2      7  0.119996020767357     
      1      8      2      7  -2.79675000000000     
      4      8      2      7 -0.119996020767357     
      6      9      2      7  0.356377799691016     
      2     10      2      7 -0.119996020767357     
      5     10      2      7  0.688723344218032     
      1     11      2      7  0.119996020767357     
      4     11      2      7  -1.73382448812708     
      3     12      2      7   2.77892563203613     
      3      7      3      7  -5.43075000000000     
      1      9      3      7  -2.66055000000000     
      4      9      3      7 -0.704750000000000     
      3     10      3      7  0.704750000000000     
      1      7      4      7  0.119996020767357     
      4      7      4      7  -5.41718750000000     
      3      8      4      7 -2.349093907765187E-002
      2      9      4      7   1.39285030754161     
      5      9      4      7  0.565758084508992     
      1     10      4      7  -3.46471250000000     
      4     10      4      7  -1.35803116477495     
      3     11      4      7   1.78642089114316     
      2      7      5      7  0.119996020767357     
      5      7      5      7  -5.40362500000000     
      1      8      5      7  0.119996020767357     
      4      8      5      7 -2.712499999999851E-002
      6      9      5      7   1.68467174716242     
      2     10      5      7   1.60832500000000     
      5     10      5      7  -1.03139058238747     
      1     11      5      7  -4.26887500000000     
      4     11      5      7 -0.326640582387474     
      3     12      5      7   2.38942174716242     
      6      7      6      7  -5.39006250000000     
      2      8      6      7  0.207839204675153     
      5      8      6      7 -2.349093907765232E-002
      6     10      6      7   1.68467174716242     
      2     11      6      7   1.39285030754161     
      5     11      6      7  -2.35217897565215     
      1     12      6      7  -5.07303750000000     
      4     12      6      7   2.38942174716242     
      2      7      1      8  -2.79675000000000     
      5      7      1      8  0.119996020767357     
      1      8      1      8  -4.07985000000000     
      4      8      1      8 -0.119996020767357     
      6      9      1      8   2.77892563203613     
      2     10      1      8 -0.119996020767357     
      5     10      1      8  -1.73382448812708     
      1     11      1      8  0.119996020767357     
      4     11      1      8  0.688723344218032     
      3     12      1      8  0.356377799691016     
      6      7      2      8  0.207839204675153     
      2      8      2      8  -6.87660000000000     
      5      8      2      8 -0.119996020767357     
      6     10      2      8   1.81016828029882     
      2     11      2      8 -0.119996020767357     
      5     11      2      8  -2.09020228781810     
      1     12      2      8  0.207839204675153     
      4     12      2      8   1.81016828029882     
      1      7      3      8 -0.207839204675153     
      4      7      3      8 -2.349093907765232E-002
      3      8      3      8  -5.39006250000000     
      2      9      3      8  -5.07303750000000     
      5      9      3      8  -2.38942174716242     
      1     10      3      8   1.39285030754161     
      4     10      3      8   2.35217897565215     
      3     11      3      8  -1.68467174716242     
      2      7      4      8 -0.119996020767357     
      5      7      4      8 -2.712499999999851E-002
      1      8      4      8 -0.119996020767357     
      4      8      4      8  -5.40362500000000     
      6      9      4      8  -2.38942174716242     
      2     10      4      8  -4.26887500000000     
      5     10      4      8  0.326640582387474     
      1     11      4      8   1.60832500000000     
      4     11      4      8   1.03139058238747     
      3     12      4      8  -1.68467174716242     
      6      7      5      8 -2.349093907765187E-002
      2      8      5      8 -0.119996020767357     
      5      8      5      8  -5.41718750000000     
      6     10      5      8  -1.78642089114316     
      2     11      5      8  -3.46471250000000     
      5     11      5      8   1.35803116477495     
      1     12      5      8   1.39285030754161     
      4     12      5      8 -0.565758084508992     
      6      8      6      8  -5.43075000000000     
      6     11      6      8 -0.704750000000000     
      2     12      6      8  -2.66055000000000     
      5     12      6      8  0.704750000000000     
      7      8      7      8  -1.28310000000000     
      8     10      7      8  0.000000000000000E+000
      7     11      7      8  0.000000000000000E+000
     10     11      7      8   2.42254783234511     
      9     12      7      8  -2.42254783234511     
      3      7      1      9  -2.66055000000000     
      1      9      1      9  -5.43075000000000     
      4      9      1      9  0.704750000000000     
      3     10      1      9 -0.704750000000000     
      1      7      2      9 -0.207839204675153     
      4      7      2      9   1.39285030754161     
      3      8      2      9  -5.07303750000000     
      2      9      2      9  -5.39006250000000     
      5      9      2      9  -1.68467174716242     
      1     10      2      9 -2.349093907765232E-002
      4     10      2      9   2.35217897565215     
      3     11      2      9  -2.38942174716242     
      3      9      3      9  -8.09130000000000     
      3      7      4      9 -0.704750000000000     
      1      9      4      9  0.704750000000000     
      4      9      4      9  -4.93240000000000     
      3     10      4      9  -3.15890000000000     
      1      7      5      9   1.81016828029882     
      4      7      5      9  0.565758084508992     
      3      8      5      9  -2.38942174716242     
      2      9      5      9  -1.68467174716242     
      5      9      5      9  -4.67788000000000     
      1     10      5      9   1.78642089114316     
      4     10      5      9 -0.293894381028283     
      3     11      5      9  -2.90438000000000     
      2      7      6      9  0.356377799691016     
      5      7      6      9   1.68467174716242     
      1      8      6      9   2.77892563203613     
      4      8      6      9  -2.38942174716242     
      6      9      6      9  -5.03364500000000     
      2     10      6      9  -1.68467174716242     
      5     10      6      9  0.355765000000002     
      1     11      6      9   2.38942174716242     
      4     11      6      9 -0.610284999999999     
      3     12      6      9  -2.29409500000000     
      7      9      7      9  -2.77020000000000     
      9     10      7      9  -1.40950000000000     
      8      9      8      9 -0.317025000000000     
      7     10      8      9  -1.41634124661926     
      9     11      8      9 -0.704750000000000     
      1      7      1     10  0.119996020767357     
      4      7      1     10  -3.46471250000000     
      3      8      1     10   1.39285030754161     
      2      9      1     10 -2.349093907765187E-002
      5      9      1     10   1.78642089114316     
      1     10      1     10  -5.41718750000000     
      4     10      1     10  -1.35803116477495     
      3     11      1     10  0.565758084508992     
      2      7      2     10 -0.119996020767357     
      5      7      2     10   1.60832500000000     
      1      8      2     10 -0.119996020767357     
      4      8      2     10  -4.26887500000000     
      6      9      2     10  -1.68467174716242     
      2     10      2     10  -5.40362500000000     
      5     10      2     10   1.03139058238747     
      1     11      2     10 -2.712499999999851E-002
      4     11      2     10  0.326640582387474     
      3     12      2     10  -2.38942174716242     
      3      7      3     10  0.704750000000000     
      1      9      3     10 -0.704750000000000     
      4      9      3     10  -3.15890000000000     
      3     10      3     10  -4.93240000000000     
      1      7      4     10  -2.09020228781810     
      4      7      4     10  -1.35803116477495     
      3      8      4     10   2.35217897565215     
      2      9      4     10   2.35217897565215     
      5      9      4     10 -0.293894381028284     
      1     10      4     10  -1.35803116477495     
      4     10      4     10  -7.75194000000000     
      3     11      4     10 -0.293894381028284     
      2      7      5     10  0.688723344218032     
      5      7      5     10  -1.03139058238747     
      1      8      5     10  -1.73382448812708     
      4      8      5     10  0.326640582387474     
      6      9      5     10  0.355765000000002     
      2     10      5     10   1.03139058238747     
      5     10      5     10  -5.37300500000000     
      1     11      5     10 -0.326640582387474     
      4     11      5     10  -2.63345500000000     
      3     12      5     10 -0.610284999999999     
      6      7      6     10   1.68467174716242     
      2      8      6     10   1.81016828029882     
      5      8      6     10  -1.78642089114316     
      6     10      6     10  -4.67788000000000     
      2     11      6     10 -0.565758084508992     
      5     11      6     10 -0.293894381028283     
      1     12      6     10   2.38942174716242     
      4     12      6     10  -2.90438000000000     
      8      9      7     10  -1.41634124661926     
      7     10      7     10  -1.95247500000000     
      9     11      7     10  -1.22066280663417     
      7      8      8     10  0.000000000000000E+000
      8     10      8     10  -1.13475000000000     
      7     11      8     10  -1.63545000000000     
     10     11      8     10 -0.704750000000000     
      9     12      8     10 -0.704750000000000     
      7      9      9     10  -1.40950000000000     
      9     10      9     10  -1.77350000000000     
      2      7      1     11  0.119996020767357     
      5      7      1     11  -4.26887500000000     
      1      8      1     11  0.119996020767357     
      4      8      1     11   1.60832500000000     
      6      9      1     11   2.38942174716242     
      2     10      1     11 -2.712499999999851E-002
      5     10      1     11 -0.326640582387474     
      1     11      1     11  -5.40362500000000     
      4     11      1     11  -1.03139058238747     
      3     12      1     11   1.68467174716242     
      6      7      2     11   1.39285030754161     
      2      8      2     11 -0.119996020767357     
      5      8      2     11  -3.46471250000000     
      6     10      2     11 -0.565758084508992     
      2     11      2     11  -5.41718750000000     
      5     11      2     11   1.35803116477495     
      1     12      2     11 -2.349093907765187E-002
      4     12      2     11  -1.78642089114316     
      1      7      3     11   1.81016828029882     
      4      7      3     11   1.78642089114316     
      3      8      3     11  -1.68467174716242     
      2      9      3     11  -2.38942174716242     
      5      9      3     11  -2.90438000000000     
      1     10      3     11  0.565758084508992     
      4     10      3     11 -0.293894381028283     
      3     11      3     11  -4.67788000000000     
      2      7      4     11  -1.73382448812708     
      5      7      4     11 -0.326640582387474     
      1      8      4     11  0.688723344218032     
      4      8      4     11   1.03139058238747     
      6      9      4     11 -0.610284999999999     
      2     10      4     11  0.326640582387474     
      5     10      4     11  -2.63345500000000     
      1     11      4     11  -1.03139058238747     
      4     11      4     11  -5.37300500000000     
      3     12      4     11  0.355765000000002     
      6      7      5     11  -2.35217897565215     
      2      8      5     11  -2.09020228781810     
      5      8      5     11   1.35803116477495     
      6     10      5     11 -0.293894381028284     
      2     11      5     11   1.35803116477495     
      5     11      5     11  -7.75194000000000     
      1     12      5     11  -2.35217897565215     
      4     12      5     11 -0.293894381028284     
      6      8      6     11 -0.704750000000000     
      6     11      6     11  -4.93240000000000     
      2     12      6     11  0.704750000000000     
      5     12      6     11  -3.15890000000000     
      7      8      7     11  0.000000000000000E+000
      8     10      7     11  -1.63545000000000     
      7     11      7     11  -1.13475000000000     
     10     11      7     11 -0.704750000000000     
      9     12      7     11 -0.704750000000000     
      8     11      8     11  -1.95247500000000     
      7     12      8     11  -1.41634124661926     
     10     12      8     11  -1.22066280663417     
      8      9      9     11 -0.704750000000000     
      7     10      9     11  -1.22066280663417     
      9     11      9     11  -1.77350000000000     
      7      8     10     11   2.42254783234511     
      8     10     10     11 -0.704750000000000     
      7     11     10     11 -0.704750000000000     
     10     11     10     11  -2.73955000000000     
      9     12     10     11  0.966050000000000     
      6      7      1     12  -5.07303750000000     
      2      8      1     12  0.207839204675153     
      5      8      1     12   1.39285030754161     
      6     10      1     12   2.38942174716242     
      2     11      1     12 -2.349093907765232E-002
      5     11      1     12  -2.35217897565215     
      1     12      1     12  -5.39006250000000     
      4     12      1     12   1.68467174716242     
      6      8      2     12  -2.66055000000000     
      6     11      2     12  0.704750000000000     
      2     12      2     12  -5.43075000000000     
      5     12      2     12 -0.704750000000000     
      2      7      3     12   2.77892563203613     
      5      7      3     12   2.38942174716242     
      1      8      3     12  0.356377799691016     
      4      8      3     12  -1.68467174716242     
      6      9      3     12  -2.29409500000000     
      2     10      3     12  -2.38942174716242     
      5     10      3     12 -0.610284999999999     
      1     11      3     12   1.68467174716242     
      4     11      3     12  0.355765000000002     
      3     12      3     12  -5.03364500000000     
      6      7      4     12   2.38942174716242     
      2      8      4     12   1.81016828029882     
      5      8      4     12 -0.565758084508992     
      6     10      4     12  -2.90438000000000     
      2     11      4     12  -1.78642089114316     
      5     11      4     12 -0.293894381028283     
      1     12      4     12   1.68467174716242     
      4     12      4     12  -4.67788000000000     
      6      8      5     12  0.704750000000000     
      6     11      5     12  -3.15890000000000     
      2     12      5     12 -0.704750000000000     
      5     12      5     12  -4.93240000000000     
      6     12      6     12  -8.09130000000000     
      8     11      7     12  -1.41634124661926     
      7     12      7     12 -0.317025000000000     
     10     12      7     12 -0.704750000000000     
      8     12      8     12  -2.77020000000000     
     11     12      8     12  -1.40950000000000     
      7      8      9     12  -2.42254783234511     
      8     10      9     12 -0.704750000000000     
      7     11      9     12 -0.704750000000000     
     10     11      9     12  0.966050000000000     
      9     12      9     12  -2.73955000000000     
      8     11     10     12  -1.22066280663417     
      7     12     10     12 -0.704750000000000     
     10     12     10     12  -1.77350000000000     
      8     12     11     12  -1.40950000000000     
     11     12     11     12  -1.77350000000000     
