 ! Total Interaction
  20
   1   1   1   1     1     0  -6.8766
   1   2   1   1     1     0  -0.3394
   2   2   1   1     1     0   3.3049
   1   1   1   2     1     0  -0.3394
   1   2   1   2     1     0 -11.2537
   2   2   1   2     1     0  -6.0733
   1   1   2   2     1     0   3.3049
   1   2   2   2     1     0  -6.0733
   2   2   2   2     1     0  -7.2429
   1   2   1   2     2     0  -8.0913
   2   2   2   2     3     0  -8.0913
   1   1   1   1     0     1  -1.2831
   2   2   1   1     0     1  -3.4260
   1   1   2   2     0     1  -3.4260
   2   2   2   2     0     1  -3.7056
   1   2   1   2     1     1   0.5007
   1   2   1   2     2     1  -2.7702
   2   2   1   2     2     1   1.4095
   1   2   2   2     2     1   1.4095
   2   2   2   2     2     1  -1.7735
