      1      1      1      1           2           0   4.84411309606826     
      1      1      1      1           0           0  -10.9564500000000     
      1      1      1      2           2           0 -0.415678409350305     
      1      1      2      1           2           0 -0.415678409350305     
      1      1      2      2           4           0  -6.21386661764935     
      1      1      2      2           2           0   2.42743273605327     
      1      2      1      1           2           0  0.415678409350305     
      1      2      1      2           2           0  7.428487186164068E-002
      1      2      1      2           0           0  -15.3029397933963     
      1      2      2      1           4           0   11.3436567024056     
      1      2      2      1           2           0  -3.21535746853577     
      1      2      2      2           4           0   7.55601501177222     
      1      2      2      2           2           0   1.78908415170244     
      2      1      1      1           2           0  0.415678409350305     
      2      1      1      2           4           0   11.3436567024056     
      2      1      1      2           2           0  -3.21535746853577     
      2      1      2      1           2           0  7.428487186164068E-002
      2      1      2      1           0           0  -15.3029397933963     
      2      1      2      2           4           0   7.55601501177222     
      2      1      2      2           2           0   1.78908415170244     
      2      2      1      1           4           0  -6.21386661764935     
      2      2      1      1           2           0   2.42743273605327     
      2      2      1      2           4           0  -7.55601501177222     
      2      2      1      2           2           0  -1.78908415170244     
      2      2      2      1           4           0  -7.55601501177222     
      2      2      2      1           2           0  -1.78908415170244     
      2      2      2      2           6           0   6.06960485395672     
      2      2      2      2           4           0  -7.85902985813930     
      2      2      2      2           2           0   5.44296100253116     
      2      2      2      2           0           0  -22.7352250000000     
      1      1      1      1           2           0   4.84411309606826     
      1      1      1      1           0           0  -10.9564500000000     
      1      1      1      2           2           0 -0.415678409350305     
      1      1      2      1           2           0 -0.415678409350305     
      1      1      2      2           4           0  -6.21386661764935     
      1      1      2      2           2           0   2.42743273605327     
      1      2      1      1           2           0  0.415678409350305     
      1      2      1      2           2           0  7.428487186164068E-002
      1      2      1      2           0           0  -15.3029397933963     
      1      2      2      1           4           0   11.3436567024056     
      1      2      2      1           2           0  -3.21535746853577     
      1      2      2      2           4           0   7.55601501177222     
      1      2      2      2           2           0   1.78908415170244     
      2      1      1      1           2           0  0.415678409350305     
      2      1      1      2           4           0   11.3436567024056     
      2      1      1      2           2           0  -3.21535746853577     
      2      1      2      1           2           0  7.428487186164068E-002
      2      1      2      1           0           0  -15.3029397933963     
      2      1      2      2           4           0   7.55601501177222     
      2      1      2      2           2           0   1.78908415170244     
      2      2      1      1           4           0  -6.21386661764935     
      2      2      1      1           2           0   2.42743273605327     
      2      2      1      2           4           0  -7.55601501177222     
      2      2      1      2           2           0  -1.78908415170244     
      2      2      2      1           4           0  -7.55601501177222     
      2      2      2      1           2           0  -1.78908415170244     
      2      2      2      2           6           0   6.06960485395672     
      2      2      2      2           4           0  -7.85902985813930     
      2      2      2      2           2           0   5.44296100253116     
      2      2      2      2           0           0  -22.7352250000000     
          60           6
   1   1   3   3   0   0   0   0-10.9565   1   1
   1   1   3   3   2   0   0   0  4.8441   1   1
   1   1   3   4   2   0   0   0 -0.4157   1   1
   1   1   4   3   2   0   0   0  0.4157   1   1
   1   1   4   4   0   0   0   0-15.3029   1   1
   1   1   4   4   2   0   0   0  0.0743   1   1
   1   2   3   3   2   0   0   0 -0.4157   1   1
   1   2   3   4   2   0   0   0  2.4274   1   1
   1   2   3   4   4   0   0   0 -6.2139   1   1
   1   2   4   3   2   0   0   0 -3.2154   1   1
   1   2   4   3   4   0   0   0 11.3437   1   1
   1   2   4   4   2   0   0   0  1.7891   1   1
   1   2   4   4   4   0   0   0  7.5560   1   1
   2   1   3   3   2   0   0   0  0.4157   1   1
   2   1   3   4   2   0   0   0 -3.2154   1   1
   2   1   3   4   4   0   0   0 11.3437   1   1
   2   1   4   3   2   0   0   0  2.4274   1   1
   2   1   4   3   4   0   0   0 -6.2139   1   1
   2   1   4   4   2   0   0   0 -1.7891   1   1
   2   1   4   4   4   0   0   0 -7.5560   1   1
   2   2   3   3   0   0   0   0-15.3029   1   1
   2   2   3   3   2   0   0   0  0.0743   1   1
   2   2   3   4   2   0   0   0  1.7891   1   1
   2   2   3   4   4   0   0   0  7.5560   1   1
   2   2   4   3   2   0   0   0 -1.7891   1   1
   2   2   4   3   4   0   0   0 -7.5560   1   1
   2   2   4   4   0   0   0   0-22.7352   1   1
   2   2   4   4   2   0   0   0  5.4430   1   1
   2   2   4   4   4   0   0   0 -7.8590   1   1
   2   2   4   4   6   0   0   0  6.0696   1   1
   3   3   1   1   0   0   0   0-10.9565   1   1
   3   3   1   1   2   0   0   0  4.8441   1   1
   3   3   1   2   2   0   0   0 -0.4157   1   1
   3   3   2   1   2   0   0   0  0.4157   1   1
   3   3   2   2   0   0   0   0-15.3029   1   1
   3   3   2   2   2   0   0   0  0.0743   1   1
   3   4   1   1   2   0   0   0 -0.4157   1   1
   3   4   1   2   2   0   0   0  2.4274   1   1
   3   4   1   2   4   0   0   0 -6.2139   1   1
   3   4   2   1   2   0   0   0 -3.2154   1   1
   3   4   2   1   4   0   0   0 11.3437   1   1
   3   4   2   2   2   0   0   0  1.7891   1   1
   3   4   2   2   4   0   0   0  7.5560   1   1
   4   3   1   1   2   0   0   0  0.4157   1   1
   4   3   1   2   2   0   0   0 -3.2154   1   1
   4   3   1   2   4   0   0   0 11.3437   1   1
   4   3   2   1   2   0   0   0  2.4274   1   1
   4   3   2   1   4   0   0   0 -6.2139   1   1
   4   3   2   2   2   0   0   0 -1.7891   1   1
   4   3   2   2   4   0   0   0 -7.5560   1   1
   4   4   1   1   0   0   0   0-15.3029   1   1
   4   4   1   1   2   0   0   0  0.0743   1   1
   4   4   1   2   2   0   0   0  1.7891   1   1
   4   4   1   2   4   0   0   0  7.5560   1   1
   4   4   2   1   2   0   0   0 -1.7891   1   1
   4   4   2   1   4   0   0   0 -7.5560   1   1
   4   4   2   2   0   0   0   0-22.7352   1   1
   4   4   2   2   2   0   0   0  5.4430   1   1
   4   4   2   2   4   0   0   0 -7.8590   1   1
   4   4   2   2   6   0   0   0  6.0696   1   1
