      1      1      1      1           2           0   5.00450100084913     
      1      1      1      1           0           0  -11.1910500000000     
      1      1      1      2           2           0 -0.389223920128247     
      1      1      2      1           2           0 -0.389223920128247     
      1      1      2      2           4           0  -6.23165229144243     
      1      1      2      2           2           0   2.28987071437677     
      1      2      1      1           2           0  0.389223920128247     
      1      2      1      2           2           0  0.171094833900678     
      1      2      1      2           0           0  -15.5390781029736     
      1      2      2      1           4           0   11.5063865494681     
      1      2      2      1           2           0  -3.23107582961446     
      1      2      2      2           4           0   7.50073540500896     
      1      2      2      2           2           0   1.69107660058468     
      2      1      1      1           2           0  0.389223920128247     
      2      1      1      2           4           0   11.5063865494681     
      2      1      1      2           2           0  -3.23107582961446     
      2      1      2      1           2           0  0.171094833900678     
      2      1      2      1           0           0  -15.5390781029736     
      2      1      2      2           4           0   7.50073540500896     
      2      1      2      2           2           0   1.69107660058468     
      2      2      1      1           4           0  -6.23165229144243     
      2      2      1      1           2           0   2.28987071437677     
      2      2      1      2           4           0  -7.50073540500896     
      2      2      1      2           2           0  -1.69107660058469     
      2      2      2      1           4           0  -7.50073540500896     
      2      2      2      1           2           0  -1.69107660058469     
      2      2      2      2           6           0   6.24127442777515     
      2      2      2      2           4           0  -7.95516960083190     
      2      2      2      2           2           0   5.46216078573306     
      2      2      2      2           0           0  -23.1993000000000     
      1      1      1      1           2           0   5.00450100084913     
      1      1      1      1           0           0  -11.1910500000000     
      1      1      1      2           2           0 -0.389223920128247     
      1      1      2      1           2           0 -0.389223920128247     
      1      1      2      2           4           0  -6.23165229144243     
      1      1      2      2           2           0   2.28987071437677     
      1      2      1      1           2           0  0.389223920128247     
      1      2      1      2           2           0  0.171094833900678     
      1      2      1      2           0           0  -15.5390781029736     
      1      2      2      1           4           0   11.5063865494681     
      1      2      2      1           2           0  -3.23107582961446     
      1      2      2      2           4           0   7.50073540500896     
      1      2      2      2           2           0   1.69107660058468     
      2      1      1      1           2           0  0.389223920128247     
      2      1      1      2           4           0   11.5063865494681     
      2      1      1      2           2           0  -3.23107582961446     
      2      1      2      1           2           0  0.171094833900678     
      2      1      2      1           0           0  -15.5390781029736     
      2      1      2      2           4           0   7.50073540500896     
      2      1      2      2           2           0   1.69107660058468     
      2      2      1      1           4           0  -6.23165229144243     
      2      2      1      1           2           0   2.28987071437677     
      2      2      1      2           4           0  -7.50073540500896     
      2      2      1      2           2           0  -1.69107660058469     
      2      2      2      1           4           0  -7.50073540500896     
      2      2      2      1           2           0  -1.69107660058469     
      2      2      2      2           6           0   6.24127442777515     
      2      2      2      2           4           0  -7.95516960083190     
      2      2      2      2           2           0   5.46216078573306     
      2      2      2      2           0           0  -23.1993000000000     
          60           6
   1   1   3   3   0   0   0   0-11.1911   1   1
   1   1   3   3   2   0   0   0  5.0045   1   1
   1   1   3   4   2   0   0   0 -0.3892   1   1
   1   1   4   3   2   0   0   0  0.3892   1   1
   1   1   4   4   0   0   0   0-15.5391   1   1
   1   1   4   4   2   0   0   0  0.1711   1   1
   1   2   3   3   2   0   0   0 -0.3892   1   1
   1   2   3   4   2   0   0   0  2.2899   1   1
   1   2   3   4   4   0   0   0 -6.2317   1   1
   1   2   4   3   2   0   0   0 -3.2311   1   1
   1   2   4   3   4   0   0   0 11.5064   1   1
   1   2   4   4   2   0   0   0  1.6911   1   1
   1   2   4   4   4   0   0   0  7.5007   1   1
   2   1   3   3   2   0   0   0  0.3892   1   1
   2   1   3   4   2   0   0   0 -3.2311   1   1
   2   1   3   4   4   0   0   0 11.5064   1   1
   2   1   4   3   2   0   0   0  2.2899   1   1
   2   1   4   3   4   0   0   0 -6.2317   1   1
   2   1   4   4   2   0   0   0 -1.6911   1   1
   2   1   4   4   4   0   0   0 -7.5007   1   1
   2   2   3   3   0   0   0   0-15.5391   1   1
   2   2   3   3   2   0   0   0  0.1711   1   1
   2   2   3   4   2   0   0   0  1.6911   1   1
   2   2   3   4   4   0   0   0  7.5007   1   1
   2   2   4   3   2   0   0   0 -1.6911   1   1
   2   2   4   3   4   0   0   0 -7.5007   1   1
   2   2   4   4   0   0   0   0-23.1993   1   1
   2   2   4   4   2   0   0   0  5.4622   1   1
   2   2   4   4   4   0   0   0 -7.9552   1   1
   2   2   4   4   6   0   0   0  6.2413   1   1
   3   3   1   1   0   0   0   0-11.1911   1   1
   3   3   1   1   2   0   0   0  5.0045   1   1
   3   3   1   2   2   0   0   0 -0.3892   1   1
   3   3   2   1   2   0   0   0  0.3892   1   1
   3   3   2   2   0   0   0   0-15.5391   1   1
   3   3   2   2   2   0   0   0  0.1711   1   1
   3   4   1   1   2   0   0   0 -0.3892   1   1
   3   4   1   2   2   0   0   0  2.2899   1   1
   3   4   1   2   4   0   0   0 -6.2317   1   1
   3   4   2   1   2   0   0   0 -3.2311   1   1
   3   4   2   1   4   0   0   0 11.5064   1   1
   3   4   2   2   2   0   0   0  1.6911   1   1
   3   4   2   2   4   0   0   0  7.5007   1   1
   4   3   1   1   2   0   0   0  0.3892   1   1
   4   3   1   2   2   0   0   0 -3.2311   1   1
   4   3   1   2   4   0   0   0 11.5064   1   1
   4   3   2   1   2   0   0   0  2.2899   1   1
   4   3   2   1   4   0   0   0 -6.2317   1   1
   4   3   2   2   2   0   0   0 -1.6911   1   1
   4   3   2   2   4   0   0   0 -7.5007   1   1
   4   4   1   1   0   0   0   0-15.5391   1   1
   4   4   1   1   2   0   0   0  0.1711   1   1
   4   4   1   2   2   0   0   0  1.6911   1   1
   4   4   1   2   4   0   0   0  7.5007   1   1
   4   4   2   1   2   0   0   0 -1.6911   1   1
   4   4   2   1   4   0   0   0 -7.5007   1   1
   4   4   2   2   0   0   0   0-23.1993   1   1
   4   4   2   2   2   0   0   0  5.4622   1   1
   4   4   2   2   4   0   0   0 -7.9552   1   1
   4   4   2   2   6   0   0   0  6.2413   1   1
