 ! Total Interaction
  20
   1   1   1   1     1     0  -7.0402
   1   2   1   1     1     0  -0.3178
   2   2   1   1     1     0   3.2484
   1   1   1   2     1     0  -0.3178
   1   2   1   2     1     0 -11.3817
   2   2   1   2     1     0  -5.9942
   1   1   2   2     1     0   3.2484
   1   2   2   2     1     0  -5.9942
   2   2   2   2     1     0  -7.4317
   1   2   1   2     2     0  -8.2263
   2   2   2   2     3     0  -8.2263
   1   1   1   1     0     1  -1.2615
   2   2   1   1     0     1  -3.5243
   1   1   2   2     0     1  -3.5243
   2   2   2   2     0     1  -3.7535
   1   2   1   2     1     1   0.5501
   1   2   1   2     2     1  -2.8552
   2   2   1   2     2     1   1.4457
   1   2   2   2     2     1   1.4457
   2   2   2   2     2     1  -1.8329
