      1      2      1      2  -1.26150000000000     
      2      4      1      2  0.000000000000000E+000
      1      5      1      2  0.000000000000000E+000
      4      5      1      2   2.49205642893575     
      3      6      1      2  -2.49205642893575     
      1      3      1      3  -2.85520000000000     
      3      4      1      3  -1.44570000000000     
      2      3      2      3 -0.301225000000000     
      1      4      2      3  -1.47453815375358     
      3      5      2      3 -0.722850000000000     
      2      3      1      4  -1.47453815375358     
      1      4      1      4  -2.00387500000000     
      3      5      1      4  -1.25201292625116     
      1      2      2      4  0.000000000000000E+000
      2      4      2      4  -1.15255000000000     
      1      5      2      4  -1.70265000000000     
      4      5      2      4 -0.722850000000000     
      3      6      2      4 -0.722850000000000     
      1      3      3      4  -1.44570000000000     
      3      4      3      4  -1.83290000000000     
      1      2      1      5  0.000000000000000E+000
      2      4      1      5  -1.70265000000000     
      1      5      1      5  -1.15255000000000     
      4      5      1      5 -0.722850000000000     
      3      6      1      5 -0.722850000000000     
      2      5      2      5  -2.00387500000000     
      1      6      2      5  -1.47453815375358     
      4      6      2      5  -1.25201292625116     
      2      3      3      5 -0.722850000000000     
      1      4      3      5  -1.25201292625116     
      3      5      3      5  -1.83290000000000     
      1      2      4      5   2.49205642893575     
      2      4      4      5 -0.722850000000000     
      1      5      4      5 -0.722850000000000     
      4      5      4      5  -2.79320000000000     
      3      6      4      5  0.960300000000000     
      2      5      1      6  -1.47453815375358     
      1      6      1      6 -0.301225000000000     
      4      6      1      6 -0.722850000000000     
      2      6      2      6  -2.85520000000000     
      5      6      2      6  -1.44570000000000     
      1      2      3      6  -2.49205642893575     
      2      4      3      6 -0.722850000000000     
      1      5      3      6 -0.722850000000000     
      4      5      3      6  0.960300000000000     
      3      6      3      6  -2.79320000000000     
      2      5      4      6  -1.25201292625116     
      1      6      4      6 -0.722850000000000     
      4      6      4      6  -1.83290000000000     
      2      6      5      6  -1.44570000000000     
      5      6      5      6  -1.83290000000000     
      1      7      1      7  -7.04020000000000     
      4      7      1      7  0.112359267530542     
      3      8      1      7 -0.194611960064124     
      2      9      1      7 -0.194611960064124     
      5      9      1      7   1.77922195579978     
      1     10      1      7  0.112359267530542     
      4     10      1      7  -2.05446855025819     
      3     11      1      7   1.77922195579978     
      2      7      2      7  -4.15085000000000     
      5      7      2      7  0.112359267530542     
      1      8      2      7  -2.88935000000000     
      4      8      2      7 -0.112359267530542     
      6      9      2      7  0.294823198225770     
      2     10      2      7 -0.112359267530542     
      5     10      2      7  0.732411076903326     
      1     11      2      7  0.112359267530542     
      4     11      2      7  -1.75964535203242     
      3     12      2      7   2.78687962716152     
      3      7      3      7  -5.54075000000000     
      1      9      3      7  -2.68555000000000     
      4      9      3      7 -0.722850000000000     
      3     10      3      7  0.722850000000000     
      1      7      4      7  0.112359267530542     
      4      7      4      7  -5.50951250000000     
      3      8      4      7 -5.410493710143183E-002
      2      9      4      7   1.42043321665214     
      5      9      4      7  0.534765375566244     
      1     10      4      7  -3.50563750000000     
      4     10      4      7  -1.34034386707293     
      3     11      4      7   1.78677830181741     
      2      7      5      7  0.112359267530542     
      5      7      5      7  -5.47827500000000     
      1      8      5      7  0.112359267530542     
      4      8      5      7 -6.247499999999884E-002
      6      9      5      7   1.64909080060939     
      2     10      5      7   1.64017500000000     
      5     10      5      7  -1.03159693353646     
      1     11      5      7  -4.32572500000000     
      4     11      5      7 -0.308746933536462     
      3     12      5      7   2.37194080060939     
      6      7      6      7  -5.44703750000000     
      2      8      6      7  0.194611960064124     
      5      8      6      7 -5.410493710143227E-002
      6     10      6      7   1.64909080060939     
      2     11      6      7   1.42043321665214     
      5     11      6      7  -2.32154367738365     
      1     12      6      7  -5.14581250000000     
      4     12      6      7   2.37194080060939     
      2      7      1      8  -2.88935000000000     
      5      7      1      8  0.112359267530542     
      1      8      1      8  -4.15085000000000     
      4      8      1      8 -0.112359267530542     
      6      9      1      8   2.78687962716152     
      2     10      1      8 -0.112359267530542     
      5     10      1      8  -1.75964535203242     
      1     11      1      8  0.112359267530542     
      4     11      1      8  0.732411076903326     
      3     12      1      8  0.294823198225770     
      6      7      2      8  0.194611960064124     
      2      8      2      8  -7.04020000000000     
      5      8      2      8 -0.112359267530542     
      6     10      2      8   1.77922195579978     
      2     11      2      8 -0.112359267530542     
      5     11      2      8  -2.05446855025819     
      1     12      2      8  0.194611960064124     
      4     12      2      8   1.77922195579978     
      1      7      3      8 -0.194611960064124     
      4      7      3      8 -5.410493710143227E-002
      3      8      3      8  -5.44703750000000     
      2      9      3      8  -5.14581250000000     
      5      9      3      8  -2.37194080060939     
      1     10      3      8   1.42043321665214     
      4     10      3      8   2.32154367738365     
      3     11      3      8  -1.64909080060939     
      2      7      4      8 -0.112359267530542     
      5      7      4      8 -6.247499999999884E-002
      1      8      4      8 -0.112359267530542     
      4      8      4      8  -5.47827500000000     
      6      9      4      8  -2.37194080060939     
      2     10      4      8  -4.32572500000000     
      5     10      4      8  0.308746933536462     
      1     11      4      8   1.64017500000000     
      4     11      4      8   1.03159693353646     
      3     12      4      8  -1.64909080060939     
      6      7      5      8 -5.410493710143183E-002
      2      8      5      8 -0.112359267530542     
      5      8      5      8  -5.50951250000000     
      6     10      5      8  -1.78677830181741     
      2     11      5      8  -3.50563750000000     
      5     11      5      8   1.34034386707293     
      1     12      5      8   1.42043321665214     
      4     12      5      8 -0.534765375566244     
      6      8      6      8  -5.54075000000000     
      6     11      6      8 -0.722850000000000     
      2     12      6      8  -2.68555000000000     
      5     12      6      8  0.722850000000000     
      7      8      7      8  -1.26150000000000     
      8     10      7      8  0.000000000000000E+000
      7     11      7      8  0.000000000000000E+000
     10     11      7      8   2.49205642893575     
      9     12      7      8  -2.49205642893575     
      3      7      1      9  -2.68555000000000     
      1      9      1      9  -5.54075000000000     
      4      9      1      9  0.722850000000000     
      3     10      1      9 -0.722850000000000     
      1      7      2      9 -0.194611960064124     
      4      7      2      9   1.42043321665214     
      3      8      2      9  -5.14581250000000     
      2      9      2      9  -5.44703750000000     
      5      9      2      9  -1.64909080060939     
      1     10      2      9 -5.410493710143227E-002
      4     10      2      9   2.32154367738365     
      3     11      2      9  -2.37194080060939     
      3      9      3      9  -8.22630000000000     
      3      7      4      9 -0.722850000000000     
      1      9      4      9  0.722850000000000     
      4      9      4      9  -5.02960000000000     
      3     10      4      9  -3.19670000000000     
      1      7      5      9   1.77922195579978     
      4      7      5      9  0.534765375566244     
      3      8      5      9  -2.37194080060939     
      2      9      5      9  -1.64909080060939     
      5      9      5      9  -4.79122000000000     
      1     10      5      9   1.78677830181741     
      4     10      5      9 -0.275257514338841     
      3     11      5      9  -2.95832000000000     
      2      7      6      9  0.294823198225770     
      5      7      6      9   1.64909080060939     
      1      8      6      9   2.78687962716152     
      4      8      6      9  -2.37194080060939     
      6      9      6      9  -5.15218000000000     
      2     10      6      9  -1.64909080060939     
      5     10      6      9  0.360960000000002     
      1     11      6      9   2.37194080060939     
      4     11      6      9 -0.599339999999998     
      3     12      6      9  -2.35898000000000     
      7      9      7      9  -2.85520000000000     
      9     10      7      9  -1.44570000000000     
      8      9      8      9 -0.301225000000000     
      7     10      8      9  -1.47453815375358     
      9     11      8      9 -0.722850000000000     
      1      7      1     10  0.112359267530542     
      4      7      1     10  -3.50563750000000     
      3      8      1     10   1.42043321665214     
      2      9      1     10 -5.410493710143183E-002
      5      9      1     10   1.78677830181741     
      1     10      1     10  -5.50951250000000     
      4     10      1     10  -1.34034386707293     
      3     11      1     10  0.534765375566244     
      2      7      2     10 -0.112359267530542     
      5      7      2     10   1.64017500000000     
      1      8      2     10 -0.112359267530542     
      4      8      2     10  -4.32572500000000     
      6      9      2     10  -1.64909080060939     
      2     10      2     10  -5.47827500000000     
      5     10      2     10   1.03159693353646     
      1     11      2     10 -6.247499999999884E-002
      4     11      2     10  0.308746933536462     
      3     12      2     10  -2.37194080060939     
      3      7      3     10  0.722850000000000     
      1      9      3     10 -0.722850000000000     
      4      9      3     10  -3.19670000000000     
      3     10      3     10  -5.02960000000000     
      1      7      4     10  -2.05446855025819     
      4      7      4     10  -1.34034386707293     
      3      8      4     10   2.32154367738365     
      2      9      4     10   2.32154367738365     
      5      9      4     10 -0.275257514338842     
      1     10      4     10  -1.34034386707293     
      4     10      4     10  -7.90846000000000     
      3     11      4     10 -0.275257514338842     
      2      7      5     10  0.732411076903326     
      5      7      5     10  -1.03159693353646     
      1      8      5     10  -1.75964535203242     
      4      8      5     10  0.308746933536462     
      6      9      5     10  0.360960000000002     
      2     10      5     10   1.03159693353646     
      5     10      5     10  -5.47002000000000     
      1     11      5     10 -0.308746933536462     
      4     11      5     10  -2.67682000000000     
      3     12      5     10 -0.599339999999998     
      6      7      6     10   1.64909080060939     
      2      8      6     10   1.77922195579978     
      5      8      6     10  -1.78677830181741     
      6     10      6     10  -4.79122000000000     
      2     11      6     10 -0.534765375566244     
      5     11      6     10 -0.275257514338841     
      1     12      6     10   2.37194080060939     
      4     12      6     10  -2.95832000000000     
      8      9      7     10  -1.47453815375358     
      7     10      7     10  -2.00387500000000     
      9     11      7     10  -1.25201292625116     
      7      8      8     10  0.000000000000000E+000
      8     10      8     10  -1.15255000000000     
      7     11      8     10  -1.70265000000000     
     10     11      8     10 -0.722850000000000     
      9     12      8     10 -0.722850000000000     
      7      9      9     10  -1.44570000000000     
      9     10      9     10  -1.83290000000000     
      2      7      1     11  0.112359267530542     
      5      7      1     11  -4.32572500000000     
      1      8      1     11  0.112359267530542     
      4      8      1     11   1.64017500000000     
      6      9      1     11   2.37194080060939     
      2     10      1     11 -6.247499999999884E-002
      5     10      1     11 -0.308746933536462     
      1     11      1     11  -5.47827500000000     
      4     11      1     11  -1.03159693353646     
      3     12      1     11   1.64909080060939     
      6      7      2     11   1.42043321665214     
      2      8      2     11 -0.112359267530542     
      5      8      2     11  -3.50563750000000     
      6     10      2     11 -0.534765375566244     
      2     11      2     11  -5.50951250000000     
      5     11      2     11   1.34034386707293     
      1     12      2     11 -5.410493710143183E-002
      4     12      2     11  -1.78677830181741     
      1      7      3     11   1.77922195579978     
      4      7      3     11   1.78677830181741     
      3      8      3     11  -1.64909080060939     
      2      9      3     11  -2.37194080060939     
      5      9      3     11  -2.95832000000000     
      1     10      3     11  0.534765375566244     
      4     10      3     11 -0.275257514338841     
      3     11      3     11  -4.79122000000000     
      2      7      4     11  -1.75964535203242     
      5      7      4     11 -0.308746933536462     
      1      8      4     11  0.732411076903326     
      4      8      4     11   1.03159693353646     
      6      9      4     11 -0.599339999999998     
      2     10      4     11  0.308746933536462     
      5     10      4     11  -2.67682000000000     
      1     11      4     11  -1.03159693353646     
      4     11      4     11  -5.47002000000000     
      3     12      4     11  0.360960000000002     
      6      7      5     11  -2.32154367738365     
      2      8      5     11  -2.05446855025819     
      5      8      5     11   1.34034386707293     
      6     10      5     11 -0.275257514338842     
      2     11      5     11   1.34034386707293     
      5     11      5     11  -7.90846000000000     
      1     12      5     11  -2.32154367738365     
      4     12      5     11 -0.275257514338842     
      6      8      6     11 -0.722850000000000     
      6     11      6     11  -5.02960000000000     
      2     12      6     11  0.722850000000000     
      5     12      6     11  -3.19670000000000     
      7      8      7     11  0.000000000000000E+000
      8     10      7     11  -1.70265000000000     
      7     11      7     11  -1.15255000000000     
     10     11      7     11 -0.722850000000000     
      9     12      7     11 -0.722850000000000     
      8     11      8     11  -2.00387500000000     
      7     12      8     11  -1.47453815375358     
     10     12      8     11  -1.25201292625116     
      8      9      9     11 -0.722850000000000     
      7     10      9     11  -1.25201292625116     
      9     11      9     11  -1.83290000000000     
      7      8     10     11   2.49205642893575     
      8     10     10     11 -0.722850000000000     
      7     11     10     11 -0.722850000000000     
     10     11     10     11  -2.79320000000000     
      9     12     10     11  0.960300000000000     
      6      7      1     12  -5.14581250000000     
      2      8      1     12  0.194611960064124     
      5      8      1     12   1.42043321665214     
      6     10      1     12   2.37194080060939     
      2     11      1     12 -5.410493710143227E-002
      5     11      1     12  -2.32154367738365     
      1     12      1     12  -5.44703750000000     
      4     12      1     12   1.64909080060939     
      6      8      2     12  -2.68555000000000     
      6     11      2     12  0.722850000000000     
      2     12      2     12  -5.54075000000000     
      5     12      2     12 -0.722850000000000     
      2      7      3     12   2.78687962716152     
      5      7      3     12   2.37194080060939     
      1      8      3     12  0.294823198225770     
      4      8      3     12  -1.64909080060939     
      6      9      3     12  -2.35898000000000     
      2     10      3     12  -2.37194080060939     
      5     10      3     12 -0.599339999999998     
      1     11      3     12   1.64909080060939     
      4     11      3     12  0.360960000000002     
      3     12      3     12  -5.15218000000000     
      6      7      4     12   2.37194080060939     
      2      8      4     12   1.77922195579978     
      5      8      4     12 -0.534765375566244     
      6     10      4     12  -2.95832000000000     
      2     11      4     12  -1.78677830181741     
      5     11      4     12 -0.275257514338841     
      1     12      4     12   1.64909080060939     
      4     12      4     12  -4.79122000000000     
      6      8      5     12  0.722850000000000     
      6     11      5     12  -3.19670000000000     
      2     12      5     12 -0.722850000000000     
      5     12      5     12  -5.02960000000000     
      6     12      6     12  -8.22630000000000     
      8     11      7     12  -1.47453815375358     
      7     12      7     12 -0.301225000000000     
     10     12      7     12 -0.722850000000000     
      8     12      8     12  -2.85520000000000     
     11     12      8     12  -1.44570000000000     
      7      8      9     12  -2.49205642893575     
      8     10      9     12 -0.722850000000000     
      7     11      9     12 -0.722850000000000     
     10     11      9     12  0.960300000000000     
      9     12      9     12  -2.79320000000000     
      8     11     10     12  -1.25201292625116     
      7     12     10     12 -0.722850000000000     
     10     12     10     12  -1.83290000000000     
      8     12     11     12  -1.44570000000000     
     11     12     11     12  -1.83290000000000     
