 ! Total Interaction
  20
   1   1   1   1     1     0  -6.9033
   1   2   1   1     1     0  -1.5337
   2   2   1   1     1     0   5.2641
   1   1   1   2     1     0  -1.5337
   1   2   1   2     1     0 -11.3924
   2   2   1   2     1     0  -8.1032
   1   1   2   2     1     0   5.2641
   1   2   2   2     1     0  -8.1032
   2   2   2   2     1     0  -5.5006
   1   2   1   2     2     0  -9.3348
   2   2   2   2     3     0  -9.3348
   1   1   1   1     0     1  -1.2646
   2   2   1   1     0     1  -3.0012
   1   1   2   2     0     1  -3.0012
   2   2   2   2     0     1  -3.3868
   1   2   1   2     1     1   0.1536
   1   2   1   2     2     1  -2.3830
   2   2   1   2     2     1   0.7981
   1   2   2   2     2     1   0.7981
   2   2   2   2     2     1  -1.8187
