      1      2      1      2  -1.26460000000000     
      2      4      1      2  0.000000000000000E+000
      1      5      1      2  0.000000000000000E+000
      4      5      1      2   2.12216887169707     
      3      6      1      2  -2.12216887169707     
      1      3      1      3  -2.38300000000000     
      3      4      1      3 -0.798100000000000     
      2      3      2      3 -0.480550000000000     
      1      4      2      3  -1.09838001961980     
      3      5      2      3 -0.399050000000000     
      2      3      1      4  -1.09838001961980     
      1      4      1      4  -1.74885000000000     
      3      5      1      4 -0.691174874760361     
      1      2      2      4  0.000000000000000E+000
      2      4      2      4  -1.11470000000000     
      1      5      2      4  -1.26830000000000     
      4      5      2      4 -0.399050000000000     
      3      6      2      4 -0.399050000000000     
      1      3      3      4 -0.798100000000000     
      3      4      3      4  -1.81870000000000     
      1      2      1      5  0.000000000000000E+000
      2      4      1      5  -1.26830000000000     
      1      5      1      5  -1.11470000000000     
      4      5      1      5 -0.399050000000000     
      3      6      1      5 -0.399050000000000     
      2      5      2      5  -1.74885000000000     
      1      6      2      5  -1.09838001961980     
      4      6      2      5 -0.691174874760361     
      2      3      3      5 -0.399050000000000     
      1      4      3      5 -0.691174874760361     
      3      5      3      5  -1.81870000000000     
      1      2      4      5   2.12216887169707     
      2      4      4      5 -0.399050000000000     
      1      5      4      5 -0.399050000000000     
      4      5      4      5  -2.60275000000000     
      3      6      4      5  0.784050000000000     
      2      5      1      6  -1.09838001961980     
      1      6      1      6 -0.480550000000000     
      4      6      1      6 -0.399050000000000     
      2      6      2      6  -2.38300000000000     
      5      6      2      6 -0.798100000000000     
      1      2      3      6  -2.12216887169707     
      2      4      3      6 -0.399050000000000     
      1      5      3      6 -0.399050000000000     
      4      5      3      6  0.784050000000000     
      3      6      3      6  -2.60275000000000     
      2      5      4      6 -0.691174874760361     
      1      6      4      6 -0.399050000000000     
      4      6      4      6  -1.81870000000000     
      2      6      5      6 -0.798100000000000     
      5      6      5      6  -1.81870000000000     
      1      7      1      7  -6.90330000000000     
      4      7      1      7  0.542244835152904     
      3      8      1      7 -0.939195604626640     
      2      9      1      7 -0.939195604626640     
      5      9      1      7   2.88326631496295     
      1     10      1      7  0.542244835152904     
      4     10      1      7  -3.32930916617847     
      3     11      1      7   2.88326631496295     
      2      7      2      7  -4.08395000000000     
      5      7      2      7  0.542244835152904     
      1      8      2      7  -2.81935000000000     
      4      8      2      7 -0.542244835152904     
      6      9      2      7   1.43589743878532     
      2     10      2      7 -0.542244835152904     
      5     10      2      7  0.228757144303915     
      1     11      2      7  0.542244835152904     
      4     11      2      7  -1.89341172739315     
      3     12      2      7   3.55806631048239     
      3      7      3      7  -5.85890000000000     
      1      9      3      7  -3.47590000000000     
      4      9      3      7 -0.399050000000000     
      3     10      3      7  0.399050000000000     
      1      7      4      7  0.542244835152904     
      4      7      4      7  -5.79902500000000     
      3      8      4      7 -0.103706542103185     
      2      9      4      7  0.994673477516619     
      5      9      4      7   1.22359049516922     
      1     10      4      7  -4.05017500000000     
      4     10      4      7  -1.81193060352763     
      3     11      4      7   1.91476536992958     
      2      7      5      7  0.542244835152904     
      5      7      5      7  -5.73915000000000     
      1      8      5      7  0.542244835152904     
      4      8      5      7 -0.119749999999999     
      6      9      5      7   2.51837090529145     
      2     10      5      7   1.14855000000000     
      5     10      5      7  -1.10549030176382     
      1     11      5      7  -4.62445000000000     
      4     11      5      7 -0.706440301763815     
      3     12      5      7   2.91742090529145     
      6      7      6      7  -5.67927500000000     
      2      8      6      7  0.939195604626640     
      5      8      6      7 -0.103706542103185     
      6     10      6      7   2.51837090529145     
      2     11      6      7  0.994673477516619     
      5     11      6      7  -3.13835586509880     
      1     12      6      7  -5.19872500000000     
      4     12      6      7   2.91742090529145     
      2      7      1      8  -2.81935000000000     
      5      7      1      8  0.542244835152904     
      1      8      1      8  -4.08395000000000     
      4      8      1      8 -0.542244835152904     
      6      9      1      8   3.55806631048239     
      2     10      1      8 -0.542244835152904     
      5     10      1      8  -1.89341172739315     
      1     11      1      8  0.542244835152904     
      4     11      1      8  0.228757144303915     
      3     12      1      8   1.43589743878532     
      6      7      2      8  0.939195604626640     
      2      8      2      8  -6.90330000000000     
      5      8      2      8 -0.542244835152904     
      6     10      2      8   2.88326631496295     
      2     11      2      8 -0.542244835152904     
      5     11      2      8  -3.32930916617847     
      1     12      2      8  0.939195604626640     
      4     12      2      8   2.88326631496295     
      1      7      3      8 -0.939195604626640     
      4      7      3      8 -0.103706542103185     
      3      8      3      8  -5.67927500000000     
      2      9      3      8  -5.19872500000000     
      5      9      3      8  -2.91742090529145     
      1     10      3      8  0.994673477516619     
      4     10      3      8   3.13835586509880     
      3     11      3      8  -2.51837090529145     
      2      7      4      8 -0.542244835152904     
      5      7      4      8 -0.119749999999999     
      1      8      4      8 -0.542244835152904     
      4      8      4      8  -5.73915000000000     
      6      9      4      8  -2.91742090529145     
      2     10      4      8  -4.62445000000000     
      5     10      4      8  0.706440301763815     
      1     11      4      8   1.14855000000000     
      4     11      4      8   1.10549030176382     
      3     12      4      8  -2.51837090529145     
      6      7      5      8 -0.103706542103185     
      2      8      5      8 -0.542244835152904     
      5      8      5      8  -5.79902500000000     
      6     10      5      8  -1.91476536992958     
      2     11      5      8  -4.05017500000000     
      5     11      5      8   1.81193060352763     
      1     12      5      8  0.994673477516619     
      4     12      5      8  -1.22359049516922     
      6      8      6      8  -5.85890000000000     
      6     11      6      8 -0.399050000000000     
      2     12      6      8  -3.47590000000000     
      5     12      6      8  0.399050000000000     
      7      8      7      8  -1.26460000000000     
      8     10      7      8  0.000000000000000E+000
      7     11      7      8  0.000000000000000E+000
     10     11      7      8   2.12216887169707     
      9     12      7      8  -2.12216887169707     
      3      7      1      9  -3.47590000000000     
      1      9      1      9  -5.85890000000000     
      4      9      1      9  0.399050000000000     
      3     10      1      9 -0.399050000000000     
      1      7      2      9 -0.939195604626640     
      4      7      2      9  0.994673477516619     
      3      8      2      9  -5.19872500000000     
      2      9      2      9  -5.67927500000000     
      5      9      2      9  -2.51837090529145     
      1     10      2      9 -0.103706542103185     
      4     10      2      9   3.13835586509880     
      3     11      2      9  -2.91742090529145     
      3      9      3      9  -9.33480000000000     
      3      7      4      9 -0.399050000000000     
      1      9      4      9  0.399050000000000     
      4      9      4      9  -5.57675000000000     
      3     10      4      9  -3.75805000000000     
      1      7      5      9   2.88326631496295     
      4      7      5      9   1.22359049516922     
      3      8      5      9  -2.91742090529145     
      2      9      5      9  -2.51837090529145     
      5      9      5      9  -4.42649000000000     
      1     10      5      9   1.91476536992958     
      4     10      5      9  -1.32820584127611     
      3     11      5      9  -2.60779000000000     
      2      7      6      9   1.43589743878532     
      5      7      6      9   2.51837090529145     
      1      8      6      9   3.55806631048239     
      4      8      6      9  -2.91742090529145     
      6      9      6      9  -4.24338500000000     
      2     10      6      9  -2.51837090529145     
      5     10      6      9 -0.183104999999998     
      1     11      6      9   2.91742090529145     
      4     11      6      9 -0.967154999999998     
      3     12      6      9  -1.64063500000000     
      7      9      7      9  -2.38300000000000     
      9     10      7      9 -0.798100000000000     
      8      9      8      9 -0.480550000000000     
      7     10      8      9  -1.09838001961980     
      9     11      8      9 -0.399050000000000     
      1      7      1     10  0.542244835152904     
      4      7      1     10  -4.05017500000000     
      3      8      1     10  0.994673477516619     
      2      9      1     10 -0.103706542103185     
      5      9      1     10   1.91476536992958     
      1     10      1     10  -5.79902500000000     
      4     10      1     10  -1.81193060352763     
      3     11      1     10   1.22359049516922     
      2      7      2     10 -0.542244835152904     
      5      7      2     10   1.14855000000000     
      1      8      2     10 -0.542244835152904     
      4      8      2     10  -4.62445000000000     
      6      9      2     10  -2.51837090529145     
      2     10      2     10  -5.73915000000000     
      5     10      2     10   1.10549030176382     
      1     11      2     10 -0.119749999999999     
      4     11      2     10  0.706440301763815     
      3     12      2     10  -2.91742090529145     
      3      7      3     10  0.399050000000000     
      1      9      3     10 -0.399050000000000     
      4      9      3     10  -3.75805000000000     
      3     10      3     10  -5.57674999999999     
      1      7      4     10  -3.32930916617847     
      4      7      4     10  -1.81193060352763     
      3      8      4     10   3.13835586509880     
      2      9      4     10   3.13835586509880     
      5      9      4     10  -1.32820584127611     
      1     10      4     10  -1.81193060352763     
      4     10      4     10  -7.80112000000000     
      3     11      4     10  -1.32820584127611     
      2      7      5     10  0.228757144303915     
      5      7      5     10  -1.10549030176382     
      1      8      5     10  -1.89341172739315     
      4      8      5     10  0.706440301763815     
      6      9      5     10 -0.183104999999998     
      2     10      5     10   1.10549030176382     
      5     10      5     10  -5.77706500000000     
      1     11      5     10 -0.706440301763815     
      4     11      5     10  -3.17431500000000     
      3     12      5     10 -0.967154999999998     
      6      7      6     10   2.51837090529145     
      2      8      6     10   2.88326631496295     
      5      8      6     10  -1.91476536992958     
      6     10      6     10  -4.42649000000000     
      2     11      6     10  -1.22359049516922     
      5     11      6     10  -1.32820584127611     
      1     12      6     10   2.91742090529145     
      4     12      6     10  -2.60779000000000     
      8      9      7     10  -1.09838001961980     
      7     10      7     10  -1.74885000000000     
      9     11      7     10 -0.691174874760361     
      7      8      8     10  0.000000000000000E+000
      8     10      8     10  -1.11470000000000     
      7     11      8     10  -1.26830000000000     
     10     11      8     10 -0.399050000000000     
      9     12      8     10 -0.399050000000000     
      7      9      9     10 -0.798100000000000     
      9     10      9     10  -1.81870000000000     
      2      7      1     11  0.542244835152904     
      5      7      1     11  -4.62445000000000     
      1      8      1     11  0.542244835152904     
      4      8      1     11   1.14855000000000     
      6      9      1     11   2.91742090529145     
      2     10      1     11 -0.119749999999999     
      5     10      1     11 -0.706440301763815     
      1     11      1     11  -5.73915000000000     
      4     11      1     11  -1.10549030176382     
      3     12      1     11   2.51837090529145     
      6      7      2     11  0.994673477516619     
      2      8      2     11 -0.542244835152904     
      5      8      2     11  -4.05017500000000     
      6     10      2     11  -1.22359049516922     
      2     11      2     11  -5.79902500000000     
      5     11      2     11   1.81193060352763     
      1     12      2     11 -0.103706542103185     
      4     12      2     11  -1.91476536992958     
      1      7      3     11   2.88326631496295     
      4      7      3     11   1.91476536992958     
      3      8      3     11  -2.51837090529145     
      2      9      3     11  -2.91742090529145     
      5      9      3     11  -2.60779000000000     
      1     10      3     11   1.22359049516922     
      4     10      3     11  -1.32820584127611     
      3     11      3     11  -4.42649000000000     
      2      7      4     11  -1.89341172739315     
      5      7      4     11 -0.706440301763815     
      1      8      4     11  0.228757144303915     
      4      8      4     11   1.10549030176382     
      6      9      4     11 -0.967154999999998     
      2     10      4     11  0.706440301763815     
      5     10      4     11  -3.17431500000000     
      1     11      4     11  -1.10549030176382     
      4     11      4     11  -5.77706500000000     
      3     12      4     11 -0.183104999999998     
      6      7      5     11  -3.13835586509880     
      2      8      5     11  -3.32930916617847     
      5      8      5     11   1.81193060352763     
      6     10      5     11  -1.32820584127611     
      2     11      5     11   1.81193060352763     
      5     11      5     11  -7.80112000000000     
      1     12      5     11  -3.13835586509880     
      4     12      5     11  -1.32820584127611     
      6      8      6     11 -0.399050000000000     
      6     11      6     11  -5.57675000000000     
      2     12      6     11  0.399050000000000     
      5     12      6     11  -3.75805000000000     
      7      8      7     11  0.000000000000000E+000
      8     10      7     11  -1.26830000000000     
      7     11      7     11  -1.11470000000000     
     10     11      7     11 -0.399050000000000     
      9     12      7     11 -0.399050000000000     
      8     11      8     11  -1.74885000000000     
      7     12      8     11  -1.09838001961980     
     10     12      8     11 -0.691174874760361     
      8      9      9     11 -0.399050000000000     
      7     10      9     11 -0.691174874760361     
      9     11      9     11  -1.81870000000000     
      7      8     10     11   2.12216887169707     
      8     10     10     11 -0.399050000000000     
      7     11     10     11 -0.399050000000000     
     10     11     10     11  -2.60275000000000     
      9     12     10     11  0.784050000000000     
      6      7      1     12  -5.19872500000000     
      2      8      1     12  0.939195604626640     
      5      8      1     12  0.994673477516619     
      6     10      1     12   2.91742090529145     
      2     11      1     12 -0.103706542103185     
      5     11      1     12  -3.13835586509880     
      1     12      1     12  -5.67927500000000     
      4     12      1     12   2.51837090529145     
      6      8      2     12  -3.47590000000000     
      6     11      2     12  0.399050000000000     
      2     12      2     12  -5.85890000000000     
      5     12      2     12 -0.399050000000000     
      2      7      3     12   3.55806631048239     
      5      7      3     12   2.91742090529145     
      1      8      3     12   1.43589743878532     
      4      8      3     12  -2.51837090529145     
      6      9      3     12  -1.64063500000000     
      2     10      3     12  -2.91742090529145     
      5     10      3     12 -0.967154999999998     
      1     11      3     12   2.51837090529145     
      4     11      3     12 -0.183104999999998     
      3     12      3     12  -4.24338500000000     
      6      7      4     12   2.91742090529145     
      2      8      4     12   2.88326631496295     
      5      8      4     12  -1.22359049516922     
      6     10      4     12  -2.60779000000000     
      2     11      4     12  -1.91476536992958     
      5     11      4     12  -1.32820584127611     
      1     12      4     12   2.51837090529145     
      4     12      4     12  -4.42649000000000     
      6      8      5     12  0.399050000000000     
      6     11      5     12  -3.75805000000000     
      2     12      5     12 -0.399050000000000     
      5     12      5     12  -5.57674999999999     
      6     12      6     12  -9.33480000000000     
      8     11      7     12  -1.09838001961980     
      7     12      7     12 -0.480550000000000     
     10     12      7     12 -0.399050000000000     
      8     12      8     12  -2.38300000000000     
     11     12      8     12 -0.798100000000000     
      7      8      9     12  -2.12216887169707     
      8     10      9     12 -0.399050000000000     
      7     11      9     12 -0.399050000000000     
     10     11      9     12  0.784050000000000     
      9     12      9     12  -2.60275000000000     
      8     11     10     12 -0.691174874760361     
      7     12     10     12 -0.399050000000000     
     10     12     10     12  -1.81870000000000     
      8     12     11     12 -0.798100000000000     
     11     12     11     12  -1.81870000000000     
