      1      1      1      1           2           0   4.88325744431931     
      1      1      1      1           0           0  -10.9872500000000     
      1      1      1      2           2           0  -1.87839120925328     
      1      1      2      1           2           0  -1.87839120925328     
      1      1      2      2           4           0  -7.95607813869049     
      1      1      2      2           2           0   5.37031363339714     
      1      2      1      1           2           0   1.87839120925328     
      1      2      1      2           2           0  0.327948881306220     
      1      2      1      2           0           0  -16.3174435700342     
      1      2      2      1           4           0   11.6247024963276     
      1      2      2      1           2           0  -5.02576192451204     
      1      2      2      2           4           0   9.22569495411134     
      1      2      2      2           2           0   3.86933288806798     
      2      1      1      1           2           0   1.87839120925328     
      2      1      1      2           4           0   11.6247024963276     
      2      1      1      2           2           0  -5.02576192451204     
      2      1      2      1           2           0  0.327948881306220     
      2      1      2      1           0           0  -16.3174435700342     
      2      1      2      2           4           0   9.22569495411134     
      2      1      2      2           2           0   3.86933288806798     
      2      2      1      1           4           0  -7.95607813869049     
      2      2      1      1           2           0   5.37031363339714     
      2      2      1      2           4           0  -9.22569495411135     
      2      2      1      2           2           0  -3.86933288806798     
      2      2      2      1           4           0  -9.22569495411135     
      2      2      2      1           2           0  -3.86933288806798     
      2      2      2      2           6           0   4.34071220222846     
      2      2      2      2           4           0  -7.99382003582299     
      2      2      2      2           2           0   9.48269238305635     
      2      2      2      2           0           0  -23.5814250000000     
      1      1      1      1           2           0   4.88325744431931     
      1      1      1      1           0           0  -10.9872500000000     
      1      1      1      2           2           0  -1.87839120925328     
      1      1      2      1           2           0  -1.87839120925328     
      1      1      2      2           4           0  -7.95607813869049     
      1      1      2      2           2           0   5.37031363339714     
      1      2      1      1           2           0   1.87839120925328     
      1      2      1      2           2           0  0.327948881306220     
      1      2      1      2           0           0  -16.3174435700342     
      1      2      2      1           4           0   11.6247024963276     
      1      2      2      1           2           0  -5.02576192451204     
      1      2      2      2           4           0   9.22569495411134     
      1      2      2      2           2           0   3.86933288806798     
      2      1      1      1           2           0   1.87839120925328     
      2      1      1      2           4           0   11.6247024963276     
      2      1      1      2           2           0  -5.02576192451204     
      2      1      2      1           2           0  0.327948881306220     
      2      1      2      1           0           0  -16.3174435700342     
      2      1      2      2           4           0   9.22569495411134     
      2      1      2      2           2           0   3.86933288806798     
      2      2      1      1           4           0  -7.95607813869049     
      2      2      1      1           2           0   5.37031363339714     
      2      2      1      2           4           0  -9.22569495411135     
      2      2      1      2           2           0  -3.86933288806798     
      2      2      2      1           4           0  -9.22569495411135     
      2      2      2      1           2           0  -3.86933288806798     
      2      2      2      2           6           0   4.34071220222846     
      2      2      2      2           4           0  -7.99382003582299     
      2      2      2      2           2           0   9.48269238305635     
      2      2      2      2           0           0  -23.5814250000000     
          60           6
   1   1   3   3   0   0   0   0-10.9873   1   1
   1   1   3   3   2   0   0   0  4.8833   1   1
   1   1   3   4   2   0   0   0 -1.8784   1   1
   1   1   4   3   2   0   0   0  1.8784   1   1
   1   1   4   4   0   0   0   0-16.3174   1   1
   1   1   4   4   2   0   0   0  0.3279   1   1
   1   2   3   3   2   0   0   0 -1.8784   1   1
   1   2   3   4   2   0   0   0  5.3703   1   1
   1   2   3   4   4   0   0   0 -7.9561   1   1
   1   2   4   3   2   0   0   0 -5.0258   1   1
   1   2   4   3   4   0   0   0 11.6247   1   1
   1   2   4   4   2   0   0   0  3.8693   1   1
   1   2   4   4   4   0   0   0  9.2257   1   1
   2   1   3   3   2   0   0   0  1.8784   1   1
   2   1   3   4   2   0   0   0 -5.0258   1   1
   2   1   3   4   4   0   0   0 11.6247   1   1
   2   1   4   3   2   0   0   0  5.3703   1   1
   2   1   4   3   4   0   0   0 -7.9561   1   1
   2   1   4   4   2   0   0   0 -3.8693   1   1
   2   1   4   4   4   0   0   0 -9.2257   1   1
   2   2   3   3   0   0   0   0-16.3174   1   1
   2   2   3   3   2   0   0   0  0.3279   1   1
   2   2   3   4   2   0   0   0  3.8693   1   1
   2   2   3   4   4   0   0   0  9.2257   1   1
   2   2   4   3   2   0   0   0 -3.8693   1   1
   2   2   4   3   4   0   0   0 -9.2257   1   1
   2   2   4   4   0   0   0   0-23.5814   1   1
   2   2   4   4   2   0   0   0  9.4827   1   1
   2   2   4   4   4   0   0   0 -7.9938   1   1
   2   2   4   4   6   0   0   0  4.3407   1   1
   3   3   1   1   0   0   0   0-10.9873   1   1
   3   3   1   1   2   0   0   0  4.8833   1   1
   3   3   1   2   2   0   0   0 -1.8784   1   1
   3   3   2   1   2   0   0   0  1.8784   1   1
   3   3   2   2   0   0   0   0-16.3174   1   1
   3   3   2   2   2   0   0   0  0.3279   1   1
   3   4   1   1   2   0   0   0 -1.8784   1   1
   3   4   1   2   2   0   0   0  5.3703   1   1
   3   4   1   2   4   0   0   0 -7.9561   1   1
   3   4   2   1   2   0   0   0 -5.0258   1   1
   3   4   2   1   4   0   0   0 11.6247   1   1
   3   4   2   2   2   0   0   0  3.8693   1   1
   3   4   2   2   4   0   0   0  9.2257   1   1
   4   3   1   1   2   0   0   0  1.8784   1   1
   4   3   1   2   2   0   0   0 -5.0258   1   1
   4   3   1   2   4   0   0   0 11.6247   1   1
   4   3   2   1   2   0   0   0  5.3703   1   1
   4   3   2   1   4   0   0   0 -7.9561   1   1
   4   3   2   2   2   0   0   0 -3.8693   1   1
   4   3   2   2   4   0   0   0 -9.2257   1   1
   4   4   1   1   0   0   0   0-16.3174   1   1
   4   4   1   1   2   0   0   0  0.3279   1   1
   4   4   1   2   2   0   0   0  3.8693   1   1
   4   4   1   2   4   0   0   0  9.2257   1   1
   4   4   2   1   2   0   0   0 -3.8693   1   1
   4   4   2   1   4   0   0   0 -9.2257   1   1
   4   4   2   2   0   0   0   0-23.5814   1   1
   4   4   2   2   2   0   0   0  9.4827   1   1
   4   4   2   2   4   0   0   0 -7.9938   1   1
   4   4   2   2   6   0   0   0  4.3407   1   1
