 ! Total Interaction
  20
   1   1   1   1     1     0  -7.2019
   1   2   1   1     1     0  -0.2929
   2   2   1   1     1     0   3.1793
   1   1   1   2     1     0  -0.2929
   1   2   1   2     1     0 -11.4966
   2   2   1   2     1     0  -5.8955
   1   1   2   2     1     0   3.1793
   1   2   2   2     1     0  -5.8955
   2   2   2   2     1     0  -7.6215
   1   2   1   2     2     0  -8.3537
   2   2   2   2     3     0  -8.3537
   1   1   1   1     0     1  -1.2360
   2   2   1   1     0     1  -3.6233
   1   1   2   2     0     1  -3.6233
   2   2   2   2     0     1  -3.7981
   1   2   1   2     1     1   0.6025
   1   2   1   2     2     1  -2.9402
   2   2   1   2     2     1   1.4818
   1   2   2   2     2     1   1.4818
   2   2   2   2     2     1  -1.8924
