      1      2      1      2  -1.23600000000000     
      2      4      1      2  0.000000000000000E+000
      1      5      1      2  0.000000000000000E+000
      4      5      1      2   2.56206000027322     
      3      6      1      2  -2.56206000027322     
      1      3      1      3  -2.94020000000000     
      3      4      1      3  -1.48180000000000     
      2      3      2      3 -0.283175000000000     
      1      4      2      3  -1.53403409899357     
      3      5      2      3 -0.740900000000000     
      2      3      1      4  -1.53403409899357     
      1      4      1      4  -2.05452500000000     
      3      5      1      4  -1.28327644332778     
      1      2      2      4  0.000000000000000E+000
      2      4      2      4  -1.16885000000000     
      1      5      2      4  -1.77135000000000     
      4      5      2      4 -0.740900000000000     
      3      6      2      4 -0.740900000000000     
      1      3      3      4  -1.48180000000000     
      3      4      3      4  -1.89240000000000     
      1      2      1      5  0.000000000000000E+000
      2      4      1      5  -1.77135000000000     
      1      5      1      5  -1.16885000000000     
      4      5      1      5 -0.740900000000000     
      3      6      1      5 -0.740900000000000     
      2      5      2      5  -2.05452500000000     
      1      6      2      5  -1.53403409899357     
      4      6      2      5  -1.28327644332778     
      2      3      3      5 -0.740900000000000     
      1      4      3      5  -1.28327644332778     
      3      5      3      5  -1.89240000000000     
      1      2      4      5   2.56206000027322     
      2      4      4      5 -0.740900000000000     
      1      5      4      5 -0.740900000000000     
      4      5      4      5  -2.84525000000000     
      3      6      4      5  0.952850000000000     
      2      5      1      6  -1.53403409899357     
      1      6      1      6 -0.283175000000000     
      4      6      1      6 -0.740900000000000     
      2      6      2      6  -2.94020000000000     
      5      6      2      6  -1.48180000000000     
      1      2      3      6  -2.56206000027322     
      2      4      3      6 -0.740900000000000     
      1      5      3      6 -0.740900000000000     
      4      5      3      6  0.952850000000000     
      3      6      3      6  -2.84525000000000     
      2      5      4      6  -1.28327644332778     
      1      6      4      6 -0.740900000000000     
      4      6      4      6  -1.89240000000000     
      2      6      5      6  -1.48180000000000     
      5      6      5      6  -1.89240000000000     
      1      7      1      7  -7.20190000000000     
      4      7      1      7  0.103555788104770     
      3      8      1      7 -0.179363886415298     
      2      9      1      7 -0.179363886415298     
      5      9      1      7   1.74137432707618     
      1     10      1      7  0.103555788104770     
      4     10      1      7  -2.01076587299467     
      3     11      1      7   1.74137432707618     
      2      7      2      7  -4.21895000000000     
      5      7      2      7  0.103555788104770     
      1      8      2      7  -2.98295000000000     
      4      8      2      7 -0.103555788104770     
      6      9      2      7  0.227044404609391     
      2     10      2      7 -0.103555788104770     
      5     10      2      7  0.778338531887942     
      1     11      2      7  0.103555788104770     
      4     11      2      7  -1.78372146838528     
      3     12      2      7   2.78910440488261     
      3      7      3      7  -5.64695000000000     
      1      9      3      7  -2.70675000000000     
      4      9      3      7 -0.740900000000000     
      3     10      3      7  0.740900000000000     
      1      7      4      7  0.103555788104770     
      4      7      4      7  -5.59697500000000     
      3      8      4      7 -8.655923910825358E-002
      2      9      4      7   1.44747485988531     
      5      9      4      7  0.500020444214401     
      1     10      4      7  -3.54245000000000     
      4     10      4      7  -1.31827387613500     
      3     11      4      7   1.78329688754218     
      2      7      5      7  0.103555788104770     
      5      7      5      7  -5.54700000000000     
      1      8      5      7  0.103555788104770     
      4      8      5      7 -9.994999999999865E-002
      6      9      5      7   1.60696081420250     
      2     10      5      7   1.67140000000000     
      5     10      5      7  -1.02958693806750     
      1     11      5      7  -4.37815000000000     
      4     11      5      7 -0.288686938067501     
      3     12      5      7   2.34786081420250     
      6      7      6      7  -5.49702500000000     
      2      8      6      7  0.179363886415298     
      5      8      6      7 -8.655923910825380E-002
      6     10      6      7   1.60696081420250     
      2     11      6      7   1.44747485988531     
      5     11      6      7  -2.28331733175658     
      1     12      6      7  -5.21385000000000     
      4     12      6      7   2.34786081420250     
      2      7      1      8  -2.98295000000000     
      5      7      1      8  0.103555788104770     
      1      8      1      8  -4.21895000000000     
      4      8      1      8 -0.103555788104770     
      6      9      1      8   2.78910440488261     
      2     10      1      8 -0.103555788104770     
      5     10      1      8  -1.78372146838528     
      1     11      1      8  0.103555788104770     
      4     11      1      8  0.778338531887942     
      3     12      1      8  0.227044404609391     
      6      7      2      8  0.179363886415298     
      2      8      2      8  -7.20190000000000     
      5      8      2      8 -0.103555788104770     
      6     10      2      8   1.74137432707618     
      2     11      2      8 -0.103555788104770     
      5     11      2      8  -2.01076587299467     
      1     12      2      8  0.179363886415298     
      4     12      2      8   1.74137432707618     
      1      7      3      8 -0.179363886415298     
      4      7      3      8 -8.655923910825380E-002
      3      8      3      8  -5.49702500000000     
      2      9      3      8  -5.21385000000000     
      5      9      3      8  -2.34786081420250     
      1     10      3      8   1.44747485988531     
      4     10      3      8   2.28331733175658     
      3     11      3      8  -1.60696081420250     
      2      7      4      8 -0.103555788104770     
      5      7      4      8 -9.994999999999865E-002
      1      8      4      8 -0.103555788104770     
      4      8      4      8  -5.54700000000000     
      6      9      4      8  -2.34786081420250     
      2     10      4      8  -4.37815000000000     
      5     10      4      8  0.288686938067501     
      1     11      4      8   1.67140000000000     
      4     11      4      8   1.02958693806750     
      3     12      4      8  -1.60696081420250     
      6      7      5      8 -8.655923910825358E-002
      2      8      5      8 -0.103555788104770     
      5      8      5      8  -5.59697500000000     
      6     10      5      8  -1.78329688754218     
      2     11      5      8  -3.54245000000000     
      5     11      5      8   1.31827387613500     
      1     12      5      8   1.44747485988531     
      4     12      5      8 -0.500020444214401     
      6      8      6      8  -5.64695000000000     
      6     11      6      8 -0.740900000000000     
      2     12      6      8  -2.70675000000000     
      5     12      6      8  0.740900000000000     
      7      8      7      8  -1.23600000000000     
      8     10      7      8  0.000000000000000E+000
      7     11      7      8  0.000000000000000E+000
     10     11      7      8   2.56206000027322     
      9     12      7      8  -2.56206000027322     
      3      7      1      9  -2.70675000000000     
      1      9      1      9  -5.64695000000000     
      4      9      1      9  0.740900000000000     
      3     10      1      9 -0.740900000000000     
      1      7      2      9 -0.179363886415298     
      4      7      2      9   1.44747485988531     
      3      8      2      9  -5.21385000000000     
      2      9      2      9  -5.49702500000000     
      5      9      2      9  -1.60696081420250     
      1     10      2      9 -8.655923910825380E-002
      4     10      2      9   2.28331733175658     
      3     11      2      9  -2.34786081420250     
      3      9      3      9  -8.35370000000000     
      3      7      4      9 -0.740900000000000     
      1      9      4      9  0.740900000000000     
      4      9      4      9  -5.12305000000000     
      3     10      4      9  -3.23065000000000     
      1      7      5      9   1.74137432707618     
      4      7      5      9  0.500020444214401     
      3      8      5      9  -2.34786081420250     
      2      9      5      9  -1.60696081420250     
      5      9      5      9  -4.90339000000000     
      1     10      5      9   1.78329688754218     
      4     10      5      9 -0.253641520260383     
      3     11      5      9  -3.01099000000000     
      2      7      6      9  0.227044404609391     
      5      7      6      9   1.60696081420250     
      1      8      6      9   2.78910440488261     
      4      8      6      9  -2.34786081420250     
      6      9      6      9  -5.26998500000000     
      2     10      6      9  -1.60696081420250     
      5     10      6      9  0.366595000000002     
      1     11      6      9   2.34786081420250     
      4     11      6      9 -0.586254999999998     
      3     12      6      9  -2.42473500000000     
      7      9      7      9  -2.94020000000000     
      9     10      7      9  -1.48180000000000     
      8      9      8      9 -0.283175000000000     
      7     10      8      9  -1.53403409899357     
      9     11      8      9 -0.740900000000000     
      1      7      1     10  0.103555788104770     
      4      7      1     10  -3.54245000000000     
      3      8      1     10   1.44747485988531     
      2      9      1     10 -8.655923910825358E-002
      5      9      1     10   1.78329688754218     
      1     10      1     10  -5.59697500000000     
      4     10      1     10  -1.31827387613500     
      3     11      1     10  0.500020444214401     
      2      7      2     10 -0.103555788104770     
      5      7      2     10   1.67140000000000     
      1      8      2     10 -0.103555788104770     
      4      8      2     10  -4.37815000000000     
      6      9      2     10  -1.60696081420250     
      2     10      2     10  -5.54700000000000     
      5     10      2     10   1.02958693806750     
      1     11      2     10 -9.994999999999865E-002
      4     11      2     10  0.288686938067501     
      3     12      2     10  -2.34786081420250     
      3      7      3     10  0.740900000000000     
      1      9      3     10 -0.740900000000000     
      4      9      3     10  -3.23065000000000     
      3     10      3     10  -5.12305000000000     
      1      7      4     10  -2.01076587299467     
      4      7      4     10  -1.31827387613500     
      3      8      4     10   2.28331733175658     
      2      9      4     10   2.28331733175658     
      5      9      4     10 -0.253641520260383     
      1     10      4     10  -1.31827387613500     
      4     10      4     10  -8.06082000000000     
      3     11      4     10 -0.253641520260383     
      2      7      5     10  0.778338531887942     
      5      7      5     10  -1.02958693806750     
      1      8      5     10  -1.78372146838528     
      4      8      5     10  0.288686938067501     
      6      9      5     10  0.366595000000002     
      2     10      5     10   1.02958693806750     
      5     10      5     10  -5.56286500000000     
      1     11      5     10 -0.288686938067501     
      4     11      5     10  -2.71761500000000     
      3     12      5     10 -0.586254999999998     
      6      7      6     10   1.60696081420250     
      2      8      6     10   1.74137432707618     
      5      8      6     10  -1.78329688754218     
      6     10      6     10  -4.90339000000000     
      2     11      6     10 -0.500020444214401     
      5     11      6     10 -0.253641520260383     
      1     12      6     10   2.34786081420250     
      4     12      6     10  -3.01099000000000     
      8      9      7     10  -1.53403409899357     
      7     10      7     10  -2.05452500000000     
      9     11      7     10  -1.28327644332778     
      7      8      8     10  0.000000000000000E+000
      8     10      8     10  -1.16885000000000     
      7     11      8     10  -1.77135000000000     
     10     11      8     10 -0.740900000000000     
      9     12      8     10 -0.740900000000000     
      7      9      9     10  -1.48180000000000     
      9     10      9     10  -1.89240000000000     
      2      7      1     11  0.103555788104770     
      5      7      1     11  -4.37815000000000     
      1      8      1     11  0.103555788104770     
      4      8      1     11   1.67140000000000     
      6      9      1     11   2.34786081420250     
      2     10      1     11 -9.994999999999865E-002
      5     10      1     11 -0.288686938067501     
      1     11      1     11  -5.54700000000000     
      4     11      1     11  -1.02958693806750     
      3     12      1     11   1.60696081420250     
      6      7      2     11   1.44747485988531     
      2      8      2     11 -0.103555788104770     
      5      8      2     11  -3.54245000000000     
      6     10      2     11 -0.500020444214401     
      2     11      2     11  -5.59697500000000     
      5     11      2     11   1.31827387613500     
      1     12      2     11 -8.655923910825358E-002
      4     12      2     11  -1.78329688754218     
      1      7      3     11   1.74137432707618     
      4      7      3     11   1.78329688754218     
      3      8      3     11  -1.60696081420250     
      2      9      3     11  -2.34786081420250     
      5      9      3     11  -3.01099000000000     
      1     10      3     11  0.500020444214401     
      4     10      3     11 -0.253641520260383     
      3     11      3     11  -4.90339000000000     
      2      7      4     11  -1.78372146838528     
      5      7      4     11 -0.288686938067501     
      1      8      4     11  0.778338531887942     
      4      8      4     11   1.02958693806750     
      6      9      4     11 -0.586254999999998     
      2     10      4     11  0.288686938067501     
      5     10      4     11  -2.71761500000000     
      1     11      4     11  -1.02958693806750     
      4     11      4     11  -5.56286500000000     
      3     12      4     11  0.366595000000002     
      6      7      5     11  -2.28331733175658     
      2      8      5     11  -2.01076587299467     
      5      8      5     11   1.31827387613500     
      6     10      5     11 -0.253641520260383     
      2     11      5     11   1.31827387613500     
      5     11      5     11  -8.06082000000000     
      1     12      5     11  -2.28331733175658     
      4     12      5     11 -0.253641520260383     
      6      8      6     11 -0.740900000000000     
      6     11      6     11  -5.12305000000000     
      2     12      6     11  0.740900000000000     
      5     12      6     11  -3.23065000000000     
      7      8      7     11  0.000000000000000E+000
      8     10      7     11  -1.77135000000000     
      7     11      7     11  -1.16885000000000     
     10     11      7     11 -0.740900000000000     
      9     12      7     11 -0.740900000000000     
      8     11      8     11  -2.05452500000000     
      7     12      8     11  -1.53403409899357     
     10     12      8     11  -1.28327644332778     
      8      9      9     11 -0.740900000000000     
      7     10      9     11  -1.28327644332778     
      9     11      9     11  -1.89240000000000     
      7      8     10     11   2.56206000027322     
      8     10     10     11 -0.740900000000000     
      7     11     10     11 -0.740900000000000     
     10     11     10     11  -2.84525000000000     
      9     12     10     11  0.952850000000000     
      6      7      1     12  -5.21385000000000     
      2      8      1     12  0.179363886415298     
      5      8      1     12   1.44747485988531     
      6     10      1     12   2.34786081420250     
      2     11      1     12 -8.655923910825380E-002
      5     11      1     12  -2.28331733175658     
      1     12      1     12  -5.49702500000000     
      4     12      1     12   1.60696081420250     
      6      8      2     12  -2.70675000000000     
      6     11      2     12  0.740900000000000     
      2     12      2     12  -5.64695000000000     
      5     12      2     12 -0.740900000000000     
      2      7      3     12   2.78910440488261     
      5      7      3     12   2.34786081420250     
      1      8      3     12  0.227044404609391     
      4      8      3     12  -1.60696081420250     
      6      9      3     12  -2.42473500000000     
      2     10      3     12  -2.34786081420250     
      5     10      3     12 -0.586254999999998     
      1     11      3     12   1.60696081420250     
      4     11      3     12  0.366595000000002     
      3     12      3     12  -5.26998500000000     
      6      7      4     12   2.34786081420250     
      2      8      4     12   1.74137432707618     
      5      8      4     12 -0.500020444214401     
      6     10      4     12  -3.01099000000000     
      2     11      4     12  -1.78329688754218     
      5     11      4     12 -0.253641520260383     
      1     12      4     12   1.60696081420250     
      4     12      4     12  -4.90339000000000     
      6      8      5     12  0.740900000000000     
      6     11      5     12  -3.23065000000000     
      2     12      5     12 -0.740900000000000     
      5     12      5     12  -5.12305000000000     
      6     12      6     12  -8.35370000000000     
      8     11      7     12  -1.53403409899357     
      7     12      7     12 -0.283175000000000     
     10     12      7     12 -0.740900000000000     
      8     12      8     12  -2.94020000000000     
     11     12      8     12  -1.48180000000000     
      7      8      9     12  -2.56206000027322     
      8     10      9     12 -0.740900000000000     
      7     11      9     12 -0.740900000000000     
     10     11      9     12  0.952850000000000     
      9     12      9     12  -2.84525000000000     
      8     11     10     12  -1.28327644332778     
      7     12     10     12 -0.740900000000000     
     10     12     10     12  -1.89240000000000     
      8     12     11     12  -1.48180000000000     
     11     12     11     12  -1.89240000000000     
