      1      1      1      1           2           0   5.16662095643758     
      1      1      1      1           0           0  -11.4208500000000     
      1      1      1      2           2           0 -0.358727772830596     
      1      1      2      1           2           0 -0.358727772830596     
      1      1      2      2           4           0  -6.23662704566161     
      1      1      2      2           2           0   2.13462677143386     
      1      2      1      1           2           0  0.358727772830596     
      1      2      1      2           2           0  0.273724348113208     
      1      2      1      2           0           0  -15.7599605837467     
      1      2      2      1           4           0   11.6585230244873     
      1      2      2      1           2           0  -3.24075366350174     
      1      2      2      2           4           0   7.42458780193731     
      1      2      2      2           2           0   1.58120348036667     
      2      1      1      1           2           0  0.358727772830596     
      2      1      1      2           4           0   11.6585230244873     
      2      1      1      2           2           0  -3.24075366350174     
      2      1      2      1           2           0  0.273724348113208     
      2      1      2      1           0           0  -15.7599605837467     
      2      1      2      2           4           0   7.42458780193731     
      2      1      2      2           2           0   1.58120348036667     
      2      2      1      1           4           0  -6.23662704566161     
      2      2      1      1           2           0   2.13462677143387     
      2      2      1      2           4           0  -7.42458780193731     
      2      2      1      2           2           0  -1.58120348036667     
      2      2      2      1           4           0  -7.42458780193731     
      2      2      2      1           2           0  -1.58120348036667     
      2      2      2      2           6           0   6.41524580523420     
      2      2      2      2           4           0  -8.04368435172123     
      2      2      2      2           2           0   5.46797181619246     
      2      2      2      2           0           0  -23.6501250000000     
      1      1      1      1           2           0   5.16662095643758     
      1      1      1      1           0           0  -11.4208500000000     
      1      1      1      2           2           0 -0.358727772830596     
      1      1      2      1           2           0 -0.358727772830596     
      1      1      2      2           4           0  -6.23662704566161     
      1      1      2      2           2           0   2.13462677143386     
      1      2      1      1           2           0  0.358727772830596     
      1      2      1      2           2           0  0.273724348113208     
      1      2      1      2           0           0  -15.7599605837467     
      1      2      2      1           4           0   11.6585230244873     
      1      2      2      1           2           0  -3.24075366350174     
      1      2      2      2           4           0   7.42458780193731     
      1      2      2      2           2           0   1.58120348036667     
      2      1      1      1           2           0  0.358727772830596     
      2      1      1      2           4           0   11.6585230244873     
      2      1      1      2           2           0  -3.24075366350174     
      2      1      2      1           2           0  0.273724348113208     
      2      1      2      1           0           0  -15.7599605837467     
      2      1      2      2           4           0   7.42458780193731     
      2      1      2      2           2           0   1.58120348036667     
      2      2      1      1           4           0  -6.23662704566161     
      2      2      1      1           2           0   2.13462677143387     
      2      2      1      2           4           0  -7.42458780193731     
      2      2      1      2           2           0  -1.58120348036667     
      2      2      2      1           4           0  -7.42458780193731     
      2      2      2      1           2           0  -1.58120348036667     
      2      2      2      2           6           0   6.41524580523420     
      2      2      2      2           4           0  -8.04368435172123     
      2      2      2      2           2           0   5.46797181619246     
      2      2      2      2           0           0  -23.6501250000000     
          60           6
   1   1   3   3   0   0   0   0-11.4209   1   1
   1   1   3   3   2   0   0   0  5.1666   1   1
   1   1   3   4   2   0   0   0 -0.3587   1   1
   1   1   4   3   2   0   0   0  0.3587   1   1
   1   1   4   4   0   0   0   0-15.7600   1   1
   1   1   4   4   2   0   0   0  0.2737   1   1
   1   2   3   3   2   0   0   0 -0.3587   1   1
   1   2   3   4   2   0   0   0  2.1346   1   1
   1   2   3   4   4   0   0   0 -6.2366   1   1
   1   2   4   3   2   0   0   0 -3.2408   1   1
   1   2   4   3   4   0   0   0 11.6585   1   1
   1   2   4   4   2   0   0   0  1.5812   1   1
   1   2   4   4   4   0   0   0  7.4246   1   1
   2   1   3   3   2   0   0   0  0.3587   1   1
   2   1   3   4   2   0   0   0 -3.2408   1   1
   2   1   3   4   4   0   0   0 11.6585   1   1
   2   1   4   3   2   0   0   0  2.1346   1   1
   2   1   4   3   4   0   0   0 -6.2366   1   1
   2   1   4   4   2   0   0   0 -1.5812   1   1
   2   1   4   4   4   0   0   0 -7.4246   1   1
   2   2   3   3   0   0   0   0-15.7600   1   1
   2   2   3   3   2   0   0   0  0.2737   1   1
   2   2   3   4   2   0   0   0  1.5812   1   1
   2   2   3   4   4   0   0   0  7.4246   1   1
   2   2   4   3   2   0   0   0 -1.5812   1   1
   2   2   4   3   4   0   0   0 -7.4246   1   1
   2   2   4   4   0   0   0   0-23.6501   1   1
   2   2   4   4   2   0   0   0  5.4680   1   1
   2   2   4   4   4   0   0   0 -8.0437   1   1
   2   2   4   4   6   0   0   0  6.4152   1   1
   3   3   1   1   0   0   0   0-11.4209   1   1
   3   3   1   1   2   0   0   0  5.1666   1   1
   3   3   1   2   2   0   0   0 -0.3587   1   1
   3   3   2   1   2   0   0   0  0.3587   1   1
   3   3   2   2   0   0   0   0-15.7600   1   1
   3   3   2   2   2   0   0   0  0.2737   1   1
   3   4   1   1   2   0   0   0 -0.3587   1   1
   3   4   1   2   2   0   0   0  2.1346   1   1
   3   4   1   2   4   0   0   0 -6.2366   1   1
   3   4   2   1   2   0   0   0 -3.2408   1   1
   3   4   2   1   4   0   0   0 11.6585   1   1
   3   4   2   2   2   0   0   0  1.5812   1   1
   3   4   2   2   4   0   0   0  7.4246   1   1
   4   3   1   1   2   0   0   0  0.3587   1   1
   4   3   1   2   2   0   0   0 -3.2408   1   1
   4   3   1   2   4   0   0   0 11.6585   1   1
   4   3   2   1   2   0   0   0  2.1346   1   1
   4   3   2   1   4   0   0   0 -6.2366   1   1
   4   3   2   2   2   0   0   0 -1.5812   1   1
   4   3   2   2   4   0   0   0 -7.4246   1   1
   4   4   1   1   0   0   0   0-15.7600   1   1
   4   4   1   1   2   0   0   0  0.2737   1   1
   4   4   1   2   2   0   0   0  1.5812   1   1
   4   4   1   2   4   0   0   0  7.4246   1   1
   4   4   2   1   2   0   0   0 -1.5812   1   1
   4   4   2   1   4   0   0   0 -7.4246   1   1
   4   4   2   2   0   0   0   0-23.6501   1   1
   4   4   2   2   2   0   0   0  5.4680   1   1
   4   4   2   2   4   0   0   0 -8.0437   1   1
   4   4   2   2   6   0   0   0  6.4152   1   1
