 ! Total Interaction
  20
   1   1   1   1     1     0  -8.0105
   1   2   1   1     1     0  -1.6204
   2   2   1   1     1     0   5.8342
   1   1   1   2     1     0  -1.6204
   1   2   1   2     1     0 -13.1842
   2   2   1   2     1     0  -9.1063
   1   1   2   2     1     0   5.8342
   1   2   2   2     1     0  -9.1063
   2   2   2   2     1     0  -6.6147
   1   2   1   2     2     0 -10.6656
   2   2   2   2     3     0 -10.6656
   1   1   1   1     0     1  -1.2421
   2   2   1   1     0     1  -3.2307
   1   1   2   2     0     1  -3.2307
   2   2   2   2     0     1  -3.5266
   1   2   1   2     1     1   0.2317
   1   2   1   2     2     1  -2.5694
   2   2   1   2     2     1   0.8343
   1   2   2   2     2     1   0.8343
   2   2   2   2     2     1  -1.9795
