      1      2      1      2  -1.24210000000000     
      2      4      1      2  0.000000000000000E+000
      1      5      1      2  0.000000000000000E+000
      4      5      1      2   2.28444987797938     
      3      6      1      2  -2.28444987797938     
      1      3      1      3  -2.56940000000000     
      3      4      1      3 -0.834300000000000     
      2      3      2      3 -0.468575000000000     
      1      4      2      3  -1.21291187927030     
      3      5      2      3 -0.417150000000000     
      2      3      1      4  -1.21291187927030     
      1      4      1      4  -1.86912500000000     
      3      5      1      4 -0.722524994377358     
      1      2      2      4  0.000000000000000E+000
      2      4      2      4  -1.16885000000000     
      1      5      2      4  -1.40055000000000     
      4      5      2      4 -0.417150000000000     
      3      6      2      4 -0.417150000000000     
      1      3      3      4 -0.834300000000000     
      3      4      3      4  -1.97950000000000     
      1      2      1      5  0.000000000000000E+000
      2      4      1      5  -1.40055000000000     
      1      5      1      5  -1.16885000000000     
      4      5      1      5 -0.417150000000000     
      3      6      1      5 -0.417150000000000     
      2      5      2      5  -1.86912500000000     
      1      6      2      5  -1.21291187927030     
      4      6      2      5 -0.722524994377358     
      2      3      3      5 -0.417150000000000     
      1      4      3      5 -0.722524994377357     
      3      5      3      5  -1.97950000000000     
      1      2      4      5   2.28444987797938     
      2      4      4      5 -0.417150000000000     
      1      5      4      5 -0.417150000000000     
      4      5      4      5  -2.75305000000000     
      3      6      4      5  0.773550000000000     
      2      5      1      6  -1.21291187927030     
      1      6      1      6 -0.468575000000000     
      4      6      1      6 -0.417150000000000     
      2      6      2      6  -2.56940000000000     
      5      6      2      6 -0.834300000000000     
      1      2      3      6  -2.28444987797938     
      2      4      3      6 -0.417150000000000     
      1      5      3      6 -0.417150000000000     
      4      5      3      6  0.773550000000000     
      3      6      3      6  -2.75305000000000     
      2      5      4      6 -0.722524994377357     
      1      6      4      6 -0.417150000000000     
      4      6      4      6  -1.97950000000000     
      2      6      5      6 -0.834300000000000     
      5      6      5      6  -1.97950000000000     
      1      7      1      7  -8.01050000000000     
      4      7      1      7  0.572897914117341     
      3      8      1      7 -0.992288294801466     
      2      9      1      7 -0.992288294801466     
      5      9      1      7   3.19552294499664     
      1     10      1      7  0.572897914117341     
      4     10      1      7  -3.68987206499087     
      3     11      1      7   3.19552294499664     
      2      7      2      7  -4.62630000000000     
      5      7      2      7  0.572897914117341     
      1      8      2      7  -3.38420000000000     
      4      8      2      7 -0.572897914117341     
      6      9      2      7   1.62517910975346     
      2     10      2      7 -0.572897914117341     
      5     10      2      7  0.219756922741972     
      1     11      2      7  0.572897914117341     
      4     11      2      7  -2.06469295523741     
      3     12      2      7   3.90962898773284     
      3      7      3      7  -6.61750000000000     
      1      9      3      7  -4.04810000000000     
      4      9      3      7 -0.417150000000000     
      3     10      3      7  0.417150000000000     
      1      7      4      7  0.572897914117341     
      4      7      4      7  -6.58218750000000     
      3      8      4      7 -6.116304414227469E-002
      2      9      4      7   1.15174883512802     
      5      9      4      7   1.40216491508975     
      1     10      4      7  -4.71306250000000     
      4     10      4      7  -2.03623058235063     
      3     11      4      7   2.12468990946711     
      2      7      5      7  0.572897914117341     
      5      7      5      7  -6.54687500000000     
      1      8      5      7  0.572897914117341     
      4      8      5      7 -7.062499999999861E-002
      6      9      5      7   2.84577087352595     
      2     10      5      7   1.32992500000000     
      5     10      5      7  -1.22669029117532     
      1     11      5      7  -5.37802500000000     
      4     11      5      7 -0.809540291175317     
      3     12      5      7   3.26292087352595     
      6      7      6      7  -6.51156250000000     
      2      8      6      7  0.992288294801466     
      5      8      6      7 -6.116304414227403E-002
      6     10      6      7   2.84577087352595     
      2     11      6      7   1.15174883512802     
      5     11      6      7  -3.52685482455686     
      1     12      6      7  -6.04298750000000     
      4     12      6      7   3.26292087352595     
      2      7      1      8  -3.38420000000000     
      5      7      1      8  0.572897914117341     
      1      8      1      8  -4.62630000000000     
      4      8      1      8 -0.572897914117341     
      6      9      1      8   3.90962898773284     
      2     10      1      8 -0.572897914117341     
      5     10      1      8  -2.06469295523741     
      1     11      1      8  0.572897914117341     
      4     11      1      8  0.219756922741972     
      3     12      1      8   1.62517910975346     
      6      7      2      8  0.992288294801466     
      2      8      2      8  -8.01050000000000     
      5      8      2      8 -0.572897914117341     
      6     10      2      8   3.19552294499664     
      2     11      2      8 -0.572897914117341     
      5     11      2      8  -3.68987206499087     
      1     12      2      8  0.992288294801466     
      4     12      2      8   3.19552294499664     
      1      7      3      8 -0.992288294801466     
      4      7      3      8 -6.116304414227403E-002
      3      8      3      8  -6.51156250000000     
      2      9      3      8  -6.04298750000000     
      5      9      3      8  -3.26292087352595     
      1     10      3      8   1.15174883512802     
      4     10      3      8   3.52685482455686     
      3     11      3      8  -2.84577087352595     
      2      7      4      8 -0.572897914117341     
      5      7      4      8 -7.062499999999861E-002
      1      8      4      8 -0.572897914117341     
      4      8      4      8  -6.54687500000000     
      6      9      4      8  -3.26292087352595     
      2     10      4      8  -5.37802500000000     
      5     10      4      8  0.809540291175317     
      1     11      4      8   1.32992500000000     
      4     11      4      8   1.22669029117532     
      3     12      4      8  -2.84577087352595     
      6      7      5      8 -6.116304414227469E-002
      2      8      5      8 -0.572897914117341     
      5      8      5      8  -6.58218750000000     
      6     10      5      8  -2.12468990946711     
      2     11      5      8  -4.71306250000000     
      5     11      5      8   2.03623058235063     
      1     12      5      8   1.15174883512802     
      4     12      5      8  -1.40216491508975     
      6      8      6      8  -6.61750000000000     
      6     11      6      8 -0.417150000000000     
      2     12      6      8  -4.04810000000000     
      5     12      6      8  0.417150000000000     
      7      8      7      8  -1.24210000000000     
      8     10      7      8  0.000000000000000E+000
      7     11      7      8  0.000000000000000E+000
     10     11      7      8   2.28444987797938     
      9     12      7      8  -2.28444987797938     
      3      7      1      9  -4.04810000000000     
      1      9      1      9  -6.61750000000000     
      4      9      1      9  0.417150000000000     
      3     10      1      9 -0.417150000000000     
      1      7      2      9 -0.992288294801466     
      4      7      2      9   1.15174883512802     
      3      8      2      9  -6.04298750000000     
      2      9      2      9  -6.51156250000000     
      5      9      2      9  -2.84577087352595     
      1     10      2      9 -6.116304414227403E-002
      4     10      2      9   3.52685482455686     
      3     11      2      9  -3.26292087352595     
      3      9      3      9  -10.6656000000000     
      3      7      4      9 -0.417150000000000     
      1      9      4      9  0.417150000000000     
      4      9      4      9  -6.32255000000000     
      3     10      4      9  -4.34305000000000     
      1      7      5      9   3.19552294499664     
      4      7      5      9   1.40216491508975     
      3      8      5      9  -3.26292087352595     
      2      9      5      9  -2.84577087352595     
      5      9      5      9  -5.10728000000000     
      1     10      5      9   2.12468990946711     
      4     10      5      9  -1.40327292327615     
      3     11      5      9  -3.12778000000000     
      2      7      6      9   1.62517910975347     
      5      7      6      9   2.84577087352595     
      1      8      6      9   3.90962898773285     
      4      8      6      9  -3.26292087352595     
      6      9      6      9  -4.88642000000000     
      2     10      6      9  -2.84577087352595     
      5     10      6      9 -0.220859999999998     
      1     11      6      9   3.26292087352595     
      4     11      6      9 -0.994409999999998     
      3     12      6      9  -2.13337000000000     
      7      9      7      9  -2.56940000000000     
      9     10      7      9 -0.834300000000000     
      8      9      8      9 -0.468575000000000     
      7     10      8      9  -1.21291187927030     
      9     11      8      9 -0.417150000000000     
      1      7      1     10  0.572897914117341     
      4      7      1     10  -4.71306250000000     
      3      8      1     10   1.15174883512802     
      2      9      1     10 -6.116304414227469E-002
      5      9      1     10   2.12468990946711     
      1     10      1     10  -6.58218750000000     
      4     10      1     10  -2.03623058235063     
      3     11      1     10   1.40216491508975     
      2      7      2     10 -0.572897914117341     
      5      7      2     10   1.32992500000000     
      1      8      2     10 -0.572897914117341     
      4      8      2     10  -5.37802500000000     
      6      9      2     10  -2.84577087352595     
      2     10      2     10  -6.54687500000000     
      5     10      2     10   1.22669029117532     
      1     11      2     10 -7.062499999999861E-002
      4     11      2     10  0.809540291175317     
      3     12      2     10  -3.26292087352595     
      3      7      3     10  0.417150000000000     
      1      9      3     10 -0.417150000000000     
      4      9      3     10  -4.34304999999999     
      3     10      3     10  -6.32254999999999     
      1      7      4     10  -3.68987206499087     
      4      7      4     10  -2.03623058235063     
      3      8      4     10   3.52685482455686     
      2      9      4     10   3.52685482455686     
      5      9      4     10  -1.40327292327615     
      1     10      4     10  -2.03623058235063     
      4     10      4     10  -9.04524000000000     
      3     11      4     10  -1.40327292327615     
      2      7      5     10  0.219756922741972     
      5      7      5     10  -1.22669029117532     
      1      8      5     10  -2.06469295523741     
      4      8      5     10  0.809540291175317     
      6      9      5     10 -0.220859999999998     
      2     10      5     10   1.22669029117532     
      5     10      5     10  -6.50678000000000     
      1     11      5     10 -0.809540291175317     
      4     11      5     10  -3.75373000000000     
      3     12      5     10 -0.994409999999998     
      6      7      6     10   2.84577087352595     
      2      8      6     10   3.19552294499664     
      5      8      6     10  -2.12468990946711     
      6     10      6     10  -5.10728000000000     
      2     11      6     10  -1.40216491508975     
      5     11      6     10  -1.40327292327615     
      1     12      6     10   3.26292087352595     
      4     12      6     10  -3.12778000000000     
      8      9      7     10  -1.21291187927030     
      7     10      7     10  -1.86912500000000     
      9     11      7     10 -0.722524994377358     
      7      8      8     10  0.000000000000000E+000
      8     10      8     10  -1.16885000000000     
      7     11      8     10  -1.40055000000000     
     10     11      8     10 -0.417150000000000     
      9     12      8     10 -0.417150000000000     
      7      9      9     10 -0.834300000000000     
      9     10      9     10  -1.97950000000000     
      2      7      1     11  0.572897914117341     
      5      7      1     11  -5.37802500000000     
      1      8      1     11  0.572897914117341     
      4      8      1     11   1.32992500000000     
      6      9      1     11   3.26292087352595     
      2     10      1     11 -7.062499999999861E-002
      5     10      1     11 -0.809540291175317     
      1     11      1     11  -6.54687500000000     
      4     11      1     11  -1.22669029117532     
      3     12      1     11   2.84577087352595     
      6      7      2     11   1.15174883512802     
      2      8      2     11 -0.572897914117341     
      5      8      2     11  -4.71306250000000     
      6     10      2     11  -1.40216491508975     
      2     11      2     11  -6.58218750000000     
      5     11      2     11   2.03623058235063     
      1     12      2     11 -6.116304414227469E-002
      4     12      2     11  -2.12468990946711     
      1      7      3     11   3.19552294499664     
      4      7      3     11   2.12468990946711     
      3      8      3     11  -2.84577087352595     
      2      9      3     11  -3.26292087352595     
      5      9      3     11  -3.12778000000000     
      1     10      3     11   1.40216491508975     
      4     10      3     11  -1.40327292327615     
      3     11      3     11  -5.10728000000000     
      2      7      4     11  -2.06469295523741     
      5      7      4     11 -0.809540291175317     
      1      8      4     11  0.219756922741972     
      4      8      4     11   1.22669029117532     
      6      9      4     11 -0.994409999999998     
      2     10      4     11  0.809540291175317     
      5     10      4     11  -3.75373000000000     
      1     11      4     11  -1.22669029117532     
      4     11      4     11  -6.50678000000000     
      3     12      4     11 -0.220859999999998     
      6      7      5     11  -3.52685482455686     
      2      8      5     11  -3.68987206499087     
      5      8      5     11   2.03623058235063     
      6     10      5     11  -1.40327292327615     
      2     11      5     11   2.03623058235063     
      5     11      5     11  -9.04524000000000     
      1     12      5     11  -3.52685482455686     
      4     12      5     11  -1.40327292327615     
      6      8      6     11 -0.417150000000000     
      6     11      6     11  -6.32255000000000     
      2     12      6     11  0.417150000000000     
      5     12      6     11  -4.34305000000000     
      7      8      7     11  0.000000000000000E+000
      8     10      7     11  -1.40055000000000     
      7     11      7     11  -1.16885000000000     
     10     11      7     11 -0.417150000000000     
      9     12      7     11 -0.417150000000000     
      8     11      8     11  -1.86912500000000     
      7     12      8     11  -1.21291187927030     
     10     12      8     11 -0.722524994377358     
      8      9      9     11 -0.417150000000000     
      7     10      9     11 -0.722524994377357     
      9     11      9     11  -1.97950000000000     
      7      8     10     11   2.28444987797938     
      8     10     10     11 -0.417150000000000     
      7     11     10     11 -0.417150000000000     
     10     11     10     11  -2.75305000000000     
      9     12     10     11  0.773550000000000     
      6      7      1     12  -6.04298750000000     
      2      8      1     12  0.992288294801466     
      5      8      1     12   1.15174883512802     
      6     10      1     12   3.26292087352595     
      2     11      1     12 -6.116304414227403E-002
      5     11      1     12  -3.52685482455686     
      1     12      1     12  -6.51156250000000     
      4     12      1     12   2.84577087352595     
      6      8      2     12  -4.04810000000000     
      6     11      2     12  0.417150000000000     
      2     12      2     12  -6.61750000000000     
      5     12      2     12 -0.417150000000000     
      2      7      3     12   3.90962898773285     
      5      7      3     12   3.26292087352595     
      1      8      3     12   1.62517910975347     
      4      8      3     12  -2.84577087352595     
      6      9      3     12  -2.13337000000000     
      2     10      3     12  -3.26292087352595     
      5     10      3     12 -0.994409999999998     
      1     11      3     12   2.84577087352595     
      4     11      3     12 -0.220859999999998     
      3     12      3     12  -4.88642000000000     
      6      7      4     12   3.26292087352595     
      2      8      4     12   3.19552294499664     
      5      8      4     12  -1.40216491508975     
      6     10      4     12  -3.12778000000000     
      2     11      4     12  -2.12468990946711     
      5     11      4     12  -1.40327292327615     
      1     12      4     12   2.84577087352595     
      4     12      4     12  -5.10728000000000     
      6      8      5     12  0.417150000000000     
      6     11      5     12  -4.34304999999999     
      2     12      5     12 -0.417150000000000     
      5     12      5     12  -6.32254999999999     
      6     12      6     12  -10.6656000000000     
      8     11      7     12  -1.21291187927030     
      7     12      7     12 -0.468575000000000     
     10     12      7     12 -0.417150000000000     
      8     12      8     12  -2.56940000000000     
     11     12      8     12 -0.834300000000000     
      7      8      9     12  -2.28444987797938     
      8     10      9     12 -0.417150000000000     
      7     11      9     12 -0.417150000000000     
     10     11      9     12  0.773550000000000     
      9     12      9     12  -2.75305000000000     
      8     11     10     12 -0.722524994377357     
      7     12     10     12 -0.417150000000000     
     10     12     10     12  -1.97950000000000     
      8     12     11     12 -0.834300000000000     
     11     12     11     12  -1.97950000000000     
