      1      1      1      1           2           0   5.86160634297459     
      1      1      1      1           0           0  -12.6368000000000     
      1      1      1      2           2           0  -1.98457658960293     
      1      1      2      1           2           0  -1.98457658960293     
      1      1      2      2           4           0  -8.74219618337433     
      1      1      2      2           2           0   6.01041573448920     
      1      2      1      1           2           0   1.98457658960293     
      1      2      1      2           2           0  0.193414528119013     
      1      2      1      2           0           0  -18.5672982487440     
      1      2      2      1           4           0   13.5125308371815     
      1      2      2      1           2           0  -5.85976603899155     
      1      2      2      2           4           0   10.3182617852482     
      1      2      2      2           2           0   4.43403478686021     
      2      1      1      1           2           0   1.98457658960293     
      2      1      1      2           4           0   13.5125308371815     
      2      1      1      2           2           0  -5.85976603899155     
      2      1      2      1           2           0  0.193414528119013     
      2      1      2      1           0           0  -18.5672982487440     
      2      1      2      2           4           0   10.3182617852482     
      2      1      2      2           2           0   4.43403478686021     
      2      2      1      1           4           0  -8.74219618337433     
      2      2      1      1           2           0   6.01041573448920     
      2      2      1      2           4           0  -10.3182617852482     
      2      2      1      2           2           0  -4.43403478686021     
      2      2      2      1           4           0  -10.3182617852482     
      2      2      2      1           2           0  -4.43403478686021     
      2      2      2      2           6           0   5.64436647448587     
      2      2      2      2           4           0  -9.21749705616986     
      2      2      2      2           2           0   10.7114698477240     
      2      2      2      2           0           0  -26.9818500000000     
      1      1      1      1           2           0   5.86160634297459     
      1      1      1      1           0           0  -12.6368000000000     
      1      1      1      2           2           0  -1.98457658960293     
      1      1      2      1           2           0  -1.98457658960293     
      1      1      2      2           4           0  -8.74219618337433     
      1      1      2      2           2           0   6.01041573448920     
      1      2      1      1           2           0   1.98457658960293     
      1      2      1      2           2           0  0.193414528119013     
      1      2      1      2           0           0  -18.5672982487440     
      1      2      2      1           4           0   13.5125308371815     
      1      2      2      1           2           0  -5.85976603899155     
      1      2      2      2           4           0   10.3182617852482     
      1      2      2      2           2           0   4.43403478686021     
      2      1      1      1           2           0   1.98457658960293     
      2      1      1      2           4           0   13.5125308371815     
      2      1      1      2           2           0  -5.85976603899155     
      2      1      2      1           2           0  0.193414528119013     
      2      1      2      1           0           0  -18.5672982487440     
      2      1      2      2           4           0   10.3182617852482     
      2      1      2      2           2           0   4.43403478686021     
      2      2      1      1           4           0  -8.74219618337433     
      2      2      1      1           2           0   6.01041573448920     
      2      2      1      2           4           0  -10.3182617852482     
      2      2      1      2           2           0  -4.43403478686021     
      2      2      2      1           4           0  -10.3182617852482     
      2      2      2      1           2           0  -4.43403478686021     
      2      2      2      2           6           0   5.64436647448587     
      2      2      2      2           4           0  -9.21749705616986     
      2      2      2      2           2           0   10.7114698477240     
      2      2      2      2           0           0  -26.9818500000000     
          60           6
   1   1   3   3   0   0   0   0-12.6368   1   1
   1   1   3   3   2   0   0   0  5.8616   1   1
   1   1   3   4   2   0   0   0 -1.9846   1   1
   1   1   4   3   2   0   0   0  1.9846   1   1
   1   1   4   4   0   0   0   0-18.5673   1   1
   1   1   4   4   2   0   0   0  0.1934   1   1
   1   2   3   3   2   0   0   0 -1.9846   1   1
   1   2   3   4   2   0   0   0  6.0104   1   1
   1   2   3   4   4   0   0   0 -8.7422   1   1
   1   2   4   3   2   0   0   0 -5.8598   1   1
   1   2   4   3   4   0   0   0 13.5125   1   1
   1   2   4   4   2   0   0   0  4.4340   1   1
   1   2   4   4   4   0   0   0 10.3183   1   1
   2   1   3   3   2   0   0   0  1.9846   1   1
   2   1   3   4   2   0   0   0 -5.8598   1   1
   2   1   3   4   4   0   0   0 13.5125   1   1
   2   1   4   3   2   0   0   0  6.0104   1   1
   2   1   4   3   4   0   0   0 -8.7422   1   1
   2   1   4   4   2   0   0   0 -4.4340   1   1
   2   1   4   4   4   0   0   0-10.3183   1   1
   2   2   3   3   0   0   0   0-18.5673   1   1
   2   2   3   3   2   0   0   0  0.1934   1   1
   2   2   3   4   2   0   0   0  4.4340   1   1
   2   2   3   4   4   0   0   0 10.3183   1   1
   2   2   4   3   2   0   0   0 -4.4340   1   1
   2   2   4   3   4   0   0   0-10.3183   1   1
   2   2   4   4   0   0   0   0-26.9819   1   1
   2   2   4   4   2   0   0   0 10.7115   1   1
   2   2   4   4   4   0   0   0 -9.2175   1   1
   2   2   4   4   6   0   0   0  5.6444   1   1
   3   3   1   1   0   0   0   0-12.6368   1   1
   3   3   1   1   2   0   0   0  5.8616   1   1
   3   3   1   2   2   0   0   0 -1.9846   1   1
   3   3   2   1   2   0   0   0  1.9846   1   1
   3   3   2   2   0   0   0   0-18.5673   1   1
   3   3   2   2   2   0   0   0  0.1934   1   1
   3   4   1   1   2   0   0   0 -1.9846   1   1
   3   4   1   2   2   0   0   0  6.0104   1   1
   3   4   1   2   4   0   0   0 -8.7422   1   1
   3   4   2   1   2   0   0   0 -5.8598   1   1
   3   4   2   1   4   0   0   0 13.5125   1   1
   3   4   2   2   2   0   0   0  4.4340   1   1
   3   4   2   2   4   0   0   0 10.3183   1   1
   4   3   1   1   2   0   0   0  1.9846   1   1
   4   3   1   2   2   0   0   0 -5.8598   1   1
   4   3   1   2   4   0   0   0 13.5125   1   1
   4   3   2   1   2   0   0   0  6.0104   1   1
   4   3   2   1   4   0   0   0 -8.7422   1   1
   4   3   2   2   2   0   0   0 -4.4340   1   1
   4   3   2   2   4   0   0   0-10.3183   1   1
   4   4   1   1   0   0   0   0-18.5673   1   1
   4   4   1   1   2   0   0   0  0.1934   1   1
   4   4   1   2   2   0   0   0  4.4340   1   1
   4   4   1   2   4   0   0   0 10.3183   1   1
   4   4   2   1   2   0   0   0 -4.4340   1   1
   4   4   2   1   4   0   0   0-10.3183   1   1
   4   4   2   2   0   0   0   0-26.9819   1   1
   4   4   2   2   2   0   0   0 10.7115   1   1
   4   4   2   2   4   0   0   0 -9.2175   1   1
   4   4   2   2   6   0   0   0  5.6444   1   1
