 ! Total Interaction
  20
   1   1   1   1     1     0  -7.9707
   1   2   1   1     1     0  -1.6119
   2   2   1   1     1     0   5.8252
   1   1   1   2     1     0  -1.6119
   1   2   1   2     1     0 -13.1515
   2   2   1   2     1     0  -9.1018
   1   1   2   2     1     0   5.8252
   1   2   2   2     1     0  -9.1018
   2   2   2   2     1     0  -6.5890
   1   2   1   2     2     0 -10.6187
   2   2   2   2     3     0 -10.6187
   1   1   1   1     0     1  -1.2454
   2   2   1   1     0     1  -3.2060
   1   1   2   2     0     1  -3.2060
   2   2   2   2     0     1  -3.5124
   1   2   1   2     1     1   0.2227
   1   2   1   2     2     1  -2.5496
   2   2   1   2     2     1   0.8305
   1   2   2   2     2     1   0.8305
   2   2   2   2     2     1  -1.9623
