      1      2      1      2  -1.24540000000000     
      2      4      1      2  0.000000000000000E+000
      1      5      1      2  0.000000000000000E+000
      4      5      1      2   2.26698434048407     
      3      6      1      2  -2.26698434048407     
      1      3      1      3  -2.54960000000000     
      3      4      1      3 -0.830500000000000     
      2      3      2      3 -0.470375000000000     
      1      4      2      3  -1.20044111345580     
      3      5      2      3 -0.415250000000000     
      2      3      1      4  -1.20044111345580     
      1      4      1      4  -1.85652500000000     
      3      5      1      4 -0.719234097842977     
      1      2      2      4  0.000000000000000E+000
      2      4      2      4  -1.16345000000000     
      1      5      2      4  -1.38615000000000     
      4      5      2      4 -0.415250000000000     
      3      6      2      4 -0.415250000000000     
      1      3      3      4 -0.830500000000000     
      3      4      3      4  -1.96230000000000     
      1      2      1      5  0.000000000000000E+000
      2      4      1      5  -1.38615000000000     
      1      5      1      5  -1.16345000000000     
      4      5      1      5 -0.415250000000000     
      3      6      1      5 -0.415250000000000     
      2      5      2      5  -1.85652500000000     
      1      6      2      5  -1.20044111345580     
      4      6      2      5 -0.719234097842977     
      2      3      3      5 -0.415250000000000     
      1      4      3      5 -0.719234097842977     
      3      5      3      5  -1.96230000000000     
      1      2      4      5   2.26698434048407     
      2      4      4      5 -0.415250000000000     
      1      5      4      5 -0.415250000000000     
      4      5      4      5  -2.73735000000000     
      3      6      4      5  0.775050000000000     
      2      5      1      6  -1.20044111345580     
      1      6      1      6 -0.470375000000000     
      4      6      1      6 -0.415250000000000     
      2      6      2      6  -2.54960000000000     
      5      6      2      6 -0.830500000000000     
      1      2      3      6  -2.26698434048407     
      2      4      3      6 -0.415250000000000     
      1      5      3      6 -0.415250000000000     
      4      5      3      6  0.775050000000000     
      3      6      3      6  -2.73735000000000     
      2      5      4      6 -0.719234097842977     
      1      6      4      6 -0.415250000000000     
      4      6      4      6  -1.96230000000000     
      2      6      5      6 -0.830500000000000     
      5      6      5      6  -1.96230000000000     
      1      7      1      7  -7.97070000000000     
      4      7      1      7  0.569892710297298     
      3      8      1      7 -0.987083129098052     
      2      9      1      7 -0.987083129098052     
      5      9      1      7   3.19059344197909     
      1     10      1      7  0.569892710297298     
      4     10      1      7  -3.68417996520257     
      3     11      1      7   3.19059344197909     
      2      7      2      7  -4.60805000000000     
      5      7      2      7  0.569892710297298     
      1      8      2      7  -3.36265000000000     
      4      8      2      7 -0.569892710297298     
      6      9      2      7   1.62964280365989     
      2     10      2      7 -0.569892710297298     
      5     10      2      7  0.212447178941394     
      1     11      2      7  0.569892710297298     
      4     11      2      7  -2.05453716154268     
      3     12      2      7   3.89662714414396     
      3      7      3      7  -6.58415000000000     
      1      9      3      7  -4.03455000000000     
      4      9      3      7 -0.415250000000000     
      3     10      3      7  0.415250000000000     
      1      7      4      7  0.569892710297298     
      4      7      4      7  -6.55421250000000     
      3      8      4      7 -5.185327105159199E-002
      2      9      4      7   1.14858784240421     
      5      9      4      7   1.40293894210405     
      1     10      4      7  -4.69768750000000     
      4     10      4      7  -2.03522435176076     
      3     11      4      7   2.12217303994702     
      2      7      5      7  0.569892710297298     
      5      7      5      7  -6.52427500000000     
      1      8      5      7  0.569892710297298     
      4      8      5      7 -5.987499999999779E-002
      6      9      5      7   2.84521152764114     
      2     10      5      7   1.32627500000000     
      5     10      5      7  -1.22523717588038     
      1     11      5      7  -5.36082500000000     
      4     11      5      7 -0.809987175880380     
      3     12      5      7   3.26046152764114     
      6      7      6      7  -6.49433750000000     
      2      8      6      7  0.987083129098052     
      5      8      6      7 -5.185327105159199E-002
      6     10      6      7   2.84521152764114     
      2     11      6      7   1.14858784240421     
      5     11      6      7  -3.52511198205107     
      1     12      6      7  -6.02396250000000     
      4     12      6      7   3.26046152764114     
      2      7      1      8  -3.36265000000000     
      5      7      1      8  0.569892710297298     
      1      8      1      8  -4.60805000000000     
      4      8      1      8 -0.569892710297298     
      6      9      1      8   3.89662714414396     
      2     10      1      8 -0.569892710297298     
      5     10      1      8  -2.05453716154268     
      1     11      1      8  0.569892710297298     
      4     11      1      8  0.212447178941394     
      3     12      1      8   1.62964280365989     
      6      7      2      8  0.987083129098052     
      2      8      2      8  -7.97070000000000     
      5      8      2      8 -0.569892710297298     
      6     10      2      8   3.19059344197909     
      2     11      2      8 -0.569892710297298     
      5     11      2      8  -3.68417996520257     
      1     12      2      8  0.987083129098052     
      4     12      2      8   3.19059344197909     
      1      7      3      8 -0.987083129098052     
      4      7      3      8 -5.185327105159199E-002
      3      8      3      8  -6.49433750000000     
      2      9      3      8  -6.02396250000000     
      5      9      3      8  -3.26046152764114     
      1     10      3      8   1.14858784240421     
      4     10      3      8   3.52511198205107     
      3     11      3      8  -2.84521152764114     
      2      7      4      8 -0.569892710297298     
      5      7      4      8 -5.987499999999779E-002
      1      8      4      8 -0.569892710297298     
      4      8      4      8  -6.52427500000000     
      6      9      4      8  -3.26046152764114     
      2     10      4      8  -5.36082500000000     
      5     10      4      8  0.809987175880380     
      1     11      4      8   1.32627500000000     
      4     11      4      8   1.22523717588038     
      3     12      4      8  -2.84521152764114     
      6      7      5      8 -5.185327105159199E-002
      2      8      5      8 -0.569892710297298     
      5      8      5      8  -6.55421250000000     
      6     10      5      8  -2.12217303994702     
      2     11      5      8  -4.69768750000000     
      5     11      5      8   2.03522435176076     
      1     12      5      8   1.14858784240421     
      4     12      5      8  -1.40293894210405     
      6      8      6      8  -6.58415000000000     
      6     11      6      8 -0.415250000000000     
      2     12      6      8  -4.03455000000000     
      5     12      6      8  0.415250000000000     
      7      8      7      8  -1.24540000000000     
      8     10      7      8  0.000000000000000E+000
      7     11      7      8  0.000000000000000E+000
     10     11      7      8   2.26698434048407     
      9     12      7      8  -2.26698434048407     
      3      7      1      9  -4.03455000000000     
      1      9      1      9  -6.58415000000000     
      4      9      1      9  0.415250000000000     
      3     10      1      9 -0.415250000000000     
      1      7      2      9 -0.987083129098052     
      4      7      2      9   1.14858784240421     
      3      8      2      9  -6.02396250000000     
      2      9      2      9  -6.49433750000000     
      5      9      2      9  -2.84521152764114     
      1     10      2      9 -5.185327105159199E-002
      4     10      2      9   3.52511198205107     
      3     11      2      9  -3.26046152764114     
      3      9      3      9  -10.6187000000000     
      3      7      4      9 -0.415250000000000     
      1      9      4      9  0.415250000000000     
      4      9      4      9  -6.29050000000000     
      3     10      4      9  -4.32819999999999     
      1      7      5      9   3.19059344197909     
      4      7      5      9   1.40293894210405     
      3      8      5      9  -3.26046152764114     
      2      9      5      9  -2.84521152764114     
      5      9      5      9  -5.08159000000000     
      1     10      5      9   2.12217303994702     
      4     10      5      9  -1.39592902785206     
      3     11      5      9  -3.11929000000000     
      2      7      6      9   1.62964280365989     
      5      7      6      9   2.84521152764114     
      1      8      6      9   3.89662714414396     
      4      8      6      9  -3.26046152764114     
      6      9      6      9  -4.86466000000000     
      2     10      6      9  -2.84521152764114     
      5     10      6      9 -0.216929999999998     
      1     11      6      9   3.26046152764114     
      4     11      6      9 -0.991979999999998     
      3     12      6      9  -2.12731000000000     
      7      9      7      9  -2.54960000000000     
      9     10      7      9 -0.830500000000000     
      8      9      8      9 -0.470375000000000     
      7     10      8      9  -1.20044111345580     
      9     11      8      9 -0.415250000000000     
      1      7      1     10  0.569892710297298     
      4      7      1     10  -4.69768750000000     
      3      8      1     10   1.14858784240421     
      2      9      1     10 -5.185327105159199E-002
      5      9      1     10   2.12217303994702     
      1     10      1     10  -6.55421250000000     
      4     10      1     10  -2.03522435176076     
      3     11      1     10   1.40293894210405     
      2      7      2     10 -0.569892710297298     
      5      7      2     10   1.32627500000000     
      1      8      2     10 -0.569892710297298     
      4      8      2     10  -5.36082500000000     
      6      9      2     10  -2.84521152764114     
      2     10      2     10  -6.52427500000000     
      5     10      2     10   1.22523717588038     
      1     11      2     10 -5.987499999999779E-002
      4     11      2     10  0.809987175880380     
      3     12      2     10  -3.26046152764114     
      3      7      3     10  0.415250000000000     
      1      9      3     10 -0.415250000000000     
      4      9      3     10  -4.32819999999999     
      3     10      3     10  -6.29050000000000     
      1      7      4     10  -3.68417996520257     
      4      7      4     10  -2.03522435176076     
      3      8      4     10   3.52511198205107     
      2      9      4     10   3.52511198205107     
      5      9      4     10  -1.39592902785206     
      1     10      4     10  -2.03522435176076     
      4     10      4     10  -9.00682000000000     
      3     11      4     10  -1.39592902785206     
      2      7      5     10  0.212447178941394     
      5      7      5     10  -1.22523717588038     
      1      8      5     10  -2.05453716154268     
      4      8      5     10  0.809987175880380     
      6      9      5     10 -0.216929999999998     
      2     10      5     10   1.22523717588038     
      5     10      5     10  -6.47654000000000     
      1     11      5     10 -0.809987175880380     
      4     11      5     10  -3.73919000000000     
      3     12      5     10 -0.991979999999998     
      6      7      6     10   2.84521152764114     
      2      8      6     10   3.19059344197909     
      5      8      6     10  -2.12217303994702     
      6     10      6     10  -5.08159000000000     
      2     11      6     10  -1.40293894210405     
      5     11      6     10  -1.39592902785206     
      1     12      6     10   3.26046152764114     
      4     12      6     10  -3.11929000000000     
      8      9      7     10  -1.20044111345580     
      7     10      7     10  -1.85652500000000     
      9     11      7     10 -0.719234097842977     
      7      8      8     10  0.000000000000000E+000
      8     10      8     10  -1.16345000000000     
      7     11      8     10  -1.38615000000000     
     10     11      8     10 -0.415250000000000     
      9     12      8     10 -0.415250000000000     
      7      9      9     10 -0.830500000000000     
      9     10      9     10  -1.96230000000000     
      2      7      1     11  0.569892710297298     
      5      7      1     11  -5.36082500000000     
      1      8      1     11  0.569892710297298     
      4      8      1     11   1.32627500000000     
      6      9      1     11   3.26046152764114     
      2     10      1     11 -5.987499999999779E-002
      5     10      1     11 -0.809987175880380     
      1     11      1     11  -6.52427500000000     
      4     11      1     11  -1.22523717588038     
      3     12      1     11   2.84521152764114     
      6      7      2     11   1.14858784240421     
      2      8      2     11 -0.569892710297298     
      5      8      2     11  -4.69768750000000     
      6     10      2     11  -1.40293894210405     
      2     11      2     11  -6.55421250000000     
      5     11      2     11   2.03522435176076     
      1     12      2     11 -5.185327105159199E-002
      4     12      2     11  -2.12217303994702     
      1      7      3     11   3.19059344197909     
      4      7      3     11   2.12217303994702     
      3      8      3     11  -2.84521152764114     
      2      9      3     11  -3.26046152764114     
      5      9      3     11  -3.11929000000000     
      1     10      3     11   1.40293894210405     
      4     10      3     11  -1.39592902785206     
      3     11      3     11  -5.08159000000000     
      2      7      4     11  -2.05453716154268     
      5      7      4     11 -0.809987175880380     
      1      8      4     11  0.212447178941394     
      4      8      4     11   1.22523717588038     
      6      9      4     11 -0.991979999999998     
      2     10      4     11  0.809987175880380     
      5     10      4     11  -3.73919000000000     
      1     11      4     11  -1.22523717588038     
      4     11      4     11  -6.47654000000000     
      3     12      4     11 -0.216929999999998     
      6      7      5     11  -3.52511198205107     
      2      8      5     11  -3.68417996520257     
      5      8      5     11   2.03522435176076     
      6     10      5     11  -1.39592902785206     
      2     11      5     11   2.03522435176076     
      5     11      5     11  -9.00682000000000     
      1     12      5     11  -3.52511198205107     
      4     12      5     11  -1.39592902785206     
      6      8      6     11 -0.415250000000000     
      6     11      6     11  -6.29050000000000     
      2     12      6     11  0.415250000000000     
      5     12      6     11  -4.32819999999999     
      7      8      7     11  0.000000000000000E+000
      8     10      7     11  -1.38615000000000     
      7     11      7     11  -1.16345000000000     
     10     11      7     11 -0.415250000000000     
      9     12      7     11 -0.415250000000000     
      8     11      8     11  -1.85652500000000     
      7     12      8     11  -1.20044111345580     
     10     12      8     11 -0.719234097842977     
      8      9      9     11 -0.415250000000000     
      7     10      9     11 -0.719234097842977     
      9     11      9     11  -1.96230000000000     
      7      8     10     11   2.26698434048407     
      8     10     10     11 -0.415250000000000     
      7     11     10     11 -0.415250000000000     
     10     11     10     11  -2.73735000000000     
      9     12     10     11  0.775050000000000     
      6      7      1     12  -6.02396250000000     
      2      8      1     12  0.987083129098052     
      5      8      1     12   1.14858784240421     
      6     10      1     12   3.26046152764114     
      2     11      1     12 -5.185327105159199E-002
      5     11      1     12  -3.52511198205107     
      1     12      1     12  -6.49433750000000     
      4     12      1     12   2.84521152764114     
      6      8      2     12  -4.03455000000000     
      6     11      2     12  0.415250000000000     
      2     12      2     12  -6.58415000000000     
      5     12      2     12 -0.415250000000000     
      2      7      3     12   3.89662714414396     
      5      7      3     12   3.26046152764114     
      1      8      3     12   1.62964280365989     
      4      8      3     12  -2.84521152764114     
      6      9      3     12  -2.12731000000000     
      2     10      3     12  -3.26046152764114     
      5     10      3     12 -0.991979999999998     
      1     11      3     12   2.84521152764114     
      4     11      3     12 -0.216929999999998     
      3     12      3     12  -4.86466000000000     
      6      7      4     12   3.26046152764114     
      2      8      4     12   3.19059344197909     
      5      8      4     12  -1.40293894210405     
      6     10      4     12  -3.11929000000000     
      2     11      4     12  -2.12217303994702     
      5     11      4     12  -1.39592902785206     
      1     12      4     12   2.84521152764114     
      4     12      4     12  -5.08159000000000     
      6      8      5     12  0.415250000000000     
      6     11      5     12  -4.32819999999999     
      2     12      5     12 -0.415250000000000     
      5     12      5     12  -6.29050000000000     
      6     12      6     12  -10.6187000000000     
      8     11      7     12  -1.20044111345580     
      7     12      7     12 -0.470375000000000     
     10     12      7     12 -0.415250000000000     
      8     12      8     12  -2.54960000000000     
     11     12      8     12 -0.830500000000000     
      7      8      9     12  -2.26698434048407     
      8     10      9     12 -0.415250000000000     
      7     11      9     12 -0.415250000000000     
     10     11      9     12  0.775050000000000     
      9     12      9     12  -2.73735000000000     
      8     11     10     12 -0.719234097842977     
      7     12     10     12 -0.415250000000000     
     10     12     10     12  -1.96230000000000     
      8     12     11     12 -0.830500000000000     
     11     12     11     12  -1.96230000000000     
