      1      1      1      1           2           0   5.82428064807148     
      1      1      1      1           0           0  -12.5787500000000     
      1      1      1      2           2           0  -1.97416625819610     
      1      1      2      1           2           0  -1.97416625819610     
      1      1      2      2           4           0  -8.71312317727677     
      1      1      2      2           2           0   6.01321757610701     
      1      2      1      1           2           0   1.97416625819610     
      1      2      1      2           2           0  0.163974440653110     
      1      2      1      2           0           0  -18.4957743978270     
      1      2      2      1           4           0   13.4699896439096     
      1      2      2      1           2           0  -5.83945774327281     
      1      2      2      2           4           0   10.3104846506980     
      1      2      2      2           2           0   4.43648247519588     
      2      1      1      1           2           0   1.97416625819610     
      2      1      1      2           4           0   13.4699896439096     
      2      1      1      2           2           0  -5.83945774327281     
      2      1      2      1           2           0  0.163974440653110     
      2      1      2      1           0           0  -18.4957743978270     
      2      1      2      2           4           0   10.3104846506980     
      2      1      2      2           2           0   4.43648247519588     
      2      2      1      1           4           0  -8.71312317727677     
      2      2      1      1           2           0   6.01321757610702     
      2      2      1      2           4           0  -10.3104846506980     
      2      2      1      2           2           0  -4.43648247519588     
      2      2      2      1           4           0  -10.3104846506980     
      2      2      2      1           2           0  -4.43648247519588     
      2      2      2      2           6           0   5.62833322154082     
      2      2      2      2           4           0  -9.19307919385556     
      2      2      2      2           2           0   10.6642541427097     
      2      2      2      2           0           0  -26.8554500000000     
      1      1      1      1           2           0   5.82428064807148     
      1      1      1      1           0           0  -12.5787500000000     
      1      1      1      2           2           0  -1.97416625819610     
      1      1      2      1           2           0  -1.97416625819610     
      1      1      2      2           4           0  -8.71312317727677     
      1      1      2      2           2           0   6.01321757610701     
      1      2      1      1           2           0   1.97416625819610     
      1      2      1      2           2           0  0.163974440653110     
      1      2      1      2           0           0  -18.4957743978270     
      1      2      2      1           4           0   13.4699896439096     
      1      2      2      1           2           0  -5.83945774327281     
      1      2      2      2           4           0   10.3104846506980     
      1      2      2      2           2           0   4.43648247519588     
      2      1      1      1           2           0   1.97416625819610     
      2      1      1      2           4           0   13.4699896439096     
      2      1      1      2           2           0  -5.83945774327281     
      2      1      2      1           2           0  0.163974440653110     
      2      1      2      1           0           0  -18.4957743978270     
      2      1      2      2           4           0   10.3104846506980     
      2      1      2      2           2           0   4.43648247519588     
      2      2      1      1           4           0  -8.71312317727677     
      2      2      1      1           2           0   6.01321757610702     
      2      2      1      2           4           0  -10.3104846506980     
      2      2      1      2           2           0  -4.43648247519588     
      2      2      2      1           4           0  -10.3104846506980     
      2      2      2      1           2           0  -4.43648247519588     
      2      2      2      2           6           0   5.62833322154082     
      2      2      2      2           4           0  -9.19307919385556     
      2      2      2      2           2           0   10.6642541427097     
      2      2      2      2           0           0  -26.8554500000000     
          60           6
   1   1   3   3   0   0   0   0-12.5788   1   1
   1   1   3   3   2   0   0   0  5.8243   1   1
   1   1   3   4   2   0   0   0 -1.9742   1   1
   1   1   4   3   2   0   0   0  1.9742   1   1
   1   1   4   4   0   0   0   0-18.4958   1   1
   1   1   4   4   2   0   0   0  0.1640   1   1
   1   2   3   3   2   0   0   0 -1.9742   1   1
   1   2   3   4   2   0   0   0  6.0132   1   1
   1   2   3   4   4   0   0   0 -8.7131   1   1
   1   2   4   3   2   0   0   0 -5.8395   1   1
   1   2   4   3   4   0   0   0 13.4700   1   1
   1   2   4   4   2   0   0   0  4.4365   1   1
   1   2   4   4   4   0   0   0 10.3105   1   1
   2   1   3   3   2   0   0   0  1.9742   1   1
   2   1   3   4   2   0   0   0 -5.8395   1   1
   2   1   3   4   4   0   0   0 13.4700   1   1
   2   1   4   3   2   0   0   0  6.0132   1   1
   2   1   4   3   4   0   0   0 -8.7131   1   1
   2   1   4   4   2   0   0   0 -4.4365   1   1
   2   1   4   4   4   0   0   0-10.3105   1   1
   2   2   3   3   0   0   0   0-18.4958   1   1
   2   2   3   3   2   0   0   0  0.1640   1   1
   2   2   3   4   2   0   0   0  4.4365   1   1
   2   2   3   4   4   0   0   0 10.3105   1   1
   2   2   4   3   2   0   0   0 -4.4365   1   1
   2   2   4   3   4   0   0   0-10.3105   1   1
   2   2   4   4   0   0   0   0-26.8555   1   1
   2   2   4   4   2   0   0   0 10.6643   1   1
   2   2   4   4   4   0   0   0 -9.1931   1   1
   2   2   4   4   6   0   0   0  5.6283   1   1
   3   3   1   1   0   0   0   0-12.5788   1   1
   3   3   1   1   2   0   0   0  5.8243   1   1
   3   3   1   2   2   0   0   0 -1.9742   1   1
   3   3   2   1   2   0   0   0  1.9742   1   1
   3   3   2   2   0   0   0   0-18.4958   1   1
   3   3   2   2   2   0   0   0  0.1640   1   1
   3   4   1   1   2   0   0   0 -1.9742   1   1
   3   4   1   2   2   0   0   0  6.0132   1   1
   3   4   1   2   4   0   0   0 -8.7131   1   1
   3   4   2   1   2   0   0   0 -5.8395   1   1
   3   4   2   1   4   0   0   0 13.4700   1   1
   3   4   2   2   2   0   0   0  4.4365   1   1
   3   4   2   2   4   0   0   0 10.3105   1   1
   4   3   1   1   2   0   0   0  1.9742   1   1
   4   3   1   2   2   0   0   0 -5.8395   1   1
   4   3   1   2   4   0   0   0 13.4700   1   1
   4   3   2   1   2   0   0   0  6.0132   1   1
   4   3   2   1   4   0   0   0 -8.7131   1   1
   4   3   2   2   2   0   0   0 -4.4365   1   1
   4   3   2   2   4   0   0   0-10.3105   1   1
   4   4   1   1   0   0   0   0-18.4958   1   1
   4   4   1   1   2   0   0   0  0.1640   1   1
   4   4   1   2   2   0   0   0  4.4365   1   1
   4   4   1   2   4   0   0   0 10.3105   1   1
   4   4   2   1   2   0   0   0 -4.4365   1   1
   4   4   2   1   4   0   0   0-10.3105   1   1
   4   4   2   2   0   0   0   0-26.8555   1   1
   4   4   2   2   2   0   0   0 10.6643   1   1
   4   4   2   2   4   0   0   0 -9.1931   1   1
   4   4   2   2   6   0   0   0  5.6283   1   1
