 ! Total Interaction
  20
   1   1   1   1     1     0  -8.1291
   1   2   1   1     1     0  -1.6449
   2   2   1   1     1     0   5.8572
   1   1   1   2     1     0  -1.6449
   1   2   1   2     1     0 -13.2780
   2   2   1   2     1     0  -9.1136
   1   1   2   2     1     0   5.8572
   1   2   2   2     1     0  -9.1136
   2   2   2   2     1     0  -6.6916
   1   2   1   2     2     0 -10.8038
   2   2   2   2     3     0 -10.8038
   1   1   1   1     0     1  -1.2310
   2   2   1   1     0     1  -3.3052
   1   1   2   2     0     1  -3.3052
   2   2   2   2     0     1  -3.5681
   1   2   1   2     1     1   0.2597
   1   2   1   2     2     1  -2.6290
   2   2   1   2     2     1   0.8456
   1   2   2   2     2     1   0.8456
   2   2   2   2     2     1  -2.0311
