      1      2      1      2  -1.23100000000000     
      2      4      1      2  0.000000000000000E+000
      1      5      1      2  0.000000000000000E+000
      4      5      1      2   2.33712933317778     
      3      6      1      2  -2.33712933317778     
      1      3      1      3  -2.62900000000000     
      3      4      1      3 -0.845600000000000     
      2      3      2      3 -0.462475000000000     
      1      4      2      3  -1.25084379195605     
      3      5      2      3 -0.422800000000000     
      2      3      1      4  -1.25084379195605     
      1      4      1      4  -1.90682500000000     
      3      5      1      4 -0.732311081440122     
      1      2      2      4  0.000000000000000E+000
      2      4      2      4  -1.18465000000000     
      1      5      2      4  -1.44435000000000     
      4      5      2      4 -0.422800000000000     
      3      6      2      4 -0.422800000000000     
      1      3      3      4 -0.845600000000000     
      3      4      3      4  -2.03110000000000     
      1      2      1      5  0.000000000000000E+000
      2      4      1      5  -1.44435000000000     
      1      5      1      5  -1.18465000000000     
      4      5      1      5 -0.422800000000000     
      3      6      1      5 -0.422800000000000     
      2      5      2      5  -1.90682500000000     
      1      6      2      5  -1.25084379195605     
      4      6      2      5 -0.732311081440122     
      2      3      3      5 -0.422800000000000     
      1      4      3      5 -0.732311081440122     
      3      5      3      5  -2.03110000000000     
      1      2      4      5   2.33712933317778     
      2      4      4      5 -0.422800000000000     
      1      5      4      5 -0.422800000000000     
      4      5      4      5  -2.79960000000000     
      3      6      4      5  0.768500000000000     
      2      5      1      6  -1.25084379195605     
      1      6      1      6 -0.462475000000000     
      4      6      1      6 -0.422800000000000     
      2      6      2      6  -2.62900000000000     
      5      6      2      6 -0.845600000000000     
      1      2      3      6  -2.33712933317778     
      2      4      3      6 -0.422800000000000     
      1      5      3      6 -0.422800000000000     
      4      5      3      6  0.768500000000000     
      3      6      3      6  -2.79960000000000     
      2      5      4      6 -0.732311081440122     
      1      6      4      6 -0.422800000000000     
      4      6      4      6  -2.03110000000000     
      2      6      5      6 -0.845600000000000     
      5      6      5      6  -2.03110000000000     
      1      7      1      7  -8.12910000000000     
      4      7      1      7  0.581559972186876     
      3      8      1      7  -1.00729141947601     
      2      9      1      7  -1.00729141947601     
      5      9      1      7   3.20812056381926     
      1     10      1      7  0.581559972186876     
      4     10      1      7  -3.70441854222765     
      3     11      1      7   3.20812056381926     
      2      7      2      7  -4.68005000000000     
      5      7      2      7  0.581559972186876     
      1      8      2      7  -3.44905000000000     
      4      8      2      7 -0.581559972186876     
      6      9      2      7   1.60974924008185     
      2     10      2      7 -0.581559972186876     
      5     10      2      7  0.242460031031977     
      1     11      2      7  0.581559972186876     
      4     11      2      7  -2.09466930214580     
      3     12      2      7   3.94687857325962     
      3      7      3      7  -6.71640000000000     
      1      9      3      7  -4.08740000000000     
      4      9      3      7 -0.422800000000000     
      3     10      3      7  0.422800000000000     
      1      7      4      7  0.581559972186876     
      4      7      4      7  -6.66458750000000     
      3      8      4      7 -8.974188246716175E-002
      2      9      4      7   1.16110190948889     
      5      9      4      7   1.39868551047974     
      1     10      4      7  -4.75776250000000     
      4     10      4      7  -2.03786291197421     
      3     11      4      7   2.13099659191986     
      2      7      5      7  0.581559972186876     
      5      7      5      7  -6.61277500000000     
      1      8      5      7  0.581559972186876     
      4      8      5      7 -0.103624999999999     
      6      9      5      7   2.84539436796131     
      2     10      5      7   1.34072500000000     
      5     10      5      7  -1.23033145598711     
      1     11      5      7  -5.42812500000000     
      4     11      5      7 -0.807531455987105     
      3     12      5      7   3.26819436796132     
      6      7      6      7  -6.56096250000000     
      2      8      6      7   1.00729141947601     
      5      8      6      7 -8.974188246716086E-002
      6     10      6      7   2.84539436796131     
      2     11      6      7   1.16110190948889     
      5     11      6      7  -3.52968210239959     
      1     12      6      7  -6.09848750000000     
      4     12      6      7   3.26819436796132     
      2      7      1      8  -3.44905000000000     
      5      7      1      8  0.581559972186876     
      1      8      1      8  -4.68005000000000     
      4      8      1      8 -0.581559972186876     
      6      9      1      8   3.94687857325962     
      2     10      1      8 -0.581559972186876     
      5     10      1      8  -2.09466930214580     
      1     11      1      8  0.581559972186876     
      4     11      1      8  0.242460031031977     
      3     12      1      8   1.60974924008185     
      6      7      2      8   1.00729141947601     
      2      8      2      8  -8.12910000000000     
      5      8      2      8 -0.581559972186876     
      6     10      2      8   3.20812056381926     
      2     11      2      8 -0.581559972186876     
      5     11      2      8  -3.70441854222765     
      1     12      2      8   1.00729141947601     
      4     12      2      8   3.20812056381926     
      1      7      3      8  -1.00729141947601     
      4      7      3      8 -8.974188246716086E-002
      3      8      3      8  -6.56096250000000     
      2      9      3      8  -6.09848750000000     
      5      9      3      8  -3.26819436796132     
      1     10      3      8   1.16110190948889     
      4     10      3      8   3.52968210239959     
      3     11      3      8  -2.84539436796131     
      2      7      4      8 -0.581559972186876     
      5      7      4      8 -0.103624999999999     
      1      8      4      8 -0.581559972186876     
      4      8      4      8  -6.61277500000000     
      6      9      4      8  -3.26819436796132     
      2     10      4      8  -5.42812500000000     
      5     10      4      8  0.807531455987105     
      1     11      4      8   1.34072500000000     
      4     11      4      8   1.23033145598711     
      3     12      4      8  -2.84539436796131     
      6      7      5      8 -8.974188246716175E-002
      2      8      5      8 -0.581559972186876     
      5      8      5      8  -6.66458750000000     
      6     10      5      8  -2.13099659191986     
      2     11      5      8  -4.75776250000000     
      5     11      5      8   2.03786291197421     
      1     12      5      8   1.16110190948889     
      4     12      5      8  -1.39868551047974     
      6      8      6      8  -6.71640000000000     
      6     11      6      8 -0.422800000000000     
      2     12      6      8  -4.08740000000000     
      5     12      6      8  0.422800000000000     
      7      8      7      8  -1.23100000000000     
      8     10      7      8  0.000000000000000E+000
      7     11      7      8  0.000000000000000E+000
     10     11      7      8   2.33712933317778     
      9     12      7      8  -2.33712933317778     
      3      7      1      9  -4.08740000000000     
      1      9      1      9  -6.71640000000000     
      4      9      1      9  0.422800000000000     
      3     10      1      9 -0.422800000000000     
      1      7      2      9  -1.00729141947601     
      4      7      2      9   1.16110190948889     
      3      8      2      9  -6.09848750000000     
      2      9      2      9  -6.56096250000000     
      5      9      2      9  -2.84539436796131     
      1     10      2      9 -8.974188246716086E-002
      4     10      2      9   3.52968210239959     
      3     11      2      9  -3.26819436796132     
      3      9      3      9  -10.8038000000000     
      3      7      4      9 -0.422800000000000     
      1      9      4      9  0.422800000000000     
      4      9      4      9  -6.41745000000000     
      3     10      4      9  -4.38634999999999     
      1      7      5      9   3.20812056381926     
      4      7      5      9   1.39868551047974     
      3      8      5      9  -3.26819436796132     
      2      9      5      9  -2.84539436796131     
      5      9      5      9  -5.18379000000000     
      1     10      5      9   2.13099659191986     
      4     10      5      9  -1.42450786617694     
      3     11      5      9  -3.15269000000000     
      2      7      6      9   1.60974924008185     
      5      7      6      9   2.84539436796131     
      1      8      6      9   3.94687857325962     
      4      8      6      9  -3.26819436796132     
      6      9      6      9  -4.95121000000000     
      2     10      6      9  -2.84539436796131     
      5     10      6      9 -0.232579999999998     
      1     11      6      9   3.26819436796132     
      4     11      6      9  -1.00108000000000     
      3     12      6      9  -2.15161000000000     
      7      9      7      9  -2.62900000000000     
      9     10      7      9 -0.845600000000000     
      8      9      8      9 -0.462475000000000     
      7     10      8      9  -1.25084379195605     
      9     11      8      9 -0.422800000000000     
      1      7      1     10  0.581559972186876     
      4      7      1     10  -4.75776250000000     
      3      8      1     10   1.16110190948889     
      2      9      1     10 -8.974188246716175E-002
      5      9      1     10   2.13099659191986     
      1     10      1     10  -6.66458750000000     
      4     10      1     10  -2.03786291197421     
      3     11      1     10   1.39868551047974     
      2      7      2     10 -0.581559972186876     
      5      7      2     10   1.34072500000000     
      1      8      2     10 -0.581559972186876     
      4      8      2     10  -5.42812500000000     
      6      9      2     10  -2.84539436796131     
      2     10      2     10  -6.61277500000000     
      5     10      2     10   1.23033145598711     
      1     11      2     10 -0.103624999999999     
      4     11      2     10  0.807531455987105     
      3     12      2     10  -3.26819436796132     
      3      7      3     10  0.422800000000000     
      1      9      3     10 -0.422800000000000     
      4      9      3     10  -4.38634999999999     
      3     10      3     10  -6.41744999999999     
      1      7      4     10  -3.70441854222765     
      4      7      4     10  -2.03786291197421     
      3      8      4     10   3.52968210239959     
      2      9      4     10   3.52968210239959     
      5      9      4     10  -1.42450786617694     
      1     10      4     10  -2.03786291197421     
      4     10      4     10  -9.15892000000000     
      3     11      4     10  -1.42450786617694     
      2      7      5     10  0.242460031031977     
      5      7      5     10  -1.23033145598710     
      1      8      5     10  -2.09466930214580     
      4      8      5     10  0.807531455987105     
      6      9      5     10 -0.232579999999997     
      2     10      5     10   1.23033145598710     
      5     10      5     10  -6.59609000000000     
      1     11      5     10 -0.807531455987105     
      4     11      5     10  -3.79649000000000     
      3     12      5     10  -1.00108000000000     
      6      7      6     10   2.84539436796131     
      2      8      6     10   3.20812056381926     
      5      8      6     10  -2.13099659191986     
      6     10      6     10  -5.18379000000000     
      2     11      6     10  -1.39868551047974     
      5     11      6     10  -1.42450786617694     
      1     12      6     10   3.26819436796132     
      4     12      6     10  -3.15269000000000     
      8      9      7     10  -1.25084379195605     
      7     10      7     10  -1.90682500000000     
      9     11      7     10 -0.732311081440122     
      7      8      8     10  0.000000000000000E+000
      8     10      8     10  -1.18465000000000     
      7     11      8     10  -1.44435000000000     
     10     11      8     10 -0.422800000000000     
      9     12      8     10 -0.422800000000000     
      7      9      9     10 -0.845600000000000     
      9     10      9     10  -2.03110000000000     
      2      7      1     11  0.581559972186876     
      5      7      1     11  -5.42812500000000     
      1      8      1     11  0.581559972186876     
      4      8      1     11   1.34072500000000     
      6      9      1     11   3.26819436796132     
      2     10      1     11 -0.103624999999999     
      5     10      1     11 -0.807531455987105     
      1     11      1     11  -6.61277500000000     
      4     11      1     11  -1.23033145598711     
      3     12      1     11   2.84539436796131     
      6      7      2     11   1.16110190948889     
      2      8      2     11 -0.581559972186876     
      5      8      2     11  -4.75776250000000     
      6     10      2     11  -1.39868551047974     
      2     11      2     11  -6.66458750000000     
      5     11      2     11   2.03786291197421     
      1     12      2     11 -8.974188246716175E-002
      4     12      2     11  -2.13099659191986     
      1      7      3     11   3.20812056381926     
      4      7      3     11   2.13099659191986     
      3      8      3     11  -2.84539436796131     
      2      9      3     11  -3.26819436796132     
      5      9      3     11  -3.15269000000000     
      1     10      3     11   1.39868551047974     
      4     10      3     11  -1.42450786617694     
      3     11      3     11  -5.18379000000000     
      2      7      4     11  -2.09466930214580     
      5      7      4     11 -0.807531455987105     
      1      8      4     11  0.242460031031977     
      4      8      4     11   1.23033145598710     
      6      9      4     11  -1.00108000000000     
      2     10      4     11  0.807531455987105     
      5     10      4     11  -3.79649000000000     
      1     11      4     11  -1.23033145598710     
      4     11      4     11  -6.59609000000000     
      3     12      4     11 -0.232579999999997     
      6      7      5     11  -3.52968210239959     
      2      8      5     11  -3.70441854222765     
      5      8      5     11   2.03786291197421     
      6     10      5     11  -1.42450786617694     
      2     11      5     11   2.03786291197421     
      5     11      5     11  -9.15892000000000     
      1     12      5     11  -3.52968210239959     
      4     12      5     11  -1.42450786617694     
      6      8      6     11 -0.422800000000000     
      6     11      6     11  -6.41745000000000     
      2     12      6     11  0.422800000000000     
      5     12      6     11  -4.38634999999999     
      7      8      7     11  0.000000000000000E+000
      8     10      7     11  -1.44435000000000     
      7     11      7     11  -1.18465000000000     
     10     11      7     11 -0.422800000000000     
      9     12      7     11 -0.422800000000000     
      8     11      8     11  -1.90682500000000     
      7     12      8     11  -1.25084379195605     
     10     12      8     11 -0.732311081440122     
      8      9      9     11 -0.422800000000000     
      7     10      9     11 -0.732311081440122     
      9     11      9     11  -2.03110000000000     
      7      8     10     11   2.33712933317778     
      8     10     10     11 -0.422800000000000     
      7     11     10     11 -0.422800000000000     
     10     11     10     11  -2.79960000000000     
      9     12     10     11  0.768500000000000     
      6      7      1     12  -6.09848750000000     
      2      8      1     12   1.00729141947601     
      5      8      1     12   1.16110190948889     
      6     10      1     12   3.26819436796132     
      2     11      1     12 -8.974188246716086E-002
      5     11      1     12  -3.52968210239959     
      1     12      1     12  -6.56096250000000     
      4     12      1     12   2.84539436796131     
      6      8      2     12  -4.08740000000000     
      6     11      2     12  0.422800000000000     
      2     12      2     12  -6.71640000000000     
      5     12      2     12 -0.422800000000000     
      2      7      3     12   3.94687857325962     
      5      7      3     12   3.26819436796132     
      1      8      3     12   1.60974924008185     
      4      8      3     12  -2.84539436796131     
      6      9      3     12  -2.15161000000000     
      2     10      3     12  -3.26819436796132     
      5     10      3     12  -1.00108000000000     
      1     11      3     12   2.84539436796131     
      4     11      3     12 -0.232579999999998     
      3     12      3     12  -4.95121000000000     
      6      7      4     12   3.26819436796132     
      2      8      4     12   3.20812056381926     
      5      8      4     12  -1.39868551047974     
      6     10      4     12  -3.15269000000000     
      2     11      4     12  -2.13099659191986     
      5     11      4     12  -1.42450786617694     
      1     12      4     12   2.84539436796131     
      4     12      4     12  -5.18379000000000     
      6      8      5     12  0.422800000000000     
      6     11      5     12  -4.38634999999999     
      2     12      5     12 -0.422800000000000     
      5     12      5     12  -6.41744999999999     
      6     12      6     12  -10.8038000000000     
      8     11      7     12  -1.25084379195605     
      7     12      7     12 -0.462475000000000     
     10     12      7     12 -0.422800000000000     
      8     12      8     12  -2.62900000000000     
     11     12      8     12 -0.845600000000000     
      7      8      9     12  -2.33712933317778     
      8     10      9     12 -0.422800000000000     
      7     11      9     12 -0.422800000000000     
     10     11      9     12  0.768500000000000     
      9     12      9     12  -2.79960000000000     
      8     11     10     12 -0.732311081440122     
      7     12     10     12 -0.422800000000000     
     10     12     10     12  -2.03110000000000     
      8     12     11     12 -0.845600000000000     
     11     12     11     12  -2.03110000000000     
