      1      1      1      1           2           0   5.97392983784544     
      1      1      1      1           0           0  -12.8091500000000     
      1      1      1      2           2           0  -2.01458283895203     
      1      1      2      1           2           0  -2.01458283895203     
      1      1      2      2           4           0  -8.82548878874590     
      1      1      2      2           2           0   5.99628803508640     
      1      2      1      1           2           0   2.01458283895203     
      1      2      1      2           2           0  0.283788750107367     
      1      2      1      2           0           0  -18.7770261200439     
      1      2      2      1           4           0   13.6366326099327     
      1      2      2      1           2           0  -5.91848256136814     
      1      2      2      2           4           0   10.3349380388922     
      1      2      2      2           2           0   4.42303194339127     
      2      1      1      1           2           0   2.01458283895203     
      2      1      1      2           4           0   13.6366326099327     
      2      1      1      2           2           0  -5.91848256136814     
      2      1      2      1           2           0  0.283788750107367     
      2      1      2      1           0           0  -18.7770261200439     
      2      1      2      2           4           0   10.3349380388922     
      2      1      2      2           2           0   4.42303194339127     
      2      2      1      1           4           0  -8.82548878874590     
      2      2      1      1           2           0   5.99628803508641     
      2      2      1      2           4           0  -10.3349380388922     
      2      2      1      2           2           0  -4.42303194339127     
      2      2      2      1           4           0  -10.3349380388922     
      2      2      2      1           2           0  -4.42303194339127     
      2      2      2      2           6           0   5.69262497839969     
      2      2      2      2           4           0  -9.28811208289931     
      2      2      2      2           2           0   10.8492371689580     
      2      2      2      2           0           0  -27.3562500000000     
      1      1      1      1           2           0   5.97392983784544     
      1      1      1      1           0           0  -12.8091500000000     
      1      1      1      2           2           0  -2.01458283895203     
      1      1      2      1           2           0  -2.01458283895203     
      1      1      2      2           4           0  -8.82548878874590     
      1      1      2      2           2           0   5.99628803508640     
      1      2      1      1           2           0   2.01458283895203     
      1      2      1      2           2           0  0.283788750107367     
      1      2      1      2           0           0  -18.7770261200439     
      1      2      2      1           4           0   13.6366326099327     
      1      2      2      1           2           0  -5.91848256136814     
      1      2      2      2           4           0   10.3349380388922     
      1      2      2      2           2           0   4.42303194339127     
      2      1      1      1           2           0   2.01458283895203     
      2      1      1      2           4           0   13.6366326099327     
      2      1      1      2           2           0  -5.91848256136814     
      2      1      2      1           2           0  0.283788750107367     
      2      1      2      1           0           0  -18.7770261200439     
      2      1      2      2           4           0   10.3349380388922     
      2      1      2      2           2           0   4.42303194339127     
      2      2      1      1           4           0  -8.82548878874590     
      2      2      1      1           2           0   5.99628803508641     
      2      2      1      2           4           0  -10.3349380388922     
      2      2      1      2           2           0  -4.42303194339127     
      2      2      2      1           4           0  -10.3349380388922     
      2      2      2      1           2           0  -4.42303194339127     
      2      2      2      2           6           0   5.69262497839969     
      2      2      2      2           4           0  -9.28811208289931     
      2      2      2      2           2           0   10.8492371689580     
      2      2      2      2           0           0  -27.3562500000000     
          60           6
   1   1   3   3   0   0   0   0-12.8092   1   1
   1   1   3   3   2   0   0   0  5.9739   1   1
   1   1   3   4   2   0   0   0 -2.0146   1   1
   1   1   4   3   2   0   0   0  2.0146   1   1
   1   1   4   4   0   0   0   0-18.7770   1   1
   1   1   4   4   2   0   0   0  0.2838   1   1
   1   2   3   3   2   0   0   0 -2.0146   1   1
   1   2   3   4   2   0   0   0  5.9963   1   1
   1   2   3   4   4   0   0   0 -8.8255   1   1
   1   2   4   3   2   0   0   0 -5.9185   1   1
   1   2   4   3   4   0   0   0 13.6366   1   1
   1   2   4   4   2   0   0   0  4.4230   1   1
   1   2   4   4   4   0   0   0 10.3349   1   1
   2   1   3   3   2   0   0   0  2.0146   1   1
   2   1   3   4   2   0   0   0 -5.9185   1   1
   2   1   3   4   4   0   0   0 13.6366   1   1
   2   1   4   3   2   0   0   0  5.9963   1   1
   2   1   4   3   4   0   0   0 -8.8255   1   1
   2   1   4   4   2   0   0   0 -4.4230   1   1
   2   1   4   4   4   0   0   0-10.3349   1   1
   2   2   3   3   0   0   0   0-18.7770   1   1
   2   2   3   3   2   0   0   0  0.2838   1   1
   2   2   3   4   2   0   0   0  4.4230   1   1
   2   2   3   4   4   0   0   0 10.3349   1   1
   2   2   4   3   2   0   0   0 -4.4230   1   1
   2   2   4   3   4   0   0   0-10.3349   1   1
   2   2   4   4   0   0   0   0-27.3563   1   1
   2   2   4   4   2   0   0   0 10.8492   1   1
   2   2   4   4   4   0   0   0 -9.2881   1   1
   2   2   4   4   6   0   0   0  5.6926   1   1
   3   3   1   1   0   0   0   0-12.8092   1   1
   3   3   1   1   2   0   0   0  5.9739   1   1
   3   3   1   2   2   0   0   0 -2.0146   1   1
   3   3   2   1   2   0   0   0  2.0146   1   1
   3   3   2   2   0   0   0   0-18.7770   1   1
   3   3   2   2   2   0   0   0  0.2838   1   1
   3   4   1   1   2   0   0   0 -2.0146   1   1
   3   4   1   2   2   0   0   0  5.9963   1   1
   3   4   1   2   4   0   0   0 -8.8255   1   1
   3   4   2   1   2   0   0   0 -5.9185   1   1
   3   4   2   1   4   0   0   0 13.6366   1   1
   3   4   2   2   2   0   0   0  4.4230   1   1
   3   4   2   2   4   0   0   0 10.3349   1   1
   4   3   1   1   2   0   0   0  2.0146   1   1
   4   3   1   2   2   0   0   0 -5.9185   1   1
   4   3   1   2   4   0   0   0 13.6366   1   1
   4   3   2   1   2   0   0   0  5.9963   1   1
   4   3   2   1   4   0   0   0 -8.8255   1   1
   4   3   2   2   2   0   0   0 -4.4230   1   1
   4   3   2   2   4   0   0   0-10.3349   1   1
   4   4   1   1   0   0   0   0-18.7770   1   1
   4   4   1   1   2   0   0   0  0.2838   1   1
   4   4   1   2   2   0   0   0  4.4230   1   1
   4   4   1   2   4   0   0   0 10.3349   1   1
   4   4   2   1   2   0   0   0 -4.4230   1   1
   4   4   2   1   4   0   0   0-10.3349   1   1
   4   4   2   2   0   0   0   0-27.3563   1   1
   4   4   2   2   2   0   0   0 10.8492   1   1
   4   4   2   2   4   0   0   0 -9.2881   1   1
   4   4   2   2   6   0   0   0  5.6926   1   1
