 ! Total Interaction
  20
   1   1   1   1     1     0  -8.2861
   1   2   1   1     1     0  -0.2453
   2   2   1   1     1     0   3.5652
   1   1   1   2     1     0  -0.2453
   1   2   1   2     1     0 -13.3099
   2   2   1   2     1     0  -6.7425
   1   1   2   2     1     0   3.5652
   1   2   2   2     1     0  -6.7425
   2   2   2   2     1     0  -8.9229
   1   2   1   2     2     0  -9.5362
   2   2   2   2     3     0  -9.5362
   1   1   1   1     0     1  -1.1868
   2   2   1   1     0     1  -3.7844
   1   1   2   2     0     1  -3.7844
   2   2   2   2     0     1  -3.8627
   1   2   1   2     1     1   0.6928
   1   2   1   2     2     1  -3.0768
   2   2   1   2     2     1   1.5393
   1   2   2   2     2     1   1.5393
   2   2   2   2     2     1  -1.9884
