      1      1      1      1           2           0   6.14817414908686     
      1      1      1      1           0           0  -13.0225500000000     
      1      1      1      2           2           0 -0.300429916952357     
      1      1      2      1           2           0 -0.300429916952357     
      1      1      2      2           4           0  -6.77329653871472     
      1      1      2      2           2           0   2.56438890939638     
      1      2      1      1           2           0  0.300429916952357     
      1      2      1      2           2           0 -2.807078107213812E-003
      1      2      1      2           0           0  -17.8396500155640     
      1      2      2      1           4           0   13.5470780874339     
      1      2      2      1           2           0  -3.96083213611341     
      1      2      2      2           4           0   8.36842470879974     
      1      2      2      2           2           0   2.02114781575964     
      2      1      1      1           2           0  0.300429916952357     
      2      1      1      2           4           0   13.5470780874339     
      2      1      1      2           2           0  -3.96083213611341     
      2      1      2      1           2           0 -2.807078107213812E-003
      2      1      2      1           0           0  -17.8396500155640     
      2      1      2      2           4           0   8.36842470879974     
      2      1      2      2           2           0   2.02114781575964     
      2      2      1      1           4           0  -6.77329653871472     
      2      2      1      1           2           0   2.56438890939638     
      2      2      1      2           4           0  -8.36842470879974     
      2      2      1      2           2           0  -2.02114781575964     
      2      2      2      1           4           0  -8.36842470879974     
      2      2      2      1           2           0  -2.02114781575964     
      2      2      2      2           6           0   8.01488027666041     
      2      2      2      2           4           0  -9.28075541925333     
      2      2      2      2           2           0   6.30923755368269     
      2      2      2      2           0           0  -26.8317000000000     
      1      1      1      1           2           0   6.14817414908686     
      1      1      1      1           0           0  -13.0225500000000     
      1      1      1      2           2           0 -0.300429916952357     
      1      1      2      1           2           0 -0.300429916952357     
      1      1      2      2           4           0  -6.77329653871472     
      1      1      2      2           2           0   2.56438890939638     
      1      2      1      1           2           0  0.300429916952357     
      1      2      1      2           2           0 -2.807078107213812E-003
      1      2      1      2           0           0  -17.8396500155640     
      1      2      2      1           4           0   13.5470780874339     
      1      2      2      1           2           0  -3.96083213611341     
      1      2      2      2           4           0   8.36842470879974     
      1      2      2      2           2           0   2.02114781575964     
      2      1      1      1           2           0  0.300429916952357     
      2      1      1      2           4           0   13.5470780874339     
      2      1      1      2           2           0  -3.96083213611341     
      2      1      2      1           2           0 -2.807078107213812E-003
      2      1      2      1           0           0  -17.8396500155640     
      2      1      2      2           4           0   8.36842470879974     
      2      1      2      2           2           0   2.02114781575964     
      2      2      1      1           4           0  -6.77329653871472     
      2      2      1      1           2           0   2.56438890939638     
      2      2      1      2           4           0  -8.36842470879974     
      2      2      1      2           2           0  -2.02114781575964     
      2      2      2      1           4           0  -8.36842470879974     
      2      2      2      1           2           0  -2.02114781575964     
      2      2      2      2           6           0   8.01488027666041     
      2      2      2      2           4           0  -9.28075541925333     
      2      2      2      2           2           0   6.30923755368269     
      2      2      2      2           0           0  -26.8317000000000     
          60           6
   1   1   3   3   0   0   0   0-13.0226   1   1
   1   1   3   3   2   0   0   0  6.1482   1   1
   1   1   3   4   2   0   0   0 -0.3004   1   1
   1   1   4   3   2   0   0   0  0.3004   1   1
   1   1   4   4   0   0   0   0-17.8397   1   1
   1   1   4   4   2   0   0   0 -0.0028   1   1
   1   2   3   3   2   0   0   0 -0.3004   1   1
   1   2   3   4   2   0   0   0  2.5644   1   1
   1   2   3   4   4   0   0   0 -6.7733   1   1
   1   2   4   3   2   0   0   0 -3.9608   1   1
   1   2   4   3   4   0   0   0 13.5471   1   1
   1   2   4   4   2   0   0   0  2.0211   1   1
   1   2   4   4   4   0   0   0  8.3684   1   1
   2   1   3   3   2   0   0   0  0.3004   1   1
   2   1   3   4   2   0   0   0 -3.9608   1   1
   2   1   3   4   4   0   0   0 13.5471   1   1
   2   1   4   3   2   0   0   0  2.5644   1   1
   2   1   4   3   4   0   0   0 -6.7733   1   1
   2   1   4   4   2   0   0   0 -2.0211   1   1
   2   1   4   4   4   0   0   0 -8.3684   1   1
   2   2   3   3   0   0   0   0-17.8397   1   1
   2   2   3   3   2   0   0   0 -0.0028   1   1
   2   2   3   4   2   0   0   0  2.0211   1   1
   2   2   3   4   4   0   0   0  8.3684   1   1
   2   2   4   3   2   0   0   0 -2.0211   1   1
   2   2   4   3   4   0   0   0 -8.3684   1   1
   2   2   4   4   0   0   0   0-26.8317   1   1
   2   2   4   4   2   0   0   0  6.3092   1   1
   2   2   4   4   4   0   0   0 -9.2808   1   1
   2   2   4   4   6   0   0   0  8.0149   1   1
   3   3   1   1   0   0   0   0-13.0226   1   1
   3   3   1   1   2   0   0   0  6.1482   1   1
   3   3   1   2   2   0   0   0 -0.3004   1   1
   3   3   2   1   2   0   0   0  0.3004   1   1
   3   3   2   2   0   0   0   0-17.8397   1   1
   3   3   2   2   2   0   0   0 -0.0028   1   1
   3   4   1   1   2   0   0   0 -0.3004   1   1
   3   4   1   2   2   0   0   0  2.5644   1   1
   3   4   1   2   4   0   0   0 -6.7733   1   1
   3   4   2   1   2   0   0   0 -3.9608   1   1
   3   4   2   1   4   0   0   0 13.5471   1   1
   3   4   2   2   2   0   0   0  2.0211   1   1
   3   4   2   2   4   0   0   0  8.3684   1   1
   4   3   1   1   2   0   0   0  0.3004   1   1
   4   3   1   2   2   0   0   0 -3.9608   1   1
   4   3   1   2   4   0   0   0 13.5471   1   1
   4   3   2   1   2   0   0   0  2.5644   1   1
   4   3   2   1   4   0   0   0 -6.7733   1   1
   4   3   2   2   2   0   0   0 -2.0211   1   1
   4   3   2   2   4   0   0   0 -8.3684   1   1
   4   4   1   1   0   0   0   0-17.8397   1   1
   4   4   1   1   2   0   0   0 -0.0028   1   1
   4   4   1   2   2   0   0   0  2.0211   1   1
   4   4   1   2   4   0   0   0  8.3684   1   1
   4   4   2   1   2   0   0   0 -2.0211   1   1
   4   4   2   1   4   0   0   0 -8.3684   1   1
   4   4   2   2   0   0   0   0-26.8317   1   1
   4   4   2   2   2   0   0   0  6.3092   1   1
   4   4   2   2   4   0   0   0 -9.2808   1   1
   4   4   2   2   6   0   0   0  8.0149   1   1
