      1      2      1      2  -1.18680000000000     
      2      4      1      2  0.000000000000000E+000
      1      5      1      2  0.000000000000000E+000
      4      5      1      2   2.67597490272237     
      3      6      1      2  -2.67597490272237     
      1      3      1      3  -3.07680000000000     
      3      4      1      3  -1.53930000000000     
      2      3      2      3 -0.249600000000000     
      1      4      2      3  -1.63228468105291     
      3      5      2      3 -0.769650000000000     
      2      3      1      4  -1.63228468105291     
      1      4      1      4  -2.13440000000000     
      3      5      1      4  -1.33307290404539     
      1      2      2      4  0.000000000000000E+000
      2      4      2      4  -1.19200000000000     
      1      5      2      4  -1.88480000000000     
      4      5      2      4 -0.769650000000000     
      3      6      2      4 -0.769650000000000     
      1      3      3      4  -1.53930000000000     
      3      4      3      4  -1.98840000000000     
      1      2      1      5  0.000000000000000E+000
      2      4      1      5  -1.88480000000000     
      1      5      1      5  -1.19200000000000     
      4      5      1      5 -0.769650000000000     
      3      6      1      5 -0.769650000000000     
      2      5      2      5  -2.13440000000000     
      1      6      2      5  -1.63228468105291     
      4      6      2      5  -1.33307290404539     
      2      3      3      5 -0.769650000000000     
      1      4      3      5  -1.33307290404539     
      3      5      3      5  -1.98840000000000     
      1      2      4      5   2.67597490272237     
      2      4      4      5 -0.769650000000000     
      1      5      4      5 -0.769650000000000     
      4      5      4      5  -2.92555000000000     
      3      6      4      5  0.937150000000000     
      2      5      1      6  -1.63228468105291     
      1      6      1      6 -0.249600000000000     
      4      6      1      6 -0.769650000000000     
      2      6      2      6  -3.07680000000000     
      5      6      2      6  -1.53930000000000     
      1      2      3      6  -2.67597490272237     
      2      4      3      6 -0.769650000000000     
      1      5      3      6 -0.769650000000000     
      4      5      3      6  0.937150000000000     
      3      6      3      6  -2.92555000000000     
      2      5      4      6  -1.33307290404539     
      1      6      4      6 -0.769650000000000     
      4      6      4      6  -1.98840000000000     
      2      6      5      6  -1.53930000000000     
      5      6      5      6  -1.98840000000000     
      1      7      1      7  -8.28610000000000     
      4      7      1      7  8.672664671253008E-002
      3      8      1      7 -0.150214958476178     
      2      9      1      7 -0.150214958476178     
      5      9      1      7   1.95274046201742     
      1     10      1      7  8.672664671253008E-002
      4     10      1      7  -2.25483046280646     
      3     11      1      7   1.95274046201742     
      2      7      2      7  -4.73645000000000     
      5      7      2      7  8.672664671253008E-002
      1      8      2      7  -3.54965000000000     
      4      8      2      7 -8.672664671253008E-002
      6      9      2      7  0.353135395743661     
      2     10      2      7 -8.672664671253008E-002
      5     10      2      7  0.774279835659570     
      1     11      2      7  8.672664671253008E-002
      4     11      2      7  -1.90169506706280     
      3     12      2      7   3.02911029846603     
      3      7      3      7  -6.30650000000000     
      1      9      3      7  -3.22970000000000     
      4      9      3      7 -0.769650000000000     
      3     10      3      7  0.769650000000000     
      1      7      4      7  8.672664671253008E-002
      4      7      4      7  -6.30701250000000     
      3      8      4      7  8.876760388801808E-004
      2      9      4      7   1.63317235709179     
      5      9      4      7  0.639143058567483     
      1     10      4      7  -4.17261250000000     
      4     10      4      7  -1.50766883382923     
      3     11      4      7   1.97221596261287     
      2      7      5      7  8.672664671253008E-002
      5      7      5      7  -6.30752500000000     
      1      8      5      7  8.672664671253008E-002
      4      8      5      7  1.025000000002274E-003
      6      9      5      7   1.87667825074385     
      2     10      5      7   1.88582500000000     
      5     10      5      7  -1.13865941691462     
      1     11      5      7  -5.11552500000000     
      4     11      5      7 -0.369009416914617     
      3     12      5      7   2.64632825074385     
      6      7      6      7  -6.30803750000000     
      2      8      6      7  0.150214958476178     
      5      8      6      7  8.876760388805138E-004
      6     10      6      7   1.87667825074385     
      2     11      6      7   1.63317235709179     
      5     11      6      7  -2.61135902118035     
      1     12      6      7  -6.05843750000000     
      4     12      6      7   2.64632825074385     
      2      7      1      8  -3.54965000000000     
      5      7      1      8  8.672664671253008E-002
      1      8      1      8  -4.73645000000000     
      4      8      1      8 -8.672664671253008E-002
      6      9      1      8   3.02911029846603     
      2     10      1      8 -8.672664671253008E-002
      5     10      1      8  -1.90169506706280     
      1     11      1      8  8.672664671253008E-002
      4     11      1      8  0.774279835659570     
      3     12      1      8  0.353135395743661     
      6      7      2      8  0.150214958476178     
      2      8      2      8  -8.28610000000000     
      5      8      2      8 -8.672664671253008E-002
      6     10      2      8   1.95274046201742     
      2     11      2      8 -8.672664671253008E-002
      5     11      2      8  -2.25483046280646     
      1     12      2      8  0.150214958476178     
      4     12      2      8   1.95274046201742     
      1      7      3      8 -0.150214958476178     
      4      7      3      8  8.876760388805138E-004
      3      8      3      8  -6.30803750000000     
      2      9      3      8  -6.05843750000000     
      5      9      3      8  -2.64632825074385     
      1     10      3      8   1.63317235709179     
      4     10      3      8   2.61135902118035     
      3     11      3      8  -1.87667825074385     
      2      7      4      8 -8.672664671253008E-002
      5      7      4      8  1.025000000002274E-003
      1      8      4      8 -8.672664671253008E-002
      4      8      4      8  -6.30752500000000     
      6      9      4      8  -2.64632825074385     
      2     10      4      8  -5.11552500000000     
      5     10      4      8  0.369009416914617     
      1     11      4      8   1.88582500000000     
      4     11      4      8   1.13865941691462     
      3     12      4      8  -1.87667825074385     
      6      7      5      8  8.876760388801808E-004
      2      8      5      8 -8.672664671253008E-002
      5      8      5      8  -6.30701250000000     
      6     10      5      8  -1.97221596261287     
      2     11      5      8  -4.17261250000000     
      5     11      5      8   1.50766883382923     
      1     12      5      8   1.63317235709179     
      4     12      5      8 -0.639143058567483     
      6      8      6      8  -6.30650000000000     
      6     11      6      8 -0.769650000000000     
      2     12      6      8  -3.22970000000000     
      5     12      6      8  0.769650000000000     
      7      8      7      8  -1.18680000000000     
      8     10      7      8  0.000000000000000E+000
      7     11      7      8  0.000000000000000E+000
     10     11      7      8   2.67597490272237     
      9     12      7      8  -2.67597490272237     
      3      7      1      9  -3.22970000000000     
      1      9      1      9  -6.30650000000000     
      4      9      1      9  0.769650000000000     
      3     10      1      9 -0.769650000000000     
      1      7      2      9 -0.150214958476178     
      4      7      2      9   1.63317235709179     
      3      8      2      9  -6.05843750000000     
      2      9      2      9  -6.30803750000000     
      5      9      2      9  -1.87667825074385     
      1     10      2      9  8.876760388805138E-004
      4     10      2      9   2.61135902118035     
      3     11      2      9  -2.64632825074385     
      3      9      3      9  -9.53620000000000     
      3      7      4      9 -0.769650000000000     
      1      9      4      9  0.769650000000000     
      4      9      4      9  -5.76230000000000     
      3     10      4      9  -3.77389999999999     
      1      7      5      9   1.95274046201742     
      4      7      5      9  0.639143058567483     
      3      8      5      9  -2.64632825074385     
      2      9      5      9  -1.87667825074385     
      5      9      5      9  -5.57831000000000     
      1     10      5      9   1.97221596261287     
      4     10      5      9 -0.212453352056394     
      3     11      5      9  -3.58991000000000     
      2      7      6      9  0.353135395743661     
      5      7      6      9   1.87667825074385     
      1      8      6      9   3.02911029846603     
      4      8      6      9  -2.64632825074385     
      6      9      6      9  -5.95489000000000     
      2     10      6      9  -1.87667825074385     
      5     10      6      9  0.376580000000003     
      1     11      6      9   2.64632825074385     
      4     11      6      9 -0.560569999999997     
      3     12      6      9  -3.02934000000000     
      7      9      7      9  -3.07680000000000     
      9     10      7      9  -1.53930000000000     
      8      9      8      9 -0.249600000000000     
      7     10      8      9  -1.63228468105291     
      9     11      8      9 -0.769650000000000     
      1      7      1     10  8.672664671253008E-002
      4      7      1     10  -4.17261250000000     
      3      8      1     10   1.63317235709179     
      2      9      1     10  8.876760388801808E-004
      5      9      1     10   1.97221596261287     
      1     10      1     10  -6.30701250000000     
      4     10      1     10  -1.50766883382923     
      3     11      1     10  0.639143058567483     
      2      7      2     10 -8.672664671253008E-002
      5      7      2     10   1.88582500000000     
      1      8      2     10 -8.672664671253008E-002
      4      8      2     10  -5.11552500000000     
      6      9      2     10  -1.87667825074385     
      2     10      2     10  -6.30752500000000     
      5     10      2     10   1.13865941691462     
      1     11      2     10  1.025000000002274E-003
      4     11      2     10  0.369009416914617     
      3     12      2     10  -2.64632825074385     
      3      7      3     10  0.769650000000000     
      1      9      3     10 -0.769650000000000     
      4      9      3     10  -3.77389999999999     
      3     10      3     10  -5.76229999999999     
      1      7      4     10  -2.25483046280646     
      4      7      4     10  -1.50766883382923     
      3      8      4     10   2.61135902118035     
      2      9      4     10   2.61135902118035     
      5      9      4     10 -0.212453352056393     
      1     10      4     10  -1.50766883382923     
      4     10      4     10  -9.29088000000000     
      3     11      4     10 -0.212453352056393     
      2      7      5     10  0.774279835659570     
      5      7      5     10  -1.13865941691462     
      1      8      5     10  -1.90169506706280     
      4      8      5     10  0.369009416914617     
      6      9      5     10  0.376580000000003     
      2     10      5     10   1.13865941691462     
      5     10      5     10  -6.20021000000000     
      1     11      5     10 -0.369009416914617     
      4     11      5     10  -3.27466000000000     
      3     12      5     10 -0.560569999999998     
      6      7      6     10   1.87667825074385     
      2      8      6     10   1.95274046201742     
      5      8      6     10  -1.97221596261287     
      6     10      6     10  -5.57831000000000     
      2     11      6     10 -0.639143058567483     
      5     11      6     10 -0.212453352056394     
      1     12      6     10   2.64632825074385     
      4     12      6     10  -3.58991000000000     
      8      9      7     10  -1.63228468105291     
      7     10      7     10  -2.13440000000000     
      9     11      7     10  -1.33307290404539     
      7      8      8     10  0.000000000000000E+000
      8     10      8     10  -1.19200000000000     
      7     11      8     10  -1.88480000000000     
     10     11      8     10 -0.769650000000000     
      9     12      8     10 -0.769650000000000     
      7      9      9     10  -1.53930000000000     
      9     10      9     10  -1.98840000000000     
      2      7      1     11  8.672664671253008E-002
      5      7      1     11  -5.11552500000000     
      1      8      1     11  8.672664671253008E-002
      4      8      1     11   1.88582500000000     
      6      9      1     11   2.64632825074385     
      2     10      1     11  1.025000000002274E-003
      5     10      1     11 -0.369009416914617     
      1     11      1     11  -6.30752500000000     
      4     11      1     11  -1.13865941691462     
      3     12      1     11   1.87667825074385     
      6      7      2     11   1.63317235709179     
      2      8      2     11 -8.672664671253008E-002
      5      8      2     11  -4.17261250000000     
      6     10      2     11 -0.639143058567483     
      2     11      2     11  -6.30701250000000     
      5     11      2     11   1.50766883382923     
      1     12      2     11  8.876760388801808E-004
      4     12      2     11  -1.97221596261287     
      1      7      3     11   1.95274046201742     
      4      7      3     11   1.97221596261287     
      3      8      3     11  -1.87667825074385     
      2      9      3     11  -2.64632825074385     
      5      9      3     11  -3.58991000000000     
      1     10      3     11  0.639143058567483     
      4     10      3     11 -0.212453352056394     
      3     11      3     11  -5.57831000000000     
      2      7      4     11  -1.90169506706280     
      5      7      4     11 -0.369009416914617     
      1      8      4     11  0.774279835659570     
      4      8      4     11   1.13865941691462     
      6      9      4     11 -0.560569999999998     
      2     10      4     11  0.369009416914617     
      5     10      4     11  -3.27466000000000     
      1     11      4     11  -1.13865941691462     
      4     11      4     11  -6.20021000000000     
      3     12      4     11  0.376580000000003     
      6      7      5     11  -2.61135902118035     
      2      8      5     11  -2.25483046280646     
      5      8      5     11   1.50766883382923     
      6     10      5     11 -0.212453352056393     
      2     11      5     11   1.50766883382923     
      5     11      5     11  -9.29088000000000     
      1     12      5     11  -2.61135902118035     
      4     12      5     11 -0.212453352056393     
      6      8      6     11 -0.769650000000000     
      6     11      6     11  -5.76230000000000     
      2     12      6     11  0.769650000000000     
      5     12      6     11  -3.77389999999999     
      7      8      7     11  0.000000000000000E+000
      8     10      7     11  -1.88480000000000     
      7     11      7     11  -1.19200000000000     
     10     11      7     11 -0.769650000000000     
      9     12      7     11 -0.769650000000000     
      8     11      8     11  -2.13440000000000     
      7     12      8     11  -1.63228468105291     
     10     12      8     11  -1.33307290404539     
      8      9      9     11 -0.769650000000000     
      7     10      9     11  -1.33307290404539     
      9     11      9     11  -1.98840000000000     
      7      8     10     11   2.67597490272237     
      8     10     10     11 -0.769650000000000     
      7     11     10     11 -0.769650000000000     
     10     11     10     11  -2.92555000000000     
      9     12     10     11  0.937150000000000     
      6      7      1     12  -6.05843750000000     
      2      8      1     12  0.150214958476178     
      5      8      1     12   1.63317235709179     
      6     10      1     12   2.64632825074385     
      2     11      1     12  8.876760388805138E-004
      5     11      1     12  -2.61135902118035     
      1     12      1     12  -6.30803750000000     
      4     12      1     12   1.87667825074385     
      6      8      2     12  -3.22970000000000     
      6     11      2     12  0.769650000000000     
      2     12      2     12  -6.30650000000000     
      5     12      2     12 -0.769650000000000     
      2      7      3     12   3.02911029846603     
      5      7      3     12   2.64632825074385     
      1      8      3     12  0.353135395743661     
      4      8      3     12  -1.87667825074385     
      6      9      3     12  -3.02934000000000     
      2     10      3     12  -2.64632825074385     
      5     10      3     12 -0.560569999999997     
      1     11      3     12   1.87667825074385     
      4     11      3     12  0.376580000000003     
      3     12      3     12  -5.95489000000000     
      6      7      4     12   2.64632825074385     
      2      8      4     12   1.95274046201742     
      5      8      4     12 -0.639143058567483     
      6     10      4     12  -3.58991000000000     
      2     11      4     12  -1.97221596261287     
      5     11      4     12 -0.212453352056394     
      1     12      4     12   1.87667825074385     
      4     12      4     12  -5.57831000000000     
      6      8      5     12  0.769650000000000     
      6     11      5     12  -3.77389999999999     
      2     12      5     12 -0.769650000000000     
      5     12      5     12  -5.76229999999999     
      6     12      6     12  -9.53620000000000     
      8     11      7     12  -1.63228468105291     
      7     12      7     12 -0.249600000000000     
     10     12      7     12 -0.769650000000000     
      8     12      8     12  -3.07680000000000     
     11     12      8     12  -1.53930000000000     
      7      8      9     12  -2.67597490272237     
      8     10      9     12 -0.769650000000000     
      7     11      9     12 -0.769650000000000     
     10     11      9     12  0.937150000000000     
      9     12      9     12  -2.92555000000000     
      8     11     10     12  -1.33307290404539     
      7     12     10     12 -0.769650000000000     
     10     12     10     12  -1.98840000000000     
      8     12     11     12  -1.53930000000000     
     11     12     11     12  -1.98840000000000     
