 ! Total Interaction
  20
   1   1   1   1     1     0  -8.8216
   1   2   1   1     1     0  -0.1416
   2   2   1   1     1     0   3.3191
   1   1   1   2     1     0  -0.1416
   1   2   1   2     1     0 -13.7155
   2   2   1   2     1     0  -6.4142
   1   1   2   2     1     0   3.3191
   1   2   2   2     1     0  -6.4142
   2   2   2   2     1     0  -9.5879
   1   2   1   2     2     0  -9.9420
   2   2   2   2     3     0  -9.9420
   1   1   1   1     0     1  -1.0785
   2   2   1   1     0     1  -4.0657
   1   1   2   2     0     1  -4.0657
   2   2   2   2     0     1  -3.9534
   1   2   1   2     1     1   0.8657
   1   2   1   2     2     1  -3.3100
   2   2   1   2     2     1   1.6363
   1   2   2   2     2     1   1.6363
   2   2   2   2     2     1  -2.1529
