      1      2      1      2  -1.07850000000000     
      2      4      1      2  0.000000000000000E+000
      1      5      1      2  0.000000000000000E+000
      4      5      1      2   2.87488404027015     
      3      6      1      2  -2.87488404027015     
      1      3      1      3  -3.31000000000000     
      3      4      1      3  -1.63630000000000     
      2      3      2      3 -0.178225000000000     
      1      4      2      3  -1.80813113929134     
      3      5      2      3 -0.818150000000000     
      2      3      1      4  -1.80813113929134     
      1      4      1      4  -2.26607500000000     
      3      5      1      4  -1.41707736821248     
      1      2      2      4  0.000000000000000E+000
      2      4      2      4  -1.22215000000000     
      1      5      2      4  -2.08785000000000     
      4      5      2      4 -0.818150000000000     
      3      6      2      4 -0.818150000000000     
      1      3      3      4  -1.63630000000000     
      3      4      3      4  -2.15290000000000     
      1      2      1      5  0.000000000000000E+000
      2      4      1      5  -2.08785000000000     
      1      5      1      5  -1.22215000000000     
      4      5      1      5 -0.818150000000000     
      3      6      1      5 -0.818150000000000     
      2      5      2      5  -2.26607500000000     
      1      6      2      5  -1.80813113929134     
      4      6      2      5  -1.41707736821248     
      2      3      3      5 -0.818150000000000     
      1      4      3      5  -1.41707736821248     
      3      5      3      5  -2.15290000000000     
      1      2      4      5   2.87488404027015     
      2      4      4      5 -0.818150000000000     
      1      5      4      5 -0.818150000000000     
      4      5      4      5  -3.05315000000000     
      3      6      4      5  0.900250000000000     
      2      5      1      6  -1.80813113929134     
      1      6      1      6 -0.178225000000000     
      4      6      1      6 -0.818150000000000     
      2      6      2      6  -3.31000000000000     
      5      6      2      6  -1.63630000000000     
      1      2      3      6  -2.87488404027015     
      2      4      3      6 -0.818150000000000     
      1      5      3      6 -0.818150000000000     
      4      5      3      6  0.900250000000000     
      3      6      3      6  -3.05315000000000     
      2      5      4      6  -1.41707736821248     
      1      6      4      6 -0.818150000000000     
      4      6      4      6  -2.15290000000000     
      2      6      5      6  -1.63630000000000     
      5      6      5      6  -2.15290000000000     
      1      7      1      7  -8.82160000000000     
      4      7      1      7  5.006316010800758E-002
      3      8      1      7 -8.671193689452454E-002
      2      9      1      7 -8.671193689452454E-002
      5      9      1      7   1.81794594061540     
      1     10      1      7  5.006316010800758E-002
      4     10      1      7  -2.09918315637297     
      3     11      1      7   1.81794594061540     
      2      7      2      7  -4.95005000000000     
      5      7      2      7  5.006316010800759E-002
      1      8      2      7  -3.87155000000000     
      4      8      2      7 -5.006316010800759E-002
      6      9      2      7  0.136945347144658     
      2     10      2      7 -5.006316010800759E-002
      5     10      2      7  0.912646231041829     
      1     11      2      7  5.006316010800759E-002
      4     11      2      7  -1.96223780922832     
      3     12      2      7   3.01182938741480     
      3      7      3      7  -6.62600000000000     
      1      9      3      7  -3.31600000000000     
      4      9      3      7 -0.818150000000000     
      3     10      3      7  0.818150000000000     
      1      7      4      7  5.006316010800758E-002
      4      7      4      7  -6.57572500000000     
      3      8      4      7 -8.707885435052398E-002
      2      9      4      7   1.72105228494082     
      5      9      4      7  0.533565804855943     
      1     10      4      7  -4.30965000000000     
      4     10      4      7  -1.43425872212792     
      3     11      4      7   1.95064317306842     
      2      7      5      7  5.006316010800758E-002
      5      7      5      7  -6.52545000000000     
      1      8      5      7  5.006316010800758E-002
      4      8      5      7 -0.100549999999999     
      6      9      5      7   1.74231308319187     
      2     10      5      7   1.98730000000000     
      5     10      5      7  -1.12620436106396     
      1     11      5      7  -5.30330000000000     
      4     11      5      7 -0.308054361063958     
      3     12      5      7   2.56046308319187     
      6      7      6      7  -6.47517500000000     
      2      8      6      7  8.671193689452454E-002
      5      8      6      7 -8.707885435052376E-002
      6     10      6      7   1.74231308319187     
      2     11      6      7   1.72105228494082     
      5     11      6      7  -2.48420897792436     
      1     12      6      7  -6.29695000000000     
      4     12      6      7   2.56046308319187     
      2      7      1      8  -3.87155000000000     
      5      7      1      8  5.006316010800759E-002
      1      8      1      8  -4.95005000000000     
      4      8      1      8 -5.006316010800759E-002
      6      9      1      8   3.01182938741480     
      2     10      1      8 -5.006316010800759E-002
      5     10      1      8  -1.96223780922832     
      1     11      1      8  5.006316010800759E-002
      4     11      1      8  0.912646231041829     
      3     12      1      8  0.136945347144658     
      6      7      2      8  8.671193689452454E-002
      2      8      2      8  -8.82160000000000     
      5      8      2      8 -5.006316010800758E-002
      6     10      2      8   1.81794594061540     
      2     11      2      8 -5.006316010800758E-002
      5     11      2      8  -2.09918315637297     
      1     12      2      8  8.671193689452454E-002
      4     12      2      8   1.81794594061540     
      1      7      3      8 -8.671193689452454E-002
      4      7      3      8 -8.707885435052376E-002
      3      8      3      8  -6.47517500000000     
      2      9      3      8  -6.29695000000000     
      5      9      3      8  -2.56046308319187     
      1     10      3      8   1.72105228494082     
      4     10      3      8   2.48420897792436     
      3     11      3      8  -1.74231308319187     
      2      7      4      8 -5.006316010800758E-002
      5      7      4      8 -0.100549999999999     
      1      8      4      8 -5.006316010800758E-002
      4      8      4      8  -6.52545000000000     
      6      9      4      8  -2.56046308319187     
      2     10      4      8  -5.30330000000000     
      5     10      4      8  0.308054361063958     
      1     11      4      8   1.98730000000000     
      4     11      4      8   1.12620436106396     
      3     12      4      8  -1.74231308319187     
      6      7      5      8 -8.707885435052398E-002
      2      8      5      8 -5.006316010800758E-002
      5      8      5      8  -6.57572500000000     
      6     10      5      8  -1.95064317306842     
      2     11      5      8  -4.30965000000000     
      5     11      5      8   1.43425872212792     
      1     12      5      8   1.72105228494082     
      4     12      5      8 -0.533565804855943     
      6      8      6      8  -6.62600000000000     
      6     11      6      8 -0.818150000000000     
      2     12      6      8  -3.31600000000000     
      5     12      6      8  0.818150000000000     
      7      8      7      8  -1.07850000000000     
      8     10      7      8  0.000000000000000E+000
      7     11      7      8  0.000000000000000E+000
     10     11      7      8   2.87488404027015     
      9     12      7      8  -2.87488404027015     
      3      7      1      9  -3.31600000000000     
      1      9      1      9  -6.62600000000000     
      4      9      1      9  0.818150000000000     
      3     10      1      9 -0.818150000000000     
      1      7      2      9 -8.671193689452454E-002
      4      7      2      9   1.72105228494082     
      3      8      2      9  -6.29695000000000     
      2      9      2      9  -6.47517500000000     
      5      9      2      9  -1.74231308319187     
      1     10      2      9 -8.707885435052376E-002
      4     10      2      9   2.48420897792436     
      3     11      2      9  -2.56046308319187     
      3      9      3      9  -9.94200000000000     
      3      7      4      9 -0.818150000000000     
      1      9      4      9  0.818150000000000     
      4      9      4      9  -6.04745000000000     
      3     10      4      9  -3.89454999999999     
      1      7      5      9   1.81794594061540     
      4      7      5      9  0.533565804855943     
      3      8      5      9  -2.56046308319187     
      2      9      5      9  -1.74231308319187     
      5      9      5      9  -5.94122000000000     
      1     10      5      9   1.95064317306842     
      4     10      5      9 -0.122663838192024     
      3     11      5      9  -3.78832000000000     
      2      7      6      9  0.136945347144658     
      5      7      6      9   1.74231308319187     
      1      8      6      9   3.01182938741480     
      4      8      6      9  -2.56046308319187     
      6      9      6      9  -6.33823000000000     
      2     10      6      9  -1.74231308319187     
      5     10      6      9  0.397010000000002     
      1     11      6      9   2.56046308319187     
      4     11      6      9 -0.503239999999998     
      3     12      6      9  -3.28508000000000     
      7      9      7      9  -3.31000000000000     
      9     10      7      9  -1.63630000000000     
      8      9      8      9 -0.178225000000000     
      7     10      8      9  -1.80813113929134     
      9     11      8      9 -0.818150000000000     
      1      7      1     10  5.006316010800758E-002
      4      7      1     10  -4.30965000000000     
      3      8      1     10   1.72105228494082     
      2      9      1     10 -8.707885435052398E-002
      5      9      1     10   1.95064317306842     
      1     10      1     10  -6.57572500000000     
      4     10      1     10  -1.43425872212792     
      3     11      1     10  0.533565804855943     
      2      7      2     10 -5.006316010800758E-002
      5      7      2     10   1.98730000000000     
      1      8      2     10 -5.006316010800758E-002
      4      8      2     10  -5.30330000000000     
      6      9      2     10  -1.74231308319187     
      2     10      2     10  -6.52545000000000     
      5     10      2     10   1.12620436106396     
      1     11      2     10 -0.100549999999999     
      4     11      2     10  0.308054361063958     
      3     12      2     10  -2.56046308319187     
      3      7      3     10  0.818150000000000     
      1      9      3     10 -0.818150000000000     
      4      9      3     10  -3.89455000000000     
      3     10      3     10  -6.04745000000000     
      1      7      4     10  -2.09918315637297     
      4      7      4     10  -1.43425872212792     
      3      8      4     10   2.48420897792436     
      2      9      4     10   2.48420897792436     
      5      9      4     10 -0.122663838192023     
      1     10      4     10  -1.43425872212792     
      4     10      4     10  -9.80036000000000     
      3     11      4     10 -0.122663838192023     
      2      7      5     10  0.912646231041829     
      5      7      5     10  -1.12620436106396     
      1      8      5     10  -1.96223780922832     
      4      8      5     10  0.308054361063958     
      6      9      5     10  0.397010000000002     
      2     10      5     10   1.12620436106396     
      5     10      5     10  -6.47987000000000     
      1     11      5     10 -0.308054361063958     
      4     11      5     10  -3.42672000000000     
      3     12      5     10 -0.503239999999998     
      6      7      6     10   1.74231308319187     
      2      8      6     10   1.81794594061540     
      5      8      6     10  -1.95064317306842     
      6     10      6     10  -5.94122000000000     
      2     11      6     10 -0.533565804855943     
      5     11      6     10 -0.122663838192024     
      1     12      6     10   2.56046308319187     
      4     12      6     10  -3.78832000000000     
      8      9      7     10  -1.80813113929134     
      7     10      7     10  -2.26607500000000     
      9     11      7     10  -1.41707736821248     
      7      8      8     10  0.000000000000000E+000
      8     10      8     10  -1.22215000000000     
      7     11      8     10  -2.08785000000000     
     10     11      8     10 -0.818150000000000     
      9     12      8     10 -0.818150000000000     
      7      9      9     10  -1.63630000000000     
      9     10      9     10  -2.15290000000000     
      2      7      1     11  5.006316010800758E-002
      5      7      1     11  -5.30330000000000     
      1      8      1     11  5.006316010800758E-002
      4      8      1     11   1.98730000000000     
      6      9      1     11   2.56046308319187     
      2     10      1     11 -0.100549999999999     
      5     10      1     11 -0.308054361063958     
      1     11      1     11  -6.52545000000000     
      4     11      1     11  -1.12620436106396     
      3     12      1     11   1.74231308319187     
      6      7      2     11   1.72105228494082     
      2      8      2     11 -5.006316010800758E-002
      5      8      2     11  -4.30965000000000     
      6     10      2     11 -0.533565804855943     
      2     11      2     11  -6.57572500000000     
      5     11      2     11   1.43425872212792     
      1     12      2     11 -8.707885435052398E-002
      4     12      2     11  -1.95064317306842     
      1      7      3     11   1.81794594061540     
      4      7      3     11   1.95064317306842     
      3      8      3     11  -1.74231308319187     
      2      9      3     11  -2.56046308319187     
      5      9      3     11  -3.78832000000000     
      1     10      3     11  0.533565804855943     
      4     10      3     11 -0.122663838192024     
      3     11      3     11  -5.94122000000000     
      2      7      4     11  -1.96223780922832     
      5      7      4     11 -0.308054361063958     
      1      8      4     11  0.912646231041829     
      4      8      4     11   1.12620436106396     
      6      9      4     11 -0.503239999999998     
      2     10      4     11  0.308054361063958     
      5     10      4     11  -3.42672000000000     
      1     11      4     11  -1.12620436106396     
      4     11      4     11  -6.47987000000000     
      3     12      4     11  0.397010000000002     
      6      7      5     11  -2.48420897792436     
      2      8      5     11  -2.09918315637297     
      5      8      5     11   1.43425872212792     
      6     10      5     11 -0.122663838192023     
      2     11      5     11   1.43425872212792     
      5     11      5     11  -9.80036000000000     
      1     12      5     11  -2.48420897792436     
      4     12      5     11 -0.122663838192023     
      6      8      6     11 -0.818150000000000     
      6     11      6     11  -6.04745000000000     
      2     12      6     11  0.818150000000000     
      5     12      6     11  -3.89454999999999     
      7      8      7     11  0.000000000000000E+000
      8     10      7     11  -2.08785000000000     
      7     11      7     11  -1.22215000000000     
     10     11      7     11 -0.818150000000000     
      9     12      7     11 -0.818150000000000     
      8     11      8     11  -2.26607500000000     
      7     12      8     11  -1.80813113929134     
     10     12      8     11  -1.41707736821248     
      8      9      9     11 -0.818150000000000     
      7     10      9     11  -1.41707736821248     
      9     11      9     11  -2.15290000000000     
      7      8     10     11   2.87488404027015     
      8     10     10     11 -0.818150000000000     
      7     11     10     11 -0.818150000000000     
     10     11     10     11  -3.05315000000000     
      9     12     10     11  0.900250000000000     
      6      7      1     12  -6.29695000000000     
      2      8      1     12  8.671193689452454E-002
      5      8      1     12   1.72105228494082     
      6     10      1     12   2.56046308319187     
      2     11      1     12 -8.707885435052376E-002
      5     11      1     12  -2.48420897792436     
      1     12      1     12  -6.47517500000000     
      4     12      1     12   1.74231308319187     
      6      8      2     12  -3.31600000000000     
      6     11      2     12  0.818150000000000     
      2     12      2     12  -6.62600000000000     
      5     12      2     12 -0.818150000000000     
      2      7      3     12   3.01182938741480     
      5      7      3     12   2.56046308319187     
      1      8      3     12  0.136945347144658     
      4      8      3     12  -1.74231308319187     
      6      9      3     12  -3.28508000000000     
      2     10      3     12  -2.56046308319187     
      5     10      3     12 -0.503239999999998     
      1     11      3     12   1.74231308319187     
      4     11      3     12  0.397010000000002     
      3     12      3     12  -6.33823000000000     
      6      7      4     12   2.56046308319187     
      2      8      4     12   1.81794594061540     
      5      8      4     12 -0.533565804855943     
      6     10      4     12  -3.78832000000000     
      2     11      4     12  -1.95064317306842     
      5     11      4     12 -0.122663838192024     
      1     12      4     12   1.74231308319187     
      4     12      4     12  -5.94122000000000     
      6      8      5     12  0.818150000000000     
      6     11      5     12  -3.89455000000000     
      2     12      5     12 -0.818150000000000     
      5     12      5     12  -6.04745000000000     
      6     12      6     12  -9.94200000000000     
      8     11      7     12  -1.80813113929134     
      7     12      7     12 -0.178225000000000     
     10     12      7     12 -0.818150000000000     
      8     12      8     12  -3.31000000000000     
     11     12      8     12  -1.63630000000000     
      7      8      9     12  -2.87488404027015     
      8     10      9     12 -0.818150000000000     
      7     11      9     12 -0.818150000000000     
     10     11      9     12  0.900250000000000     
      9     12      9     12  -3.05315000000000     
      8     11     10     12  -1.41707736821248     
      7     12     10     12 -0.818150000000000     
     10     12     10     12  -2.15290000000000     
      8     12     11     12  -1.63630000000000     
     11     12     11     12  -2.15290000000000     
