      1      1      1      1           2           0   6.70572130404329     
      1      1      1      1           0           0  -13.7716500000000     
      1      1      1      2           2           0 -0.173423873789049     
      1      1      2      1           2           0 -0.173423873789049     
      1      1      2      2           4           0  -6.73465524689105     
      1      1      2      2           2           0   2.05514223973010     
      1      2      1      1           2           0  0.173423873789049     
      1      2      1      2           2           0  0.275367515785724     
      1      2      1      2           0           0  -18.5278593680233     
      1      2      2      1           4           0   14.0804082509173     
      1      2      2      1           2           0  -4.02242819295758     
      1      2      2      2           4           0   8.09689520766351     
      1      2      2      2           2           0   1.68728322492571     
      2      1      1      1           2           0  0.173423873789049     
      2      1      1      2           4           0   14.0804082509173     
      2      1      1      2           2           0  -4.02242819295758     
      2      1      2      1           2           0  0.275367515785724     
      2      1      2      1           0           0  -18.5278593680233     
      2      1      2      2           4           0   8.09689520766351     
      2      1      2      2           2           0   1.68728322492571     
      2      2      1      1           4           0  -6.73465524689105     
      2      2      1      1           2           0   2.05514223973010     
      2      2      1      2           4           0  -8.09689520766351     
      2      2      1      2           2           0  -1.68728322492571     
      2      2      2      1           4           0  -8.09689520766351     
      2      2      2      1           2           0  -1.68728322492571     
      2      2      2      2           6           0   8.69150471695207     
      2      2      2      2           4           0  -9.59621988951900     
      2      2      2      2           2           0   6.30324465788851     
      2      2      2      2           0           0  -28.2689000000000     
      1      1      1      1           2           0   6.70572130404329     
      1      1      1      1           0           0  -13.7716500000000     
      1      1      1      2           2           0 -0.173423873789049     
      1      1      2      1           2           0 -0.173423873789049     
      1      1      2      2           4           0  -6.73465524689105     
      1      1      2      2           2           0   2.05514223973010     
      1      2      1      1           2           0  0.173423873789049     
      1      2      1      2           2           0  0.275367515785724     
      1      2      1      2           0           0  -18.5278593680233     
      1      2      2      1           4           0   14.0804082509173     
      1      2      2      1           2           0  -4.02242819295758     
      1      2      2      2           4           0   8.09689520766351     
      1      2      2      2           2           0   1.68728322492571     
      2      1      1      1           2           0  0.173423873789049     
      2      1      1      2           4           0   14.0804082509173     
      2      1      1      2           2           0  -4.02242819295758     
      2      1      2      1           2           0  0.275367515785724     
      2      1      2      1           0           0  -18.5278593680233     
      2      1      2      2           4           0   8.09689520766351     
      2      1      2      2           2           0   1.68728322492571     
      2      2      1      1           4           0  -6.73465524689105     
      2      2      1      1           2           0   2.05514223973010     
      2      2      1      2           4           0  -8.09689520766351     
      2      2      1      2           2           0  -1.68728322492571     
      2      2      2      1           4           0  -8.09689520766351     
      2      2      2      1           2           0  -1.68728322492571     
      2      2      2      2           6           0   8.69150471695207     
      2      2      2      2           4           0  -9.59621988951900     
      2      2      2      2           2           0   6.30324465788851     
      2      2      2      2           0           0  -28.2689000000000     
          60           6
   1   1   3   3   0   0   0   0-13.7717   1   1
   1   1   3   3   2   0   0   0  6.7057   1   1
   1   1   3   4   2   0   0   0 -0.1734   1   1
   1   1   4   3   2   0   0   0  0.1734   1   1
   1   1   4   4   0   0   0   0-18.5279   1   1
   1   1   4   4   2   0   0   0  0.2754   1   1
   1   2   3   3   2   0   0   0 -0.1734   1   1
   1   2   3   4   2   0   0   0  2.0551   1   1
   1   2   3   4   4   0   0   0 -6.7347   1   1
   1   2   4   3   2   0   0   0 -4.0224   1   1
   1   2   4   3   4   0   0   0 14.0804   1   1
   1   2   4   4   2   0   0   0  1.6873   1   1
   1   2   4   4   4   0   0   0  8.0969   1   1
   2   1   3   3   2   0   0   0  0.1734   1   1
   2   1   3   4   2   0   0   0 -4.0224   1   1
   2   1   3   4   4   0   0   0 14.0804   1   1
   2   1   4   3   2   0   0   0  2.0551   1   1
   2   1   4   3   4   0   0   0 -6.7347   1   1
   2   1   4   4   2   0   0   0 -1.6873   1   1
   2   1   4   4   4   0   0   0 -8.0969   1   1
   2   2   3   3   0   0   0   0-18.5279   1   1
   2   2   3   3   2   0   0   0  0.2754   1   1
   2   2   3   4   2   0   0   0  1.6873   1   1
   2   2   3   4   4   0   0   0  8.0969   1   1
   2   2   4   3   2   0   0   0 -1.6873   1   1
   2   2   4   3   4   0   0   0 -8.0969   1   1
   2   2   4   4   0   0   0   0-28.2689   1   1
   2   2   4   4   2   0   0   0  6.3032   1   1
   2   2   4   4   4   0   0   0 -9.5962   1   1
   2   2   4   4   6   0   0   0  8.6915   1   1
   3   3   1   1   0   0   0   0-13.7717   1   1
   3   3   1   1   2   0   0   0  6.7057   1   1
   3   3   1   2   2   0   0   0 -0.1734   1   1
   3   3   2   1   2   0   0   0  0.1734   1   1
   3   3   2   2   0   0   0   0-18.5279   1   1
   3   3   2   2   2   0   0   0  0.2754   1   1
   3   4   1   1   2   0   0   0 -0.1734   1   1
   3   4   1   2   2   0   0   0  2.0551   1   1
   3   4   1   2   4   0   0   0 -6.7347   1   1
   3   4   2   1   2   0   0   0 -4.0224   1   1
   3   4   2   1   4   0   0   0 14.0804   1   1
   3   4   2   2   2   0   0   0  1.6873   1   1
   3   4   2   2   4   0   0   0  8.0969   1   1
   4   3   1   1   2   0   0   0  0.1734   1   1
   4   3   1   2   2   0   0   0 -4.0224   1   1
   4   3   1   2   4   0   0   0 14.0804   1   1
   4   3   2   1   2   0   0   0  2.0551   1   1
   4   3   2   1   4   0   0   0 -6.7347   1   1
   4   3   2   2   2   0   0   0 -1.6873   1   1
   4   3   2   2   4   0   0   0 -8.0969   1   1
   4   4   1   1   0   0   0   0-18.5279   1   1
   4   4   1   1   2   0   0   0  0.2754   1   1
   4   4   1   2   2   0   0   0  1.6873   1   1
   4   4   1   2   4   0   0   0  8.0969   1   1
   4   4   2   1   2   0   0   0 -1.6873   1   1
   4   4   2   1   4   0   0   0 -8.0969   1   1
   4   4   2   2   0   0   0   0-28.2689   1   1
   4   4   2   2   2   0   0   0  6.3032   1   1
   4   4   2   2   4   0   0   0 -9.5962   1   1
   4   4   2   2   6   0   0   0  8.6915   1   1
