      1      1      1      1           2           0   5.63886460912124     
      1      1      1      1           0           0  -12.2840000000000     
      1      1      1      2           2           0  -1.91893026449634     
      1      1      2      1           2           0  -1.91893026449634     
      1      1      2      2           4           0  -8.55857654030378     
      1      1      2      2           2           0   6.01308719076664     
      1      2      1      1           2           0   1.91893026449634     
      1      2      1      2           2           0  2.218276357896265E-002
      1      2      1      2           0           0  -18.1251974114767     
      1      2      2      1           4           0   13.2482555530908     
      1      2      2      1           2           0  -5.73308817305298     
      1      2      2      2           4           0   10.2548675563087     
      1      2      2      2           2           0   4.43924360027317     
      2      1      1      1           2           0   1.91893026449634     
      2      1      1      2           4           0   13.2482555530908     
      2      1      1      2           2           0  -5.73308817305298     
      2      1      2      1           2           0  2.218276357896265E-002
      2      1      2      1           0           0  -18.1251974114767     
      2      1      2      2           4           0   10.2548675563087     
      2      1      2      2           2           0   4.43924360027317     
      2      2      1      1           4           0  -8.55857654030378     
      2      2      1      1           2           0   6.01308719076664     
      2      2      1      2           4           0  -10.2548675563087     
      2      2      1      2           2           0  -4.43924360027317     
      2      2      2      1           4           0  -10.2548675563087     
      2      2      2      1           2           0  -4.43924360027317     
      2      2      2      2           6           0   5.54888130966955     
      2      2      2      2           4           0  -9.06403571087405     
      2      2      2      2           2           0   10.4172117360261     
      2      2      2      2           0           0  -26.2131000000000     
      1      1      1      1           2           0   5.63886460912124     
      1      1      1      1           0           0  -12.2840000000000     
      1      1      1      2           2           0  -1.91893026449634     
      1      1      2      1           2           0  -1.91893026449634     
      1      1      2      2           4           0  -8.55857654030378     
      1      1      2      2           2           0   6.01308719076664     
      1      2      1      1           2           0   1.91893026449634     
      1      2      1      2           2           0  2.218276357896265E-002
      1      2      1      2           0           0  -18.1251974114767     
      1      2      2      1           4           0   13.2482555530908     
      1      2      2      1           2           0  -5.73308817305298     
      1      2      2      2           4           0   10.2548675563087     
      1      2      2      2           2           0   4.43924360027317     
      2      1      1      1           2           0   1.91893026449634     
      2      1      1      2           4           0   13.2482555530908     
      2      1      1      2           2           0  -5.73308817305298     
      2      1      2      1           2           0  2.218276357896265E-002
      2      1      2      1           0           0  -18.1251974114767     
      2      1      2      2           4           0   10.2548675563087     
      2      1      2      2           2           0   4.43924360027317     
      2      2      1      1           4           0  -8.55857654030378     
      2      2      1      1           2           0   6.01308719076664     
      2      2      1      2           4           0  -10.2548675563087     
      2      2      1      2           2           0  -4.43924360027317     
      2      2      2      1           4           0  -10.2548675563087     
      2      2      2      1           2           0  -4.43924360027317     
      2      2      2      2           6           0   5.54888130966955     
      2      2      2      2           4           0  -9.06403571087405     
      2      2      2      2           2           0   10.4172117360261     
      2      2      2      2           0           0  -26.2131000000000     
          60           6
   1   1   3   3   0   0   0   0-12.2840   1   1
   1   1   3   3   2   0   0   0  5.6389   1   1
   1   1   3   4   2   0   0   0 -1.9189   1   1
   1   1   4   3   2   0   0   0  1.9189   1   1
   1   1   4   4   0   0   0   0-18.1252   1   1
   1   1   4   4   2   0   0   0  0.0222   1   1
   1   2   3   3   2   0   0   0 -1.9189   1   1
   1   2   3   4   2   0   0   0  6.0131   1   1
   1   2   3   4   4   0   0   0 -8.5586   1   1
   1   2   4   3   2   0   0   0 -5.7331   1   1
   1   2   4   3   4   0   0   0 13.2483   1   1
   1   2   4   4   2   0   0   0  4.4392   1   1
   1   2   4   4   4   0   0   0 10.2549   1   1
   2   1   3   3   2   0   0   0  1.9189   1   1
   2   1   3   4   2   0   0   0 -5.7331   1   1
   2   1   3   4   4   0   0   0 13.2483   1   1
   2   1   4   3   2   0   0   0  6.0131   1   1
   2   1   4   3   4   0   0   0 -8.5586   1   1
   2   1   4   4   2   0   0   0 -4.4392   1   1
   2   1   4   4   4   0   0   0-10.2549   1   1
   2   2   3   3   0   0   0   0-18.1252   1   1
   2   2   3   3   2   0   0   0  0.0222   1   1
   2   2   3   4   2   0   0   0  4.4392   1   1
   2   2   3   4   4   0   0   0 10.2549   1   1
   2   2   4   3   2   0   0   0 -4.4392   1   1
   2   2   4   3   4   0   0   0-10.2549   1   1
   2   2   4   4   0   0   0   0-26.2131   1   1
   2   2   4   4   2   0   0   0 10.4172   1   1
   2   2   4   4   4   0   0   0 -9.0640   1   1
   2   2   4   4   6   0   0   0  5.5489   1   1
   3   3   1   1   0   0   0   0-12.2840   1   1
   3   3   1   1   2   0   0   0  5.6389   1   1
   3   3   1   2   2   0   0   0 -1.9189   1   1
   3   3   2   1   2   0   0   0  1.9189   1   1
   3   3   2   2   0   0   0   0-18.1252   1   1
   3   3   2   2   2   0   0   0  0.0222   1   1
   3   4   1   1   2   0   0   0 -1.9189   1   1
   3   4   1   2   2   0   0   0  6.0131   1   1
   3   4   1   2   4   0   0   0 -8.5586   1   1
   3   4   2   1   2   0   0   0 -5.7331   1   1
   3   4   2   1   4   0   0   0 13.2483   1   1
   3   4   2   2   2   0   0   0  4.4392   1   1
   3   4   2   2   4   0   0   0 10.2549   1   1
   4   3   1   1   2   0   0   0  1.9189   1   1
   4   3   1   2   2   0   0   0 -5.7331   1   1
   4   3   1   2   4   0   0   0 13.2483   1   1
   4   3   2   1   2   0   0   0  6.0131   1   1
   4   3   2   1   4   0   0   0 -8.5586   1   1
   4   3   2   2   2   0   0   0 -4.4392   1   1
   4   3   2   2   4   0   0   0-10.2549   1   1
   4   4   1   1   0   0   0   0-18.1252   1   1
   4   4   1   1   2   0   0   0  0.0222   1   1
   4   4   1   2   2   0   0   0  4.4392   1   1
   4   4   1   2   4   0   0   0 10.2549   1   1
   4   4   2   1   2   0   0   0 -4.4392   1   1
   4   4   2   1   4   0   0   0-10.2549   1   1
   4   4   2   2   0   0   0   0-26.2131   1   1
   4   4   2   2   2   0   0   0 10.4172   1   1
   4   4   2   2   4   0   0   0 -9.0640   1   1
   4   4   2   2   6   0   0   0  5.5489   1   1
