 ! Total Interaction
  20
   1   1   1   1     1     0  -7.7698
   1   2   1   1     1     0  -1.5668
   2   2   1   1     1     0   5.7705
   1   1   1   2     1     0  -1.5668
   1   2   1   2     1     0 -12.9766
   2   2   1   2     1     0  -9.0636
   1   1   2   2     1     0   5.7705
   1   2   2   2     1     0  -9.0636
   2   2   2   2     1     0  -6.4609
   1   2   1   2     2     0 -10.3780
   2   2   2   2     3     0 -10.3780
   1   1   1   1     0     1  -1.2586
   2   2   1   1     0     1  -3.0839
   1   1   2   2     0     1  -3.0839
   2   2   2   2     0     1  -3.4392
   1   2   1   2     1     1   0.1804
   1   2   1   2     2     1  -2.4506
   2   2   1   2     2     1   0.8114
   1   2   2   2     2     1   0.8114
   2   2   2   2     2     1  -1.8769
