      1      2      1      2  -1.25860000000000     
      2      4      1      2  0.000000000000000E+000
      1      5      1      2  0.000000000000000E+000
      4      5      1      2   2.18064660250119     
      3      6      1      2  -2.18064660250119     
      1      3      1      3  -2.45060000000000     
      3      4      1      3 -0.811400000000000     
      2      3      2      3 -0.477350000000000     
      1      4      2      3  -1.13925641867843     
      3      5      2      3 -0.405700000000000     
      2      3      1      4  -1.13925641867843     
      1      4      1      4  -1.79285000000000     
      3      5      1      4 -0.702693012630694     
      1      2      2      4  0.000000000000000E+000
      2      4      2      4  -1.13510000000000     
      1      5      2      4  -1.31550000000000     
      4      5      2      4 -0.405700000000000     
      3      6      2      4 -0.405700000000000     
      1      3      3      4 -0.811400000000000     
      3      4      3      4  -1.87690000000000     
      1      2      1      5  0.000000000000000E+000
      2      4      1      5  -1.31550000000000     
      1      5      1      5  -1.13510000000000     
      4      5      1      5 -0.405700000000000     
      3      6      1      5 -0.405700000000000     
      2      5      2      5  -1.79285000000000     
      1      6      2      5  -1.13925641867843     
      4      6      2      5 -0.702693012630694     
      2      3      3      5 -0.405700000000000     
      1      4      3      5 -0.702693012630694     
      3      5      3      5  -1.87690000000000     
      1      2      4      5   2.18064660250119     
      2      4      4      5 -0.405700000000000     
      1      5      4      5 -0.405700000000000     
      4      5      4      5  -2.65805000000000     
      3      6      4      5  0.781150000000000     
      2      5      1      6  -1.13925641867843     
      1      6      1      6 -0.477350000000000     
      4      6      1      6 -0.405700000000000     
      2      6      2      6  -2.45060000000000     
      5      6      2      6 -0.811400000000000     
      1      2      3      6  -2.18064660250119     
      2      4      3      6 -0.405700000000000     
      1      5      3      6 -0.405700000000000     
      4      5      3      6  0.781150000000000     
      3      6      3      6  -2.65805000000000     
      2      5      4      6 -0.702693012630694     
      1      6      4      6 -0.405700000000000     
      4      6      4      6  -1.87690000000000     
      2      6      5      6 -0.811400000000000     
      5      6      5      6  -1.87690000000000     
      1      7      1      7  -7.76980000000000     
      4      7      1      7  0.553947452381541     
      3      8      1      7 -0.959465132248171     
      2      9      1      7 -0.959465132248171     
      5      9      1      7   3.16063301808356     
      1     10      1      7  0.553947452381541     
      4     10      1      7  -3.64958464760033     
      3     11      1      7   3.16063301808356     
      2      7      2      7  -4.51420000000000     
      5      7      2      7  0.553947452381541     
      1      8      2      7  -3.25560000000000     
      4      8      2      7 -0.553947452381541     
      6      9      2      7   1.64686518444965     
      2     10      2      7 -0.553947452381541     
      5     10      2      7  0.177927139350515     
      1     11      2      7  0.553947452381541     
      4     11      2      7  -2.00271946315068     
      3     12      2      7   3.82751178695084     
      3      7      3      7  -6.41430000000000     
      1      9      3      7  -3.96370000000000     
      4      9      3      7 -0.405700000000000     
      3     10      3      7  0.405700000000000     
      1      7      4      7  0.553947452381541     
      4      7      4      7  -6.41025000000000     
      3      8      4      7 -7.014805770652943E-003
      2      9      4      7   1.13224161290778     
      5      9      4      7   1.40381208651893     
      1     10      4      7  -4.61740000000000     
      4     10      4      7  -2.02668257208671     
      3     11      4      7   2.10650509914962     
      2      7      5      7  0.553947452381542     
      5      7      5      7  -6.40620000000000     
      1      8      5      7  0.553947452381542     
      4      8      5      7 -8.099999999998220E-003
      6      9      5      7   2.83717385813007     
      2     10      5      7   1.30740000000000     
      5     10      5      7  -1.21619128604336     
      1     11      5      7  -5.27110000000000     
      4     11      5      7 -0.810491286043355     
      3     12      5      7   3.24287385813007     
      6      7      6      7  -6.40215000000000     
      2      8      6      7  0.959465132248171     
      5      8      6      7 -7.014805770652943E-003
      6     10      6      7   2.83717385813007     
      2     11      6      7   1.13224161290778     
      5     11      6      7  -3.51031718566856     
      1     12      6      7  -5.92480000000000     
      4     12      6      7   3.24287385813007     
      2      7      1      8  -3.25560000000000     
      5      7      1      8  0.553947452381541     
      1      8      1      8  -4.51420000000000     
      4      8      1      8 -0.553947452381541     
      6      9      1      8   3.82751178695084     
      2     10      1      8 -0.553947452381541     
      5     10      1      8  -2.00271946315068     
      1     11      1      8  0.553947452381541     
      4     11      1      8  0.177927139350515     
      3     12      1      8   1.64686518444965     
      6      7      2      8  0.959465132248171     
      2      8      2      8  -7.76980000000000     
      5      8      2      8 -0.553947452381541     
      6     10      2      8   3.16063301808356     
      2     11      2      8 -0.553947452381541     
      5     11      2      8  -3.64958464760033     
      1     12      2      8  0.959465132248171     
      4     12      2      8   3.16063301808356     
      1      7      3      8 -0.959465132248171     
      4      7      3      8 -7.014805770652943E-003
      3      8      3      8  -6.40215000000000     
      2      9      3      8  -5.92480000000000     
      5      9      3      8  -3.24287385813007     
      1     10      3      8   1.13224161290778     
      4     10      3      8   3.51031718566856     
      3     11      3      8  -2.83717385813007     
      2      7      4      8 -0.553947452381542     
      5      7      4      8 -8.099999999998220E-003
      1      8      4      8 -0.553947452381542     
      4      8      4      8  -6.40620000000000     
      6      9      4      8  -3.24287385813007     
      2     10      4      8  -5.27110000000000     
      5     10      4      8  0.810491286043355     
      1     11      4      8   1.30740000000000     
      4     11      4      8   1.21619128604336     
      3     12      4      8  -2.83717385813007     
      6      7      5      8 -7.014805770652943E-003
      2      8      5      8 -0.553947452381541     
      5      8      5      8  -6.41025000000000     
      6     10      5      8  -2.10650509914962     
      2     11      5      8  -4.61740000000000     
      5     11      5      8   2.02668257208671     
      1     12      5      8   1.13224161290778     
      4     12      5      8  -1.40381208651893     
      6      8      6      8  -6.41430000000000     
      6     11      6      8 -0.405700000000000     
      2     12      6      8  -3.96370000000000     
      5     12      6      8  0.405700000000000     
      7      8      7      8  -1.25860000000000     
      8     10      7      8  0.000000000000000E+000
      7     11      7      8  0.000000000000000E+000
     10     11      7      8   2.18064660250119     
      9     12      7      8  -2.18064660250119     
      3      7      1      9  -3.96370000000000     
      1      9      1      9  -6.41430000000000     
      4      9      1      9  0.405700000000000     
      3     10      1      9 -0.405700000000000     
      1      7      2      9 -0.959465132248171     
      4      7      2      9   1.13224161290778     
      3      8      2      9  -5.92480000000000     
      2      9      2      9  -6.40215000000000     
      5      9      2      9  -2.83717385813007     
      1     10      2      9 -7.014805770652943E-003
      4     10      2      9   3.51031718566856     
      3     11      2      9  -3.24287385813007     
      3      9      3      9  -10.3780000000000     
      3      7      4      9 -0.405700000000000     
      1      9      4      9  0.405700000000000     
      4      9      4      9  -6.12745000000000     
      3     10      4      9  -4.25055000000000     
      1      7      5      9   3.16063301808356     
      4      7      5      9   1.40381208651893     
      3      8      5      9  -3.24287385813007     
      2      9      5      9  -2.83717385813007     
      5      9      5      9  -4.95232000000000     
      1     10      5      9   2.10650509914962     
      4     10      5      9  -1.35692324366561     
      3     11      5      9  -3.07542000000000     
      2      7      6      9   1.64686518444965     
      5      7      6      9   2.83717385813007     
      1      8      6      9   3.82751178695084     
      4      8      6      9  -3.24287385813007     
      6      9      6      9  -4.75533000000000     
      2     10      6      9  -2.83717385813007     
      5     10      6      9 -0.196989999999998     
      1     11      6      9   3.24287385813007     
      4     11      6      9 -0.978139999999998     
      3     12      6      9  -2.09728000000000     
      7      9      7      9  -2.45060000000000     
      9     10      7      9 -0.811400000000000     
      8      9      8      9 -0.477350000000000     
      7     10      8      9  -1.13925641867843     
      9     11      8      9 -0.405700000000000     
      1      7      1     10  0.553947452381541     
      4      7      1     10  -4.61740000000000     
      3      8      1     10   1.13224161290778     
      2      9      1     10 -7.014805770652943E-003
      5      9      1     10   2.10650509914962     
      1     10      1     10  -6.41025000000000     
      4     10      1     10  -2.02668257208671     
      3     11      1     10   1.40381208651893     
      2      7      2     10 -0.553947452381542     
      5      7      2     10   1.30740000000000     
      1      8      2     10 -0.553947452381542     
      4      8      2     10  -5.27110000000000     
      6      9      2     10  -2.83717385813007     
      2     10      2     10  -6.40620000000000     
      5     10      2     10   1.21619128604336     
      1     11      2     10 -8.099999999998220E-003
      4     11      2     10  0.810491286043355     
      3     12      2     10  -3.24287385813007     
      3      7      3     10  0.405700000000000     
      1      9      3     10 -0.405700000000000     
      4      9      3     10  -4.25054999999999     
      3     10      3     10  -6.12744999999999     
      1      7      4     10  -3.64958464760033     
      4      7      4     10  -2.02668257208671     
      3      8      4     10   3.51031718566856     
      2      9      4     10   3.51031718566856     
      5      9      4     10  -1.35692324366561     
      1     10      4     10  -2.02668257208671     
      4     10      4     10  -8.81116000000000     
      3     11      4     10  -1.35692324366561     
      2      7      5     10  0.177927139350515     
      5      7      5     10  -1.21619128604336     
      1      8      5     10  -2.00271946315068     
      4      8      5     10  0.810491286043355     
      6      9      5     10 -0.196989999999998     
      2     10      5     10   1.21619128604336     
      5     10      5     10  -6.32217000000000     
      1     11      5     10 -0.810491286043355     
      4     11      5     10  -3.66412000000000     
      3     12      5     10 -0.978139999999998     
      6      7      6     10   2.83717385813007     
      2      8      6     10   3.16063301808356     
      5      8      6     10  -2.10650509914962     
      6     10      6     10  -4.95232000000000     
      2     11      6     10  -1.40381208651893     
      5     11      6     10  -1.35692324366561     
      1     12      6     10   3.24287385813007     
      4     12      6     10  -3.07542000000000     
      8      9      7     10  -1.13925641867843     
      7     10      7     10  -1.79285000000000     
      9     11      7     10 -0.702693012630694     
      7      8      8     10  0.000000000000000E+000
      8     10      8     10  -1.13510000000000     
      7     11      8     10  -1.31550000000000     
     10     11      8     10 -0.405700000000000     
      9     12      8     10 -0.405700000000000     
      7      9      9     10 -0.811400000000000     
      9     10      9     10  -1.87690000000000     
      2      7      1     11  0.553947452381542     
      5      7      1     11  -5.27110000000000     
      1      8      1     11  0.553947452381542     
      4      8      1     11   1.30740000000000     
      6      9      1     11   3.24287385813007     
      2     10      1     11 -8.099999999998220E-003
      5     10      1     11 -0.810491286043355     
      1     11      1     11  -6.40620000000000     
      4     11      1     11  -1.21619128604336     
      3     12      1     11   2.83717385813007     
      6      7      2     11   1.13224161290778     
      2      8      2     11 -0.553947452381541     
      5      8      2     11  -4.61740000000000     
      6     10      2     11  -1.40381208651893     
      2     11      2     11  -6.41025000000000     
      5     11      2     11   2.02668257208671     
      1     12      2     11 -7.014805770652943E-003
      4     12      2     11  -2.10650509914962     
      1      7      3     11   3.16063301808356     
      4      7      3     11   2.10650509914962     
      3      8      3     11  -2.83717385813007     
      2      9      3     11  -3.24287385813007     
      5      9      3     11  -3.07542000000000     
      1     10      3     11   1.40381208651893     
      4     10      3     11  -1.35692324366561     
      3     11      3     11  -4.95232000000000     
      2      7      4     11  -2.00271946315068     
      5      7      4     11 -0.810491286043355     
      1      8      4     11  0.177927139350515     
      4      8      4     11   1.21619128604336     
      6      9      4     11 -0.978139999999998     
      2     10      4     11  0.810491286043355     
      5     10      4     11  -3.66412000000000     
      1     11      4     11  -1.21619128604336     
      4     11      4     11  -6.32217000000000     
      3     12      4     11 -0.196989999999998     
      6      7      5     11  -3.51031718566856     
      2      8      5     11  -3.64958464760033     
      5      8      5     11   2.02668257208671     
      6     10      5     11  -1.35692324366561     
      2     11      5     11   2.02668257208671     
      5     11      5     11  -8.81116000000000     
      1     12      5     11  -3.51031718566856     
      4     12      5     11  -1.35692324366561     
      6      8      6     11 -0.405700000000000     
      6     11      6     11  -6.12745000000000     
      2     12      6     11  0.405700000000000     
      5     12      6     11  -4.25055000000000     
      7      8      7     11  0.000000000000000E+000
      8     10      7     11  -1.31550000000000     
      7     11      7     11  -1.13510000000000     
     10     11      7     11 -0.405700000000000     
      9     12      7     11 -0.405700000000000     
      8     11      8     11  -1.79285000000000     
      7     12      8     11  -1.13925641867843     
     10     12      8     11 -0.702693012630694     
      8      9      9     11 -0.405700000000000     
      7     10      9     11 -0.702693012630694     
      9     11      9     11  -1.87690000000000     
      7      8     10     11   2.18064660250119     
      8     10     10     11 -0.405700000000000     
      7     11     10     11 -0.405700000000000     
     10     11     10     11  -2.65805000000000     
      9     12     10     11  0.781150000000000     
      6      7      1     12  -5.92480000000000     
      2      8      1     12  0.959465132248171     
      5      8      1     12   1.13224161290778     
      6     10      1     12   3.24287385813007     
      2     11      1     12 -7.014805770652943E-003
      5     11      1     12  -3.51031718566856     
      1     12      1     12  -6.40215000000000     
      4     12      1     12   2.83717385813007     
      6      8      2     12  -3.96370000000000     
      6     11      2     12  0.405700000000000     
      2     12      2     12  -6.41430000000000     
      5     12      2     12 -0.405700000000000     
      2      7      3     12   3.82751178695084     
      5      7      3     12   3.24287385813007     
      1      8      3     12   1.64686518444965     
      4      8      3     12  -2.83717385813007     
      6      9      3     12  -2.09728000000000     
      2     10      3     12  -3.24287385813007     
      5     10      3     12 -0.978139999999998     
      1     11      3     12   2.83717385813007     
      4     11      3     12 -0.196989999999998     
      3     12      3     12  -4.75533000000000     
      6      7      4     12   3.24287385813007     
      2      8      4     12   3.16063301808356     
      5      8      4     12  -1.40381208651893     
      6     10      4     12  -3.07542000000000     
      2     11      4     12  -2.10650509914962     
      5     11      4     12  -1.35692324366561     
      1     12      4     12   2.83717385813007     
      4     12      4     12  -4.95232000000000     
      6      8      5     12  0.405700000000000     
      6     11      5     12  -4.25054999999999     
      2     12      5     12 -0.405700000000000     
      5     12      5     12  -6.12744999999999     
      6     12      6     12  -10.3780000000000     
      8     11      7     12  -1.13925641867843     
      7     12      7     12 -0.477350000000000     
     10     12      7     12 -0.405700000000000     
      8     12      8     12  -2.45060000000000     
     11     12      8     12 -0.811400000000000     
      7      8      9     12  -2.18064660250119     
      8     10      9     12 -0.405700000000000     
      7     11      9     12 -0.405700000000000     
     10     11      9     12  0.781150000000000     
      9     12      9     12  -2.65805000000000     
      8     11     10     12 -0.702693012630694     
      7     12     10     12 -0.405700000000000     
     10     12     10     12  -1.87690000000000     
      8     12     11     12 -0.811400000000000     
     11     12     11     12  -1.87690000000000     
