      1      2      1      2  -1.21790000000000     
      2      4      1      2  0.000000000000000E+000
      1      5      1      2  0.000000000000000E+000
      4      5      1      2   2.39030376312301     
      3      6      1      2  -2.39030376312301     
      1      3      1      3  -2.68880000000000     
      3      4      1      3 -0.856800000000000     
      2      3      2      3 -0.455300000000000     
      1      4      2      3  -1.28951182623503     
      3      5      2      3 -0.428400000000000     
      2      3      1      4  -1.28951182623503     
      1      4      1      4  -1.94430000000000     
      3      5      1      4 -0.742010565962507     
      1      2      2      4  0.000000000000000E+000
      2      4      2      4  -1.19980000000000     
      1      5      2      4  -1.48900000000000     
      4      5      2      4 -0.428400000000000     
      3      6      2      4 -0.428400000000000     
      1      3      3      4 -0.856800000000000     
      3      4      3      4  -2.08300000000000     
      1      2      1      5  0.000000000000000E+000
      2      4      1      5  -1.48900000000000     
      1      5      1      5  -1.19980000000000     
      4      5      1      5 -0.428400000000000     
      3      6      1      5 -0.428400000000000     
      2      5      2      5  -1.94430000000000     
      1      6      2      5  -1.28951182623503     
      4      6      2      5 -0.742010565962507     
      2      3      3      5 -0.428400000000000     
      1      4      3      5 -0.742010565962507     
      3      5      3      5  -2.08300000000000     
      1      2      4      5   2.39030376312301     
      2      4      4      5 -0.428400000000000     
      1      5      4      5 -0.428400000000000     
      4      5      4      5  -2.84560000000000     
      3      6      4      5  0.762600000000000     
      2      5      1      6  -1.28951182623503     
      1      6      1      6 -0.455300000000000     
      4      6      1      6 -0.428400000000000     
      2      6      2      6  -2.68880000000000     
      5      6      2      6 -0.856800000000000     
      1      2      3      6  -2.39030376312301     
      2      4      3      6 -0.428400000000000     
      1      5      3      6 -0.428400000000000     
      4      5      3      6  0.762600000000000     
      3      6      3      6  -2.84560000000000     
      2      5      4      6 -0.742010565962507     
      1      6      4      6 -0.428400000000000     
      4      6      4      6  -2.08300000000000     
      2      6      5      6 -0.856800000000000     
      5      6      5      6  -2.08300000000000     
      1      7      1      7  -8.24670000000000     
      4      7      1      7  0.589656344831462     
      3      8      1      7  -1.02131474825345     
      2      9      1      7  -1.02131474825345     
      5      9      1      7   3.21737707504110     
      1     10      1      7  0.589656344831462     
      4     10      1      7  -3.71510704071902     
      3     11      1      7   3.21737707504110     
      2      7      2      7  -4.73230000000000     
      5      7      2      7  0.589656344831462     
      1      8      2      7  -3.51440000000000     
      4      8      2      7 -0.589656344831462     
      6      9      2      7   1.59117839897776     
      2     10      2      7 -0.589656344831462     
      5     10      2      7  0.266375121381749     
      1     11      2      7  0.589656344831462     
      4     11      2      7  -2.12392864174126     
      3     12      2      7   3.98148216210077     
      3      7      3      7  -6.81345000000000     
      1      9      3      7  -4.12465000000000     
      4      9      3      7 -0.428400000000000     
      3     10      3      7  0.428400000000000     
      1      7      4      7  0.589656344831462     
      4      7      4      7  -6.74456250000000     
      3      8      4      7 -0.119316650006400     
      2      9      4      7   1.17019517622863     
      5      9      4      7   1.39337101021700     
      1     10      4      7  -4.80026250000000     
      4     10      4      7  -2.03732625565961     
      3     11      4      7   2.13538157617951     
      2      7      5      7  0.589656344831462     
      5      7      5      7  -6.67567500000000     
      1      8      5      7  0.589656344831462     
      4      8      5      7 -0.137774999999999     
      6      9      5      7   2.84178938348941     
      2     10      5      7   1.35122500000000     
      5     10      5      7  -1.23286312782981     
      1     11      5      7  -5.47587500000000     
      4     11      5      7 -0.804463127829805     
      3     12      5      7   3.27018938348941     
      6      7      6      7  -6.60678750000000     
      2      8      6      7   1.02131474825345     
      5      8      6      7 -0.119316650006400     
      6     10      6      7   2.84178938348941     
      2     11      6      7   1.17019517622863     
      5     11      6      7  -3.52875258639650     
      1     12      6      7  -6.15148750000000     
      4     12      6      7   3.27018938348941     
      2      7      1      8  -3.51440000000000     
      5      7      1      8  0.589656344831462     
      1      8      1      8  -4.73230000000000     
      4      8      1      8 -0.589656344831462     
      6      9      1      8   3.98148216210077     
      2     10      1      8 -0.589656344831462     
      5     10      1      8  -2.12392864174126     
      1     11      1      8  0.589656344831462     
      4     11      1      8  0.266375121381749     
      3     12      1      8   1.59117839897776     
      6      7      2      8   1.02131474825345     
      2      8      2      8  -8.24670000000000     
      5      8      2      8 -0.589656344831462     
      6     10      2      8   3.21737707504110     
      2     11      2      8 -0.589656344831462     
      5     11      2      8  -3.71510704071902     
      1     12      2      8   1.02131474825345     
      4     12      2      8   3.21737707504110     
      1      7      3      8  -1.02131474825345     
      4      7      3      8 -0.119316650006400     
      3      8      3      8  -6.60678750000000     
      2      9      3      8  -6.15148750000000     
      5      9      3      8  -3.27018938348941     
      1     10      3      8   1.17019517622863     
      4     10      3      8   3.52875258639650     
      3     11      3      8  -2.84178938348941     
      2      7      4      8 -0.589656344831462     
      5      7      4      8 -0.137774999999999     
      1      8      4      8 -0.589656344831462     
      4      8      4      8  -6.67567500000000     
      6      9      4      8  -3.27018938348941     
      2     10      4      8  -5.47587500000000     
      5     10      4      8  0.804463127829805     
      1     11      4      8   1.35122500000000     
      4     11      4      8   1.23286312782981     
      3     12      4      8  -2.84178938348941     
      6      7      5      8 -0.119316650006400     
      2      8      5      8 -0.589656344831462     
      5      8      5      8  -6.74456250000000     
      6     10      5      8  -2.13538157617951     
      2     11      5      8  -4.80026250000000     
      5     11      5      8   2.03732625565961     
      1     12      5      8   1.17019517622863     
      4     12      5      8  -1.39337101021700     
      6      8      6      8  -6.81345000000000     
      6     11      6      8 -0.428400000000000     
      2     12      6      8  -4.12465000000000     
      5     12      6      8  0.428400000000000     
      7      8      7      8  -1.21790000000000     
      8     10      7      8  0.000000000000000E+000
      7     11      7      8  0.000000000000000E+000
     10     11      7      8   2.39030376312301     
      9     12      7      8  -2.39030376312301     
      3      7      1      9  -4.12465000000000     
      1      9      1      9  -6.81345000000000     
      4      9      1      9  0.428400000000000     
      3     10      1      9 -0.428400000000000     
      1      7      2      9  -1.02131474825345     
      4      7      2      9   1.17019517622863     
      3      8      2      9  -6.15148750000000     
      2      9      2      9  -6.60678750000000     
      5      9      2      9  -2.84178938348941     
      1     10      2      9 -0.119316650006400     
      4     10      2      9   3.52875258639650     
      3     11      2      9  -3.27018938348941     
      3      9      3      9  -10.9381000000000     
      3      7      4      9 -0.428400000000000     
      1      9      4      9  0.428400000000000     
      4      9      4      9  -6.51055000000000     
      3     10      4      9  -4.42754999999999     
      1      7      5      9   3.21737707504110     
      4      7      5      9   1.39337101021700     
      3      8      5      9  -3.27018938348941     
      2      9      5      9  -2.84178938348941     
      5      9      5      9  -5.25973000000000     
      1     10      5      9   2.13538157617951     
      4     10      5      9  -1.44432252741553     
      3     11      5      9  -3.17673000000000     
      2      7      6      9   1.59117839897776     
      5      7      6      9   2.84178938348941     
      1      8      6      9   3.98148216210077     
      4      8      6      9  -3.27018938348941     
      6      9      6      9  -5.01562000000000     
      2     10      6      9  -2.84178938348941     
      5     10      6      9 -0.244109999999998     
      1     11      6      9   3.27018938348941     
      4     11      6      9  -1.00671000000000     
      3     12      6      9  -2.17002000000000     
      7      9      7      9  -2.68880000000000     
      9     10      7      9 -0.856800000000000     
      8      9      8      9 -0.455300000000000     
      7     10      8      9  -1.28951182623503     
      9     11      8      9 -0.428400000000000     
      1      7      1     10  0.589656344831462     
      4      7      1     10  -4.80026250000000     
      3      8      1     10   1.17019517622863     
      2      9      1     10 -0.119316650006400     
      5      9      1     10   2.13538157617951     
      1     10      1     10  -6.74456250000000     
      4     10      1     10  -2.03732625565961     
      3     11      1     10   1.39337101021700     
      2      7      2     10 -0.589656344831462     
      5      7      2     10   1.35122500000000     
      1      8      2     10 -0.589656344831462     
      4      8      2     10  -5.47587500000000     
      6      9      2     10  -2.84178938348941     
      2     10      2     10  -6.67567500000000     
      5     10      2     10   1.23286312782981     
      1     11      2     10 -0.137774999999999     
      4     11      2     10  0.804463127829805     
      3     12      2     10  -3.27018938348941     
      3      7      3     10  0.428400000000000     
      1      9      3     10 -0.428400000000000     
      4      9      3     10  -4.42754999999999     
      3     10      3     10  -6.51054999999999     
      1      7      4     10  -3.71510704071902     
      4      7      4     10  -2.03732625565961     
      3      8      4     10   3.52875258639650     
      2      9      4     10   3.52875258639650     
      5      9      4     10  -1.44432252741553     
      1     10      4     10  -2.03732625565961     
      4     10      4     10  -9.27034000000000     
      3     11      4     10  -1.44432252741553     
      2      7      5     10  0.266375121381749     
      5      7      5     10  -1.23286312782981     
      1      8      5     10  -2.12392864174126     
      4      8      5     10  0.804463127829805     
      6      9      5     10 -0.244109999999998     
      2     10      5     10   1.23286312782981     
      5     10      5     10  -6.68338000000000     
      1     11      5     10 -0.804463127829805     
      4     11      5     10  -3.83778000000000     
      3     12      5     10  -1.00671000000000     
      6      7      6     10   2.84178938348941     
      2      8      6     10   3.21737707504110     
      5      8      6     10  -2.13538157617951     
      6     10      6     10  -5.25973000000000     
      2     11      6     10  -1.39337101021700     
      5     11      6     10  -1.44432252741553     
      1     12      6     10   3.27018938348941     
      4     12      6     10  -3.17673000000000     
      8      9      7     10  -1.28951182623503     
      7     10      7     10  -1.94430000000000     
      9     11      7     10 -0.742010565962507     
      7      8      8     10  0.000000000000000E+000
      8     10      8     10  -1.19980000000000     
      7     11      8     10  -1.48900000000000     
     10     11      8     10 -0.428400000000000     
      9     12      8     10 -0.428400000000000     
      7      9      9     10 -0.856800000000000     
      9     10      9     10  -2.08300000000000     
      2      7      1     11  0.589656344831462     
      5      7      1     11  -5.47587500000000     
      1      8      1     11  0.589656344831462     
      4      8      1     11   1.35122500000000     
      6      9      1     11   3.27018938348941     
      2     10      1     11 -0.137774999999999     
      5     10      1     11 -0.804463127829805     
      1     11      1     11  -6.67567500000000     
      4     11      1     11  -1.23286312782981     
      3     12      1     11   2.84178938348941     
      6      7      2     11   1.17019517622863     
      2      8      2     11 -0.589656344831462     
      5      8      2     11  -4.80026250000000     
      6     10      2     11  -1.39337101021700     
      2     11      2     11  -6.74456250000000     
      5     11      2     11   2.03732625565961     
      1     12      2     11 -0.119316650006400     
      4     12      2     11  -2.13538157617951     
      1      7      3     11   3.21737707504110     
      4      7      3     11   2.13538157617951     
      3      8      3     11  -2.84178938348941     
      2      9      3     11  -3.27018938348941     
      5      9      3     11  -3.17673000000000     
      1     10      3     11   1.39337101021700     
      4     10      3     11  -1.44432252741553     
      3     11      3     11  -5.25973000000000     
      2      7      4     11  -2.12392864174126     
      5      7      4     11 -0.804463127829805     
      1      8      4     11  0.266375121381749     
      4      8      4     11   1.23286312782981     
      6      9      4     11  -1.00671000000000     
      2     10      4     11  0.804463127829805     
      5     10      4     11  -3.83778000000000     
      1     11      4     11  -1.23286312782981     
      4     11      4     11  -6.68338000000000     
      3     12      4     11 -0.244109999999998     
      6      7      5     11  -3.52875258639650     
      2      8      5     11  -3.71510704071902     
      5      8      5     11   2.03732625565961     
      6     10      5     11  -1.44432252741553     
      2     11      5     11   2.03732625565961     
      5     11      5     11  -9.27034000000000     
      1     12      5     11  -3.52875258639650     
      4     12      5     11  -1.44432252741553     
      6      8      6     11 -0.428400000000000     
      6     11      6     11  -6.51055000000000     
      2     12      6     11  0.428400000000000     
      5     12      6     11  -4.42754999999999     
      7      8      7     11  0.000000000000000E+000
      8     10      7     11  -1.48900000000000     
      7     11      7     11  -1.19980000000000     
     10     11      7     11 -0.428400000000000     
      9     12      7     11 -0.428400000000000     
      8     11      8     11  -1.94430000000000     
      7     12      8     11  -1.28951182623503     
     10     12      8     11 -0.742010565962507     
      8      9      9     11 -0.428400000000000     
      7     10      9     11 -0.742010565962507     
      9     11      9     11  -2.08300000000000     
      7      8     10     11   2.39030376312301     
      8     10     10     11 -0.428400000000000     
      7     11     10     11 -0.428400000000000     
     10     11     10     11  -2.84560000000000     
      9     12     10     11  0.762600000000000     
      6      7      1     12  -6.15148750000000     
      2      8      1     12   1.02131474825345     
      5      8      1     12   1.17019517622863     
      6     10      1     12   3.27018938348941     
      2     11      1     12 -0.119316650006400     
      5     11      1     12  -3.52875258639650     
      1     12      1     12  -6.60678750000000     
      4     12      1     12   2.84178938348941     
      6      8      2     12  -4.12465000000000     
      6     11      2     12  0.428400000000000     
      2     12      2     12  -6.81345000000000     
      5     12      2     12 -0.428400000000000     
      2      7      3     12   3.98148216210077     
      5      7      3     12   3.27018938348941     
      1      8      3     12   1.59117839897776     
      4      8      3     12  -2.84178938348941     
      6      9      3     12  -2.17002000000000     
      2     10      3     12  -3.27018938348941     
      5     10      3     12  -1.00671000000000     
      1     11      3     12   2.84178938348941     
      4     11      3     12 -0.244109999999998     
      3     12      3     12  -5.01562000000000     
      6      7      4     12   3.27018938348941     
      2      8      4     12   3.21737707504110     
      5      8      4     12  -1.39337101021700     
      6     10      4     12  -3.17673000000000     
      2     11      4     12  -2.13538157617951     
      5     11      4     12  -1.44432252741553     
      1     12      4     12   2.84178938348941     
      4     12      4     12  -5.25973000000000     
      6      8      5     12  0.428400000000000     
      6     11      5     12  -4.42754999999999     
      2     12      5     12 -0.428400000000000     
      5     12      5     12  -6.51054999999999     
      6     12      6     12  -10.9381000000000     
      8     11      7     12  -1.28951182623503     
      7     12      7     12 -0.455300000000000     
     10     12      7     12 -0.428400000000000     
      8     12      8     12  -2.68880000000000     
     11     12      8     12 -0.856800000000000     
      7      8      9     12  -2.39030376312301     
      8     10      9     12 -0.428400000000000     
      7     11      9     12 -0.428400000000000     
     10     11      9     12  0.762600000000000     
      9     12      9     12  -2.84560000000000     
      8     11     10     12 -0.742010565962507     
      7     12     10     12 -0.428400000000000     
     10     12     10     12  -2.08300000000000     
      8     12     11     12 -0.856800000000000     
     11     12     11     12  -2.08300000000000     
