 ! Total Interaction
  20
   1   1   1   1     1     0  -8.2467
   1   2   1   1     1     0  -1.6678
   2   2   1   1     1     0   5.8741
   1   1   1   2     1     0  -1.6678
   1   2   1   2     1     0 -13.3650
   2   2   1   2     1     0  -9.1112
   1   1   2   2     1     0   5.8741
   1   2   2   2     1     0  -9.1112
   2   2   2   2     1     0  -6.7687
   1   2   1   2     2     0 -10.9381
   2   2   2   2     3     0 -10.9381
   1   1   1   1     0     1  -1.2179
   2   2   1   1     0     1  -3.3804
   1   1   2   2     0     1  -3.3804
   2   2   2   2     0     1  -3.6082
   1   2   1   2     1     1   0.2892
   1   2   1   2     2     1  -2.6888
   2   2   1   2     2     1   0.8568
   1   2   2   2     2     1   0.8568
   2   2   2   2     2     1  -2.0830
