      1      1      1      1           2           0   6.08711935812006     
      1      1      1      1           0           0  -12.9790000000000     
      1      1      1      2           2           0  -2.04262949650689     
      1      1      2      1           2           0  -2.04262949650689     
      1      1      2      2           4           0  -8.90286476566015     
      1      1      2      2           2           0   5.97337890597667     
      1      2      1      1           2           0   2.04262949650689     
      1      2      1      2           2           0  0.377312376801374     
      1      2      1      2           0           0  -18.9790818827680     
      1      2      2      1           4           0   13.7551442127402     
      1      2      2      1           2           0  -5.97390818721034     
      1      2      2      2           4           0   10.3412468319284     
      1      2      2      2           2           0   4.40622601793546     
      2      1      1      1           2           0   2.04262949650689     
      2      1      1      2           4           0   13.7551442127402     
      2      1      1      2           2           0  -5.97390818721034     
      2      1      2      1           2           0  0.377312376801374     
      2      1      2      1           0           0  -18.9790818827680     
      2      1      2      2           4           0   10.3412468319284     
      2      1      2      2           2           0   4.40622601793546     
      2      2      1      1           4           0  -8.90286476566015     
      2      2      1      1           2           0   5.97337890597668     
      2      2      1      2           4           0  -10.3412468319284     
      2      2      1      2           2           0  -4.40622601793546     
      2      2      2      1           4           0  -10.3412468319284     
      2      2      2      1           2           0  -4.40622601793546     
      2      2      2      2           6           0   5.74133326003639     
      2      2      2      2           4           0  -9.35445621979172     
      2      2      2      2           2           0   10.9801975305183     
      2      2      2      2           0           0  -27.7240000000000     
      1      1      1      1           2           0   6.08711935812006     
      1      1      1      1           0           0  -12.9790000000000     
      1      1      1      2           2           0  -2.04262949650689     
      1      1      2      1           2           0  -2.04262949650689     
      1      1      2      2           4           0  -8.90286476566015     
      1      1      2      2           2           0   5.97337890597667     
      1      2      1      1           2           0   2.04262949650689     
      1      2      1      2           2           0  0.377312376801374     
      1      2      1      2           0           0  -18.9790818827680     
      1      2      2      1           4           0   13.7551442127402     
      1      2      2      1           2           0  -5.97390818721034     
      1      2      2      2           4           0   10.3412468319284     
      1      2      2      2           2           0   4.40622601793546     
      2      1      1      1           2           0   2.04262949650689     
      2      1      1      2           4           0   13.7551442127402     
      2      1      1      2           2           0  -5.97390818721034     
      2      1      2      1           2           0  0.377312376801374     
      2      1      2      1           0           0  -18.9790818827680     
      2      1      2      2           4           0   10.3412468319284     
      2      1      2      2           2           0   4.40622601793546     
      2      2      1      1           4           0  -8.90286476566015     
      2      2      1      1           2           0   5.97337890597668     
      2      2      1      2           4           0  -10.3412468319284     
      2      2      1      2           2           0  -4.40622601793546     
      2      2      2      1           4           0  -10.3412468319284     
      2      2      2      1           2           0  -4.40622601793546     
      2      2      2      2           6           0   5.74133326003639     
      2      2      2      2           4           0  -9.35445621979172     
      2      2      2      2           2           0   10.9801975305183     
      2      2      2      2           0           0  -27.7240000000000     
          60           6
   1   1   3   3   0   0   0   0-12.9790   1   1
   1   1   3   3   2   0   0   0  6.0871   1   1
   1   1   3   4   2   0   0   0 -2.0426   1   1
   1   1   4   3   2   0   0   0  2.0426   1   1
   1   1   4   4   0   0   0   0-18.9791   1   1
   1   1   4   4   2   0   0   0  0.3773   1   1
   1   2   3   3   2   0   0   0 -2.0426   1   1
   1   2   3   4   2   0   0   0  5.9734   1   1
   1   2   3   4   4   0   0   0 -8.9029   1   1
   1   2   4   3   2   0   0   0 -5.9739   1   1
   1   2   4   3   4   0   0   0 13.7551   1   1
   1   2   4   4   2   0   0   0  4.4062   1   1
   1   2   4   4   4   0   0   0 10.3412   1   1
   2   1   3   3   2   0   0   0  2.0426   1   1
   2   1   3   4   2   0   0   0 -5.9739   1   1
   2   1   3   4   4   0   0   0 13.7551   1   1
   2   1   4   3   2   0   0   0  5.9734   1   1
   2   1   4   3   4   0   0   0 -8.9029   1   1
   2   1   4   4   2   0   0   0 -4.4062   1   1
   2   1   4   4   4   0   0   0-10.3412   1   1
   2   2   3   3   0   0   0   0-18.9791   1   1
   2   2   3   3   2   0   0   0  0.3773   1   1
   2   2   3   4   2   0   0   0  4.4062   1   1
   2   2   3   4   4   0   0   0 10.3412   1   1
   2   2   4   3   2   0   0   0 -4.4062   1   1
   2   2   4   3   4   0   0   0-10.3412   1   1
   2   2   4   4   0   0   0   0-27.7240   1   1
   2   2   4   4   2   0   0   0 10.9802   1   1
   2   2   4   4   4   0   0   0 -9.3545   1   1
   2   2   4   4   6   0   0   0  5.7413   1   1
   3   3   1   1   0   0   0   0-12.9790   1   1
   3   3   1   1   2   0   0   0  6.0871   1   1
   3   3   1   2   2   0   0   0 -2.0426   1   1
   3   3   2   1   2   0   0   0  2.0426   1   1
   3   3   2   2   0   0   0   0-18.9791   1   1
   3   3   2   2   2   0   0   0  0.3773   1   1
   3   4   1   1   2   0   0   0 -2.0426   1   1
   3   4   1   2   2   0   0   0  5.9734   1   1
   3   4   1   2   4   0   0   0 -8.9029   1   1
   3   4   2   1   2   0   0   0 -5.9739   1   1
   3   4   2   1   4   0   0   0 13.7551   1   1
   3   4   2   2   2   0   0   0  4.4062   1   1
   3   4   2   2   4   0   0   0 10.3412   1   1
   4   3   1   1   2   0   0   0  2.0426   1   1
   4   3   1   2   2   0   0   0 -5.9739   1   1
   4   3   1   2   4   0   0   0 13.7551   1   1
   4   3   2   1   2   0   0   0  5.9734   1   1
   4   3   2   1   4   0   0   0 -8.9029   1   1
   4   3   2   2   2   0   0   0 -4.4062   1   1
   4   3   2   2   4   0   0   0-10.3412   1   1
   4   4   1   1   0   0   0   0-18.9791   1   1
   4   4   1   1   2   0   0   0  0.3773   1   1
   4   4   1   2   2   0   0   0  4.4062   1   1
   4   4   1   2   4   0   0   0 10.3412   1   1
   4   4   2   1   2   0   0   0 -4.4062   1   1
   4   4   2   1   4   0   0   0-10.3412   1   1
   4   4   2   2   0   0   0   0-27.7240   1   1
   4   4   2   2   2   0   0   0 10.9802   1   1
   4   4   2   2   4   0   0   0 -9.3545   1   1
   4   4   2   2   6   0   0   0  5.7413   1   1
