      1      1      1      1           2           0   4.47951640107501     
      1      1      1      1           0           0  -10.2879500000000     
      1      1      1      2           2           0  -1.69247493777604     
      1      1      2      1           2           0  -1.69247493777604     
      1      1      2      2           4           0  -7.49768742659913     
      1      1      2      2           2           0   5.31480872308847     
      1      2      1      1           2           0   1.69247493777604     
      1      2      1      2           2           0 -7.024541800003625E-002
      1      2      1      2           0           0  -15.3892952090487     
      1      2      2      1           4           0   11.1360098398450     
      1      2      2      1           2           0  -4.77296910914736     
      1      2      2      2           4           0   9.03828796183006     
      1      2      2      2           2           0   3.86374010306566     
      2      1      1      1           2           0   1.69247493777604     
      2      1      1      2           4           0   11.1360098398450     
      2      1      1      2           2           0  -4.77296910914736     
      2      1      2      1           2           0 -7.024541800003625E-002
      2      1      2      1           0           0  -15.3892952090487     
      2      1      2      2           4           0   9.03828796183006     
      2      1      2      2           2           0   3.86374010306566     
      2      2      1      1           4           0  -7.49768742659913     
      2      2      1      1           2           0   5.31480872308847     
      2      2      1      2           4           0  -9.03828796183006     
      2      2      1      2           2           0  -3.86374010306566     
      2      2      2      1           4           0  -9.03828796183006     
      2      2      2      1           2           0  -3.86374010306566     
      2      2      2      2           6           0   4.30488872947664     
      2      2      2      2           4           0  -7.71033133763556     
      2      2      2      2           2           0   8.80227354381099     
      2      2      2      2           0           0  -22.0128250000000     
      1      1      1      1           2           0   4.47951640107501     
      1      1      1      1           0           0  -10.2879500000000     
      1      1      1      2           2           0  -1.69247493777604     
      1      1      2      1           2           0  -1.69247493777604     
      1      1      2      2           4           0  -7.49768742659913     
      1      1      2      2           2           0   5.31480872308847     
      1      2      1      1           2           0   1.69247493777604     
      1      2      1      2           2           0 -7.024541800003625E-002
      1      2      1      2           0           0  -15.3892952090487     
      1      2      2      1           4           0   11.1360098398450     
      1      2      2      1           2           0  -4.77296910914736     
      1      2      2      2           4           0   9.03828796183006     
      1      2      2      2           2           0   3.86374010306566     
      2      1      1      1           2           0   1.69247493777604     
      2      1      1      2           4           0   11.1360098398450     
      2      1      1      2           2           0  -4.77296910914736     
      2      1      2      1           2           0 -7.024541800003625E-002
      2      1      2      1           0           0  -15.3892952090487     
      2      1      2      2           4           0   9.03828796183006     
      2      1      2      2           2           0   3.86374010306566     
      2      2      1      1           4           0  -7.49768742659913     
      2      2      1      1           2           0   5.31480872308847     
      2      2      1      2           4           0  -9.03828796183006     
      2      2      1      2           2           0  -3.86374010306566     
      2      2      2      1           4           0  -9.03828796183006     
      2      2      2      1           2           0  -3.86374010306566     
      2      2      2      2           6           0   4.30488872947664     
      2      2      2      2           4           0  -7.71033133763556     
      2      2      2      2           2           0   8.80227354381099     
      2      2      2      2           0           0  -22.0128250000000     
          60           6
   1   1   3   3   0   0   0   0-10.2880   1   1
   1   1   3   3   2   0   0   0  4.4795   1   1
   1   1   3   4   2   0   0   0 -1.6925   1   1
   1   1   4   3   2   0   0   0  1.6925   1   1
   1   1   4   4   0   0   0   0-15.3893   1   1
   1   1   4   4   2   0   0   0 -0.0702   1   1
   1   2   3   3   2   0   0   0 -1.6925   1   1
   1   2   3   4   2   0   0   0  5.3148   1   1
   1   2   3   4   4   0   0   0 -7.4977   1   1
   1   2   4   3   2   0   0   0 -4.7730   1   1
   1   2   4   3   4   0   0   0 11.1360   1   1
   1   2   4   4   2   0   0   0  3.8637   1   1
   1   2   4   4   4   0   0   0  9.0383   1   1
   2   1   3   3   2   0   0   0  1.6925   1   1
   2   1   3   4   2   0   0   0 -4.7730   1   1
   2   1   3   4   4   0   0   0 11.1360   1   1
   2   1   4   3   2   0   0   0  5.3148   1   1
   2   1   4   3   4   0   0   0 -7.4977   1   1
   2   1   4   4   2   0   0   0 -3.8637   1   1
   2   1   4   4   4   0   0   0 -9.0383   1   1
   2   2   3   3   0   0   0   0-15.3893   1   1
   2   2   3   3   2   0   0   0 -0.0702   1   1
   2   2   3   4   2   0   0   0  3.8637   1   1
   2   2   3   4   4   0   0   0  9.0383   1   1
   2   2   4   3   2   0   0   0 -3.8637   1   1
   2   2   4   3   4   0   0   0 -9.0383   1   1
   2   2   4   4   0   0   0   0-22.0128   1   1
   2   2   4   4   2   0   0   0  8.8023   1   1
   2   2   4   4   4   0   0   0 -7.7103   1   1
   2   2   4   4   6   0   0   0  4.3049   1   1
   3   3   1   1   0   0   0   0-10.2880   1   1
   3   3   1   1   2   0   0   0  4.4795   1   1
   3   3   1   2   2   0   0   0 -1.6925   1   1
   3   3   2   1   2   0   0   0  1.6925   1   1
   3   3   2   2   0   0   0   0-15.3893   1   1
   3   3   2   2   2   0   0   0 -0.0702   1   1
   3   4   1   1   2   0   0   0 -1.6925   1   1
   3   4   1   2   2   0   0   0  5.3148   1   1
   3   4   1   2   4   0   0   0 -7.4977   1   1
   3   4   2   1   2   0   0   0 -4.7730   1   1
   3   4   2   1   4   0   0   0 11.1360   1   1
   3   4   2   2   2   0   0   0  3.8637   1   1
   3   4   2   2   4   0   0   0  9.0383   1   1
   4   3   1   1   2   0   0   0  1.6925   1   1
   4   3   1   2   2   0   0   0 -4.7730   1   1
   4   3   1   2   4   0   0   0 11.1360   1   1
   4   3   2   1   2   0   0   0  5.3148   1   1
   4   3   2   1   4   0   0   0 -7.4977   1   1
   4   3   2   2   2   0   0   0 -3.8637   1   1
   4   3   2   2   4   0   0   0 -9.0383   1   1
   4   4   1   1   0   0   0   0-15.3893   1   1
   4   4   1   1   2   0   0   0 -0.0702   1   1
   4   4   1   2   2   0   0   0  3.8637   1   1
   4   4   1   2   4   0   0   0  9.0383   1   1
   4   4   2   1   2   0   0   0 -3.8637   1   1
   4   4   2   1   4   0   0   0 -9.0383   1   1
   4   4   2   2   0   0   0   0-22.0128   1   1
   4   4   2   2   2   0   0   0  8.8023   1   1
   4   4   2   2   4   0   0   0 -7.7103   1   1
   4   4   2   2   6   0   0   0  4.3049   1   1
