 ! Total Interaction
  20
   1   1   1   1     1     0  -6.4371
   1   2   1   1     1     0  -1.3819
   2   2   1   1     1     0   5.0767
   1   1   1   2     1     0  -1.3819
   1   2   1   2     1     0 -11.0093
   2   2   1   2     1     0  -7.9684
   1   1   2   2     1     0   5.0767
   1   2   2   2     1     0  -7.9684
   2   2   2   2     1     0  -5.2786
   1   2   1   2     2     0  -8.7335
   2   2   2   2     3     0  -8.7335
   1   1   1   1     0     1  -1.2646
   2   2   1   1     0     1  -2.6728
   1   1   2   2     0     1  -2.6728
   2   2   2   2     0     1  -3.1545
   1   2   1   2     1     1   0.0633
   1   2   1   2     2     1  -2.1099
   2   2   1   2     2     1   0.7419
   1   2   2   2     2     1   0.7419
   2   2   2   2     2     1  -1.5853
