 ! Total Interaction
  20
   1   1   1   1     1     0  -7.9905
   1   2   1   1     1     0  -0.2900
   2   2   1   1     1     0   3.6589
   1   1   1   2     1     0  -0.2900
   1   2   1   2     1     0 -13.0508
   2   2   1   2     1     0  -6.8593
   1   1   2   2     1     0   3.6589
   1   2   2   2     1     0  -6.8593
   2   2   2   2     1     0  -8.5676
   1   2   1   2     2     0  -9.2925
   2   2   2   2     3     0  -9.2925
   1   1   1   1     0     1  -1.2330
   2   2   1   1     0     1  -3.6340
   1   1   2   2     0     1  -3.6340
   2   2   2   2     0     1  -3.8027
   1   2   1   2     1     1   0.6083
   1   2   1   2     2     1  -2.9494
   2   2   1   2     2     1   1.4856
   1   2   2   2     2     1   1.4856
   2   2   2   2     2     1  -1.8989
