      1      1      1      1           2           0   5.85216666607334     
      1      1      1      1           0           0  -12.6022500000000     
      1      1      1      2           2           0 -0.355176012703561     
      1      1      2      1           2           0 -0.355176012703561     
      1      1      2      2           4           0  -6.75377875678816     
      1      1      2      2           2           0   2.78479373282061     
      1      2      1      1           2           0  0.355176012703561     
      1      2      1      2           2           0 -0.137341431294419     
      1      2      1      2           0           0  -17.4190452244447     
      1      2      2      1           4           0   13.2264538903101     
      1      2      2      1           2           0  -3.90932527522333     
      1      2      2      2           4           0   8.44985623927586     
      1      2      2      2           2           0   2.16620466959397     
      2      1      1      1           2           0  0.355176012703561     
      2      1      1      2           4           0   13.2264538903101     
      2      1      1      2           2           0  -3.90932527522333     
      2      1      2      1           2           0 -0.137341431294419     
      2      1      2      1           0           0  -17.4190452244447     
      2      1      2      2           4           0   8.44985623927586     
      2      1      2      2           2           0   2.16620466959397     
      2      2      1      1           4           0  -6.75377875678816     
      2      2      1      1           2           0   2.78479373282061     
      2      2      1      2           4           0  -8.44985623927586     
      2      2      1      2           2           0  -2.16620466959398     
      2      2      2      1           4           0  -8.44985623927586     
      2      2      2      1           2           0  -2.16620466959398     
      2      2      2      2           6           0   7.65851080381657     
      2      2      2      2           4           0  -9.08741380157881     
      2      2      2      2           2           0   6.26923584028189     
      2      2      2      2           0           0  -26.0118750000000     
      1      1      1      1           2           0   5.85216666607334     
      1      1      1      1           0           0  -12.6022500000000     
      1      1      1      2           2           0 -0.355176012703561     
      1      1      2      1           2           0 -0.355176012703561     
      1      1      2      2           4           0  -6.75377875678816     
      1      1      2      2           2           0   2.78479373282061     
      1      2      1      1           2           0  0.355176012703561     
      1      2      1      2           2           0 -0.137341431294419     
      1      2      1      2           0           0  -17.4190452244447     
      1      2      2      1           4           0   13.2264538903101     
      1      2      2      1           2           0  -3.90932527522333     
      1      2      2      2           4           0   8.44985623927586     
      1      2      2      2           2           0   2.16620466959397     
      2      1      1      1           2           0  0.355176012703561     
      2      1      1      2           4           0   13.2264538903101     
      2      1      1      2           2           0  -3.90932527522333     
      2      1      2      1           2           0 -0.137341431294419     
      2      1      2      1           0           0  -17.4190452244447     
      2      1      2      2           4           0   8.44985623927586     
      2      1      2      2           2           0   2.16620466959397     
      2      2      1      1           4           0  -6.75377875678816     
      2      2      1      1           2           0   2.78479373282061     
      2      2      1      2           4           0  -8.44985623927586     
      2      2      1      2           2           0  -2.16620466959398     
      2      2      2      1           4           0  -8.44985623927586     
      2      2      2      1           2           0  -2.16620466959398     
      2      2      2      2           6           0   7.65851080381657     
      2      2      2      2           4           0  -9.08741380157881     
      2      2      2      2           2           0   6.26923584028189     
      2      2      2      2           0           0  -26.0118750000000     
          60           6
   1   1   3   3   0   0   0   0-12.6023   1   1
   1   1   3   3   2   0   0   0  5.8522   1   1
   1   1   3   4   2   0   0   0 -0.3552   1   1
   1   1   4   3   2   0   0   0  0.3552   1   1
   1   1   4   4   0   0   0   0-17.4190   1   1
   1   1   4   4   2   0   0   0 -0.1373   1   1
   1   2   3   3   2   0   0   0 -0.3552   1   1
   1   2   3   4   2   0   0   0  2.7848   1   1
   1   2   3   4   4   0   0   0 -6.7538   1   1
   1   2   4   3   2   0   0   0 -3.9093   1   1
   1   2   4   3   4   0   0   0 13.2265   1   1
   1   2   4   4   2   0   0   0  2.1662   1   1
   1   2   4   4   4   0   0   0  8.4499   1   1
   2   1   3   3   2   0   0   0  0.3552   1   1
   2   1   3   4   2   0   0   0 -3.9093   1   1
   2   1   3   4   4   0   0   0 13.2265   1   1
   2   1   4   3   2   0   0   0  2.7848   1   1
   2   1   4   3   4   0   0   0 -6.7538   1   1
   2   1   4   4   2   0   0   0 -2.1662   1   1
   2   1   4   4   4   0   0   0 -8.4499   1   1
   2   2   3   3   0   0   0   0-17.4190   1   1
   2   2   3   3   2   0   0   0 -0.1373   1   1
   2   2   3   4   2   0   0   0  2.1662   1   1
   2   2   3   4   4   0   0   0  8.4499   1   1
   2   2   4   3   2   0   0   0 -2.1662   1   1
   2   2   4   3   4   0   0   0 -8.4499   1   1
   2   2   4   4   0   0   0   0-26.0119   1   1
   2   2   4   4   2   0   0   0  6.2692   1   1
   2   2   4   4   4   0   0   0 -9.0874   1   1
   2   2   4   4   6   0   0   0  7.6585   1   1
   3   3   1   1   0   0   0   0-12.6023   1   1
   3   3   1   1   2   0   0   0  5.8522   1   1
   3   3   1   2   2   0   0   0 -0.3552   1   1
   3   3   2   1   2   0   0   0  0.3552   1   1
   3   3   2   2   0   0   0   0-17.4190   1   1
   3   3   2   2   2   0   0   0 -0.1373   1   1
   3   4   1   1   2   0   0   0 -0.3552   1   1
   3   4   1   2   2   0   0   0  2.7848   1   1
   3   4   1   2   4   0   0   0 -6.7538   1   1
   3   4   2   1   2   0   0   0 -3.9093   1   1
   3   4   2   1   4   0   0   0 13.2265   1   1
   3   4   2   2   2   0   0   0  2.1662   1   1
   3   4   2   2   4   0   0   0  8.4499   1   1
   4   3   1   1   2   0   0   0  0.3552   1   1
   4   3   1   2   2   0   0   0 -3.9093   1   1
   4   3   1   2   4   0   0   0 13.2265   1   1
   4   3   2   1   2   0   0   0  2.7848   1   1
   4   3   2   1   4   0   0   0 -6.7538   1   1
   4   3   2   2   2   0   0   0 -2.1662   1   1
   4   3   2   2   4   0   0   0 -8.4499   1   1
   4   4   1   1   0   0   0   0-17.4190   1   1
   4   4   1   1   2   0   0   0 -0.1373   1   1
   4   4   1   2   2   0   0   0  2.1662   1   1
   4   4   1   2   4   0   0   0  8.4499   1   1
   4   4   2   1   2   0   0   0 -2.1662   1   1
   4   4   2   1   4   0   0   0 -8.4499   1   1
   4   4   2   2   0   0   0   0-26.0119   1   1
   4   4   2   2   2   0   0   0  6.2692   1   1
   4   4   2   2   4   0   0   0 -9.0874   1   1
   4   4   2   2   6   0   0   0  7.6585   1   1
