      1      2      1      2  -1.23300000000000     
      2      4      1      2  0.000000000000000E+000
      1      5      1      2  0.000000000000000E+000
      4      5      1      2   2.56962604283191     
      3      6      1      2  -2.56962604283191     
      1      3      1      3  -2.94940000000000     
      3      4      1      3  -1.48560000000000     
      2      3      2      3 -0.281125000000000     
      1      4      2      3  -1.54052928952195     
      3      5      2      3 -0.742800000000000     
      2      3      1      4  -1.54052928952195     
      1      4      1      4  -2.05997500000000     
      3      5      1      4  -1.28656733986216     
      1      2      2      4  0.000000000000000E+000
      2      4      2      4  -1.17055000000000     
      1      5      2      4  -1.77885000000000     
      4      5      2      4 -0.742800000000000     
      3      6      2      4 -0.742800000000000     
      1      3      3      4  -1.48560000000000     
      3      4      3      4  -1.89890000000000     
      1      2      1      5  0.000000000000000E+000
      2      4      1      5  -1.77885000000000     
      1      5      1      5  -1.17055000000000     
      4      5      1      5 -0.742800000000000     
      3      6      1      5 -0.742800000000000     
      2      5      2      5  -2.05997500000000     
      1      6      2      5  -1.54052928952195     
      4      6      2      5  -1.28656733986216     
      2      3      3      5 -0.742800000000000     
      1      4      3      5  -1.28656733986216     
      3      5      3      5  -1.89890000000000     
      1      2      4      5   2.56962604283191     
      2      4      4      5 -0.742800000000000     
      1      5      4      5 -0.742800000000000     
      4      5      4      5  -2.85080000000000     
      3      6      4      5  0.951900000000000     
      2      5      1      6  -1.54052928952195     
      1      6      1      6 -0.281125000000000     
      4      6      1      6 -0.742800000000000     
      2      6      2      6  -2.94940000000000     
      5      6      2      6  -1.48560000000000     
      1      2      3      6  -2.56962604283191     
      2      4      3      6 -0.742800000000000     
      1      5      3      6 -0.742800000000000     
      4      5      3      6  0.951900000000000     
      3      6      3      6  -2.85080000000000     
      2      5      4      6  -1.28656733986216     
      1      6      4      6 -0.742800000000000     
      4      6      4      6  -1.89890000000000     
      2      6      5      6  -1.48560000000000     
      5      6      5      6  -1.89890000000000     
      1      7      1      7  -7.99050000000000     
      4      7      1      7  0.102530483272049     
      3      8      1      7 -0.177588006351780     
      2      9      1      7 -0.177588006351780     
      5      9      1      7   2.00406206565565     
      1     10      1      7  0.102530483272049     
      4     10      1      7  -2.31409154615802     
      3     11      1      7   2.00406206565565     
      2      7      2      7  -4.61175000000000     
      5      7      2      7  0.102530483272049     
      1      8      2      7  -3.37875000000000     
      4      8      2      7 -0.102530483272049     
      6      9      2      7  0.450755638202556     
      2     10      2      7 -0.102530483272049     
      5     10      2      7  0.706290134876453     
      1     11      2      7  0.102530483272049     
      4     11      2      7  -1.86333590795546     
      3     12      2      7   3.02038168103447     
      3      7      3      7  -6.12095000000000     
      1      9      3      7  -3.17155000000000     
      4      9      3      7 -0.742800000000000     
      3     10      3      7  0.742800000000000     
      1      7      4      7  0.102530483272049     
      4      7      4      7  -6.14602500000000     
      3      8      4      7  4.343117399979091E-002
      2      9      4      7   1.58396046352174     
      5      9      4      7  0.685014063400946     
      1     10      4      7  -4.08605000000000     
      4     10      4      7  -1.53378610780643     
      3     11      4      7   1.97158140326311     
      2      7      5      7  0.102530483272049     
      5      7      5      7  -6.17110000000000     
      1      8      5      7  0.102530483272049     
      4      8      5      7  5.015000000000236E-002
      6      9      5      7   1.92927916170965     
      2     10      5      7   1.82900000000000     
      5     10      5      7  -1.13829305390322     
      1     11      5      7  -5.00055000000000     
      4     11      5      7 -0.395493053903216     
      3     12      5      7   2.67207916170965     
      6      7      6      7  -6.19617500000001     
      2      8      6      7  0.177588006351780     
      5      8      6      7  4.343117399979091E-002
      6     10      6      7   1.92927916170965     
      2     11      6      7   1.58396046352174     
      5     11      6      7  -2.65659546666406     
      1     12      6      7  -5.91505000000000     
      4     12      6      7   2.67207916170965     
      2      7      1      8  -3.37875000000000     
      5      7      1      8  0.102530483272049     
      1      8      1      8  -4.61175000000000     
      4      8      1      8 -0.102530483272049     
      6      9      1      8   3.02038168103447     
      2     10      1      8 -0.102530483272049     
      5     10      1      8  -1.86333590795546     
      1     11      1      8  0.102530483272049     
      4     11      1      8  0.706290134876453     
      3     12      1      8  0.450755638202556     
      6      7      2      8  0.177588006351780     
      2      8      2      8  -7.99050000000000     
      5      8      2      8 -0.102530483272049     
      6     10      2      8   2.00406206565565     
      2     11      2      8 -0.102530483272049     
      5     11      2      8  -2.31409154615802     
      1     12      2      8  0.177588006351780     
      4     12      2      8   2.00406206565565     
      1      7      3      8 -0.177588006351780     
      4      7      3      8  4.343117399979091E-002
      3      8      3      8  -6.19617500000001     
      2      9      3      8  -5.91505000000000     
      5      9      3      8  -2.67207916170965     
      1     10      3      8   1.58396046352174     
      4     10      3      8   2.65659546666406     
      3     11      3      8  -1.92927916170965     
      2      7      4      8 -0.102530483272049     
      5      7      4      8  5.015000000000236E-002
      1      8      4      8 -0.102530483272049     
      4      8      4      8  -6.17110000000000     
      6      9      4      8  -2.67207916170965     
      2     10      4      8  -5.00055000000000     
      5     10      4      8  0.395493053903216     
      1     11      4      8   1.82900000000000     
      4     11      4      8   1.13829305390322     
      3     12      4      8  -1.92927916170965     
      6      7      5      8  4.343117399979091E-002
      2      8      5      8 -0.102530483272049     
      5      8      5      8  -6.14602500000000     
      6     10      5      8  -1.97158140326311     
      2     11      5      8  -4.08605000000000     
      5     11      5      8   1.53378610780643     
      1     12      5      8   1.58396046352174     
      4     12      5      8 -0.685014063400946     
      6      8      6      8  -6.12095000000000     
      6     11      6      8 -0.742800000000000     
      2     12      6      8  -3.17155000000000     
      5     12      6      8  0.742800000000000     
      7      8      7      8  -1.23300000000000     
      8     10      7      8  0.000000000000000E+000
      7     11      7      8  0.000000000000000E+000
     10     11      7      8   2.56962604283191     
      9     12      7      8  -2.56962604283191     
      3      7      1      9  -3.17155000000000     
      1      9      1      9  -6.12095000000000     
      4      9      1      9  0.742800000000000     
      3     10      1      9 -0.742800000000000     
      1      7      2      9 -0.177588006351780     
      4      7      2      9   1.58396046352174     
      3      8      2      9  -5.91505000000000     
      2      9      2      9  -6.19617500000001     
      5      9      2      9  -1.92927916170965     
      1     10      2      9  4.343117399979091E-002
      4     10      2      9   2.65659546666406     
      3     11      2      9  -2.67207916170965     
      3      9      3      9  -9.29250000000000     
      3      7      4      9 -0.742800000000000     
      1      9      4      9  0.742800000000000     
      4      9      4      9  -5.59570000000000     
      3     10      4      9  -3.69680000000000     
      1      7      5      9   2.00406206565565     
      4      7      5      9  0.685014063400946     
      3      8      5      9  -2.67207916170965     
      2      9      5      9  -1.92927916170965     
      5      9      5      9  -5.37823000000000     
      1     10      5      9   1.97158140326311     
      4     10      5      9 -0.251112726081332     
      3     11      5      9  -3.47933000000000     
      2      7      6      9  0.450755638202556     
      5      7      6      9   1.92927916170965     
      1      8      6      9   3.02038168103447     
      4      8      6      9  -2.67207916170965     
      6      9      6      9  -5.74544500000000     
      2     10      6      9  -1.92927916170965     
      5     10      6      9  0.367215000000003     
      1     11      6      9   2.67207916170965     
      4     11      6      9 -0.584684999999998     
      3     12      6      9  -2.89464500000000     
      7      9      7      9  -2.94940000000000     
      9     10      7      9  -1.48560000000000     
      8      9      8      9 -0.281125000000000     
      7     10      8      9  -1.54052928952195     
      9     11      8      9 -0.742800000000000     
      1      7      1     10  0.102530483272049     
      4      7      1     10  -4.08605000000000     
      3      8      1     10   1.58396046352174     
      2      9      1     10  4.343117399979091E-002
      5      9      1     10   1.97158140326311     
      1     10      1     10  -6.14602500000000     
      4     10      1     10  -1.53378610780643     
      3     11      1     10  0.685014063400946     
      2      7      2     10 -0.102530483272049     
      5      7      2     10   1.82900000000000     
      1      8      2     10 -0.102530483272049     
      4      8      2     10  -5.00055000000000     
      6      9      2     10  -1.92927916170965     
      2     10      2     10  -6.17110000000000     
      5     10      2     10   1.13829305390322     
      1     11      2     10  5.015000000000236E-002
      4     11      2     10  0.395493053903216     
      3     12      2     10  -2.67207916170965     
      3      7      3     10  0.742800000000000     
      1      9      3     10 -0.742800000000000     
      4      9      3     10  -3.69680000000000     
      3     10      3     10  -5.59570000000000     
      1      7      4     10  -2.31409154615802     
      4      7      4     10  -1.53378610780643     
      3      8      4     10   2.65659546666406     
      2      9      4     10   2.65659546666406     
      5      9      4     10 -0.251112726081330     
      1     10      4     10  -1.53378610780643     
      4     10      4     10  -9.00254000000000     
      3     11      4     10 -0.251112726081330     
      2      7      5     10  0.706290134876453     
      5      7      5     10  -1.13829305390322     
      1      8      5     10  -1.86333590795546     
      4      8      5     10  0.395493053903216     
      6      9      5     10  0.367215000000003     
      2     10      5     10   1.13829305390322     
      5     10      5     10  -6.03540500000000     
      1     11      5     10 -0.395493053903216     
      4     11      5     10  -3.18460500000000     
      3     12      5     10 -0.584684999999998     
      6      7      6     10   1.92927916170965     
      2      8      6     10   2.00406206565565     
      5      8      6     10  -1.97158140326311     
      6     10      6     10  -5.37823000000000     
      2     11      6     10 -0.685014063400946     
      5     11      6     10 -0.251112726081332     
      1     12      6     10   2.67207916170965     
      4     12      6     10  -3.47933000000000     
      8      9      7     10  -1.54052928952195     
      7     10      7     10  -2.05997500000000     
      9     11      7     10  -1.28656733986216     
      7      8      8     10  0.000000000000000E+000
      8     10      8     10  -1.17055000000000     
      7     11      8     10  -1.77885000000000     
     10     11      8     10 -0.742800000000000     
      9     12      8     10 -0.742800000000000     
      7      9      9     10  -1.48560000000000     
      9     10      9     10  -1.89890000000000     
      2      7      1     11  0.102530483272049     
      5      7      1     11  -5.00055000000000     
      1      8      1     11  0.102530483272049     
      4      8      1     11   1.82900000000000     
      6      9      1     11   2.67207916170965     
      2     10      1     11  5.015000000000236E-002
      5     10      1     11 -0.395493053903216     
      1     11      1     11  -6.17110000000000     
      4     11      1     11  -1.13829305390322     
      3     12      1     11   1.92927916170965     
      6      7      2     11   1.58396046352174     
      2      8      2     11 -0.102530483272049     
      5      8      2     11  -4.08605000000000     
      6     10      2     11 -0.685014063400946     
      2     11      2     11  -6.14602500000000     
      5     11      2     11   1.53378610780643     
      1     12      2     11  4.343117399979091E-002
      4     12      2     11  -1.97158140326311     
      1      7      3     11   2.00406206565565     
      4      7      3     11   1.97158140326311     
      3      8      3     11  -1.92927916170965     
      2      9      3     11  -2.67207916170965     
      5      9      3     11  -3.47933000000000     
      1     10      3     11  0.685014063400946     
      4     10      3     11 -0.251112726081332     
      3     11      3     11  -5.37823000000000     
      2      7      4     11  -1.86333590795546     
      5      7      4     11 -0.395493053903216     
      1      8      4     11  0.706290134876453     
      4      8      4     11   1.13829305390322     
      6      9      4     11 -0.584684999999998     
      2     10      4     11  0.395493053903216     
      5     10      4     11  -3.18460500000000     
      1     11      4     11  -1.13829305390322     
      4     11      4     11  -6.03540500000000     
      3     12      4     11  0.367215000000003     
      6      7      5     11  -2.65659546666406     
      2      8      5     11  -2.31409154615802     
      5      8      5     11   1.53378610780643     
      6     10      5     11 -0.251112726081330     
      2     11      5     11   1.53378610780643     
      5     11      5     11  -9.00254000000000     
      1     12      5     11  -2.65659546666406     
      4     12      5     11 -0.251112726081330     
      6      8      6     11 -0.742800000000000     
      6     11      6     11  -5.59570000000000     
      2     12      6     11  0.742800000000000     
      5     12      6     11  -3.69680000000000     
      7      8      7     11  0.000000000000000E+000
      8     10      7     11  -1.77885000000000     
      7     11      7     11  -1.17055000000000     
     10     11      7     11 -0.742800000000000     
      9     12      7     11 -0.742800000000000     
      8     11      8     11  -2.05997500000000     
      7     12      8     11  -1.54052928952195     
     10     12      8     11  -1.28656733986216     
      8      9      9     11 -0.742800000000000     
      7     10      9     11  -1.28656733986216     
      9     11      9     11  -1.89890000000000     
      7      8     10     11   2.56962604283191     
      8     10     10     11 -0.742800000000000     
      7     11     10     11 -0.742800000000000     
     10     11     10     11  -2.85080000000000     
      9     12     10     11  0.951900000000000     
      6      7      1     12  -5.91505000000000     
      2      8      1     12  0.177588006351780     
      5      8      1     12   1.58396046352174     
      6     10      1     12   2.67207916170965     
      2     11      1     12  4.343117399979091E-002
      5     11      1     12  -2.65659546666406     
      1     12      1     12  -6.19617500000001     
      4     12      1     12   1.92927916170965     
      6      8      2     12  -3.17155000000000     
      6     11      2     12  0.742800000000000     
      2     12      2     12  -6.12095000000000     
      5     12      2     12 -0.742800000000000     
      2      7      3     12   3.02038168103447     
      5      7      3     12   2.67207916170965     
      1      8      3     12  0.450755638202556     
      4      8      3     12  -1.92927916170965     
      6      9      3     12  -2.89464500000000     
      2     10      3     12  -2.67207916170965     
      5     10      3     12 -0.584684999999998     
      1     11      3     12   1.92927916170965     
      4     11      3     12  0.367215000000003     
      3     12      3     12  -5.74544500000000     
      6      7      4     12   2.67207916170965     
      2      8      4     12   2.00406206565565     
      5      8      4     12 -0.685014063400946     
      6     10      4     12  -3.47933000000000     
      2     11      4     12  -1.97158140326311     
      5     11      4     12 -0.251112726081332     
      1     12      4     12   1.92927916170965     
      4     12      4     12  -5.37823000000000     
      6      8      5     12  0.742800000000000     
      6     11      5     12  -3.69680000000000     
      2     12      5     12 -0.742800000000000     
      5     12      5     12  -5.59570000000000     
      6     12      6     12  -9.29250000000000     
      8     11      7     12  -1.54052928952195     
      7     12      7     12 -0.281125000000000     
     10     12      7     12 -0.742800000000000     
      8     12      8     12  -2.94940000000000     
     11     12      8     12  -1.48560000000000     
      7      8      9     12  -2.56962604283191     
      8     10      9     12 -0.742800000000000     
      7     11      9     12 -0.742800000000000     
     10     11      9     12  0.951900000000000     
      9     12      9     12  -2.85080000000000     
      8     11     10     12  -1.28656733986216     
      7     12     10     12 -0.742800000000000     
     10     12     10     12  -1.89890000000000     
      8     12     11     12  -1.48560000000000     
     11     12     11     12  -1.89890000000000     
