 ! Total Interaction
  20
   1   1   1   1     1     0  -7.2142
   1   2   1   1     1     0  -1.6251
   2   2   1   1     1     0   5.3211
   1   1   1   2     1     0  -1.6251
   1   2   1   2     1     0 -11.5648
   2   2   1   2     1     0  -8.0727
   1   1   2   2     1     0   5.3211
   1   2   2   2     1     0  -8.0727
   2   2   2   2     1     0  -5.6466
   1   2   1   2     2     0  -9.7095
   2   2   2   2     3     0  -9.7095
   1   1   1   1     0     1  -1.2402
   2   2   1   1     0     1  -3.2448
   1   1   2   2     0     1  -3.2448
   2   2   2   2     0     1  -3.5346
   1   2   1   2     1     1   0.2369
   1   2   1   2     2     1  -2.5807
   2   2   1   2     2     1   0.8365
   1   2   2   2     2     1   0.8365
   2   2   2   2     2     1  -1.9892
