      1      1      1      1           2           0   5.17363576220824     
      1      1      1      1           0           0  -11.4414000000000     
      1      1      1      2           2           0  -1.99033289049847     
      1      1      2      1           2           0  -1.99033289049847     
      1      1      2      2           4           0  -8.20911847798620     
      1      1      2      2           2           0   5.29919017250613     
      1      2      1      1           2           0   1.99033289049847     
      1      2      1      2           2           0  0.658841771359028     
      1      2      1      2           0           0  -16.8706308826260     
      1      2      2      1           4           0   11.8885864685223     
      1      2      2      1           2           0  -5.16200937116243     
      1      2      2      2           4           0   9.22370268440968     
      1      2      2      2           2           0   3.79807416325876     
      2      1      1      1           2           0   1.99033289049847     
      2      1      1      2           4           0   11.8885864685223     
      2      1      1      2           2           0  -5.16200937116243     
      2      1      2      1           2           0  0.658841771359028     
      2      1      2      1           0           0  -16.8706308826260     
      2      1      2      2           4           0   9.22370268440968     
      2      1      2      2           2           0   3.79807416325876     
      2      2      1      1           4           0  -8.20911847798620     
      2      2      1      1           2           0   5.29919017250614     
      2      2      1      2           4           0  -9.22370268440968     
      2      2      1      2           2           0  -3.79807416325876     
      2      2      2      1           4           0  -9.22370268440968     
      2      2      2      1           2           0  -3.79807416325876     
      2      2      2      2           6           0   4.35357055360023     
      2      2      2      2           4           0  -8.13272457858528     
      2      2      2      2           2           0   9.88723016967214     
      2      2      2      2           0           0  -24.5967250000000     
      1      1      1      1           2           0   5.17363576220824     
      1      1      1      1           0           0  -11.4414000000000     
      1      1      1      2           2           0  -1.99033289049847     
      1      1      2      1           2           0  -1.99033289049847     
      1      1      2      2           4           0  -8.20911847798620     
      1      1      2      2           2           0   5.29919017250613     
      1      2      1      1           2           0   1.99033289049847     
      1      2      1      2           2           0  0.658841771359028     
      1      2      1      2           0           0  -16.8706308826260     
      1      2      2      1           4           0   11.8885864685223     
      1      2      2      1           2           0  -5.16200937116243     
      1      2      2      2           4           0   9.22370268440968     
      1      2      2      2           2           0   3.79807416325876     
      2      1      1      1           2           0   1.99033289049847     
      2      1      1      2           4           0   11.8885864685223     
      2      1      1      2           2           0  -5.16200937116243     
      2      1      2      1           2           0  0.658841771359028     
      2      1      2      1           0           0  -16.8706308826260     
      2      1      2      2           4           0   9.22370268440968     
      2      1      2      2           2           0   3.79807416325876     
      2      2      1      1           4           0  -8.20911847798620     
      2      2      1      1           2           0   5.29919017250614     
      2      2      1      2           4           0  -9.22370268440968     
      2      2      1      2           2           0  -3.79807416325876     
      2      2      2      1           4           0  -9.22370268440968     
      2      2      2      1           2           0  -3.79807416325876     
      2      2      2      2           6           0   4.35357055360023     
      2      2      2      2           4           0  -8.13272457858528     
      2      2      2      2           2           0   9.88723016967214     
      2      2      2      2           0           0  -24.5967250000000     
          60           6
   1   1   3   3   0   0   0   0-11.4414   1   1
   1   1   3   3   2   0   0   0  5.1736   1   1
   1   1   3   4   2   0   0   0 -1.9903   1   1
   1   1   4   3   2   0   0   0  1.9903   1   1
   1   1   4   4   0   0   0   0-16.8706   1   1
   1   1   4   4   2   0   0   0  0.6588   1   1
   1   2   3   3   2   0   0   0 -1.9903   1   1
   1   2   3   4   2   0   0   0  5.2992   1   1
   1   2   3   4   4   0   0   0 -8.2091   1   1
   1   2   4   3   2   0   0   0 -5.1620   1   1
   1   2   4   3   4   0   0   0 11.8886   1   1
   1   2   4   4   2   0   0   0  3.7981   1   1
   1   2   4   4   4   0   0   0  9.2237   1   1
   2   1   3   3   2   0   0   0  1.9903   1   1
   2   1   3   4   2   0   0   0 -5.1620   1   1
   2   1   3   4   4   0   0   0 11.8886   1   1
   2   1   4   3   2   0   0   0  5.2992   1   1
   2   1   4   3   4   0   0   0 -8.2091   1   1
   2   1   4   4   2   0   0   0 -3.7981   1   1
   2   1   4   4   4   0   0   0 -9.2237   1   1
   2   2   3   3   0   0   0   0-16.8706   1   1
   2   2   3   3   2   0   0   0  0.6588   1   1
   2   2   3   4   2   0   0   0  3.7981   1   1
   2   2   3   4   4   0   0   0  9.2237   1   1
   2   2   4   3   2   0   0   0 -3.7981   1   1
   2   2   4   3   4   0   0   0 -9.2237   1   1
   2   2   4   4   0   0   0   0-24.5967   1   1
   2   2   4   4   2   0   0   0  9.8872   1   1
   2   2   4   4   4   0   0   0 -8.1327   1   1
   2   2   4   4   6   0   0   0  4.3536   1   1
   3   3   1   1   0   0   0   0-11.4414   1   1
   3   3   1   1   2   0   0   0  5.1736   1   1
   3   3   1   2   2   0   0   0 -1.9903   1   1
   3   3   2   1   2   0   0   0  1.9903   1   1
   3   3   2   2   0   0   0   0-16.8706   1   1
   3   3   2   2   2   0   0   0  0.6588   1   1
   3   4   1   1   2   0   0   0 -1.9903   1   1
   3   4   1   2   2   0   0   0  5.2992   1   1
   3   4   1   2   4   0   0   0 -8.2091   1   1
   3   4   2   1   2   0   0   0 -5.1620   1   1
   3   4   2   1   4   0   0   0 11.8886   1   1
   3   4   2   2   2   0   0   0  3.7981   1   1
   3   4   2   2   4   0   0   0  9.2237   1   1
   4   3   1   1   2   0   0   0  1.9903   1   1
   4   3   1   2   2   0   0   0 -5.1620   1   1
   4   3   1   2   4   0   0   0 11.8886   1   1
   4   3   2   1   2   0   0   0  5.2992   1   1
   4   3   2   1   4   0   0   0 -8.2091   1   1
   4   3   2   2   2   0   0   0 -3.7981   1   1
   4   3   2   2   4   0   0   0 -9.2237   1   1
   4   4   1   1   0   0   0   0-16.8706   1   1
   4   4   1   1   2   0   0   0  0.6588   1   1
   4   4   1   2   2   0   0   0  3.7981   1   1
   4   4   1   2   4   0   0   0  9.2237   1   1
   4   4   2   1   2   0   0   0 -3.7981   1   1
   4   4   2   1   4   0   0   0 -9.2237   1   1
   4   4   2   2   0   0   0   0-24.5967   1   1
   4   4   2   2   2   0   0   0  9.8872   1   1
   4   4   2   2   4   0   0   0 -8.1327   1   1
   4   4   2   2   6   0   0   0  4.3536   1   1
