      1      2      1      2  -1.24020000000000     
      2      4      1      2  0.000000000000000E+000
      1      5      1      2  0.000000000000000E+000
      4      5      1      2   2.29442008359411     
      3      6      1      2  -2.29442008359411     
      1      3      1      3  -2.58070000000000     
      3      4      1      3 -0.836500000000000     
      2      3      2      3 -0.467500000000000     
      1      4      2      3  -1.22005658885152     
      3      5      2      3 -0.418250000000000     
      2      3      1      4  -1.22005658885152     
      1      4      1      4  -1.87630000000000     
      3      5      1      4 -0.724430250265683     
      1      2      2      4  0.000000000000000E+000
      2      4      2      4  -1.17190000000000     
      1      5      2      4  -1.40880000000000     
      4      5      2      4 -0.418250000000000     
      3      6      2      4 -0.418250000000000     
      1      3      3      4 -0.836500000000000     
      3      4      3      4  -1.98920000000000     
      1      2      1      5  0.000000000000000E+000
      2      4      1      5  -1.40880000000000     
      1      5      1      5  -1.17190000000000     
      4      5      1      5 -0.418250000000000     
      3      6      1      5 -0.418250000000000     
      2      5      2      5  -1.87630000000000     
      1      6      2      5  -1.22005658885152     
      4      6      2      5 -0.724430250265683     
      2      3      3      5 -0.418250000000000     
      1      4      3      5 -0.724430250265683     
      3      5      3      5  -1.98920000000000     
      1      2      4      5   2.29442008359411     
      2      4      4      5 -0.418250000000000     
      1      5      4      5 -0.418250000000000     
      4      5      4      5  -2.76190000000000     
      3      6      4      5  0.772700000000000     
      2      5      1      6  -1.22005658885152     
      1      6      1      6 -0.467500000000000     
      4      6      1      6 -0.418250000000000     
      2      6      2      6  -2.58070000000000     
      5      6      2      6 -0.836500000000000     
      1      2      3      6  -2.29442008359411     
      2      4      3      6 -0.418250000000000     
      1      5      3      6 -0.418250000000000     
      4      5      3      6  0.772700000000000     
      3      6      3      6  -2.76190000000000     
      2      5      4      6 -0.724430250265683     
      1      6      4      6 -0.418250000000000     
      4      6      4      6  -1.98920000000000     
      2      6      5      6 -0.836500000000000     
      5      6      5      6  -1.98920000000000     
      1      7      1      7  -7.21420000000000     
      4      7      1      7  0.574559615053129     
      3      8      1      7 -0.995166445249236     
      2      9      1      7 -0.995166445249236     
      5      9      1      7   2.91448650074074     
      1     10      1      7  0.574559615053129     
      4     10      1      7  -3.36535913150439     
      3     11      1      7   2.91448650074074     
      2      7      2      7  -4.22720000000000     
      5      7      2      7  0.574559615053129     
      1      8      2      7  -2.98700000000000     
      4      8      2      7 -0.574559615053129     
      6      9      2      7   1.37680930683124     
      2     10      2      7 -0.574559615053129     
      5     10      2      7  0.305870258920956     
      1     11      2      7  0.574559615053129     
      4     11      2      7  -1.98854982467315     
      3     12      2      7   3.67122939042535     
      3      7      3      7  -6.14510000000000     
      1      9      3      7  -3.56440000000000     
      4      9      3      7 -0.418250000000000     
      3     10      3      7  0.418250000000000     
      1      7      4      7  0.574559615053129     
      4      7      4      7  -6.02481250000000     
      3      8      4      7 -0.208344061515440     
      2      9      4      7   1.01171252733608     
      5      9      4      7   1.20105650781359     
      1     10      4      7  -4.14851250000000     
      4     10      4      7  -1.80511059619626     
      3     11      4      7   1.92548675807927     
      2      7      5      7  0.574559615053129     
      5      7      5      7  -5.90452500000000     
      1      8      5      7  0.574559615053129     
      4      8      5      7 -0.240574999999998     
      6      9      5      7   2.49854089429438     
      2     10      5      7   1.16822500000000     
      5     10      5      7  -1.11168029809813     
      1     11      5      7  -4.73262500000000     
      4     11      5      7 -0.693430298098128     
      3     12      5      7   2.91679089429438     
      6      7      6      7  -5.78423750000000     
      2      8      6      7  0.995166445249236     
      5      8      6      7 -0.208344061515440     
      6     10      6      7   2.49854089429438     
      2     11      6      7   1.01171252733608     
      5     11      6      7  -3.12654326589286     
      1     12      6      7  -5.31673750000000     
      4     12      6      7   2.91679089429438     
      2      7      1      8  -2.98700000000000     
      5      7      1      8  0.574559615053129     
      1      8      1      8  -4.22720000000000     
      4      8      1      8 -0.574559615053129     
      6      9      1      8   3.67122939042535     
      2     10      1      8 -0.574559615053129     
      5     10      1      8  -1.98854982467315     
      1     11      1      8  0.574559615053129     
      4     11      1      8  0.305870258920956     
      3     12      1      8   1.37680930683124     
      6      7      2      8  0.995166445249236     
      2      8      2      8  -7.21420000000000     
      5      8      2      8 -0.574559615053129     
      6     10      2      8   2.91448650074074     
      2     11      2      8 -0.574559615053129     
      5     11      2      8  -3.36535913150439     
      1     12      2      8  0.995166445249236     
      4     12      2      8   2.91448650074074     
      1      7      3      8 -0.995166445249236     
      4      7      3      8 -0.208344061515440     
      3      8      3      8  -5.78423750000000     
      2      9      3      8  -5.31673750000000     
      5      9      3      8  -2.91679089429438     
      1     10      3      8   1.01171252733608     
      4     10      3      8   3.12654326589286     
      3     11      3      8  -2.49854089429438     
      2      7      4      8 -0.574559615053129     
      5      7      4      8 -0.240574999999998     
      1      8      4      8 -0.574559615053129     
      4      8      4      8  -5.90452500000000     
      6      9      4      8  -2.91679089429438     
      2     10      4      8  -4.73262500000000     
      5     10      4      8  0.693430298098128     
      1     11      4      8   1.16822500000000     
      4     11      4      8   1.11168029809813     
      3     12      4      8  -2.49854089429438     
      6      7      5      8 -0.208344061515440     
      2      8      5      8 -0.574559615053129     
      5      8      5      8  -6.02481250000000     
      6     10      5      8  -1.92548675807927     
      2     11      5      8  -4.14851250000000     
      5     11      5      8   1.80511059619626     
      1     12      5      8   1.01171252733608     
      4     12      5      8  -1.20105650781359     
      6      8      6      8  -6.14510000000000     
      6     11      6      8 -0.418250000000000     
      2     12      6      8  -3.56440000000000     
      5     12      6      8  0.418250000000000     
      7      8      7      8  -1.24020000000000     
      8     10      7      8  0.000000000000000E+000
      7     11      7      8  0.000000000000000E+000
     10     11      7      8   2.29442008359411     
      9     12      7      8  -2.29442008359411     
      3      7      1      9  -3.56440000000000     
      1      9      1      9  -6.14510000000000     
      4      9      1      9  0.418250000000000     
      3     10      1      9 -0.418250000000000     
      1      7      2      9 -0.995166445249236     
      4      7      2      9   1.01171252733608     
      3      8      2      9  -5.31673750000000     
      2      9      2      9  -5.78423750000000     
      5      9      2      9  -2.49854089429438     
      1     10      2      9 -0.208344061515440     
      4     10      2      9   3.12654326589286     
      3     11      2      9  -2.91679089429438     
      3      9      3      9  -9.70950000000000     
      3      7      4      9 -0.418250000000000     
      1      9      4      9  0.418250000000000     
      4      9      4      9  -5.84935000000000     
      3     10      4      9  -3.86015000000000     
      1      7      5      9   2.91448650074074     
      4      7      5      9   1.20105650781359     
      3      8      5      9  -2.91679089429438     
      2      9      5      9  -2.49854089429438     
      5      9      5      9  -4.63048000000000     
      1     10      5      9   1.92548675807927     
      4     10      5      9  -1.40742984521431     
      3     11      5      9  -2.64128000000000     
      2      7      6      9   1.37680930683124     
      5      7      6      9   2.49854089429438     
      1      8      6      9   3.67122939042535     
      4      8      6      9  -2.91679089429438     
      6      9      6      9  -4.40739500000000     
      2     10      6      9  -2.49854089429438     
      5     10      6      9 -0.223084999999998     
      1     11      6      9   2.91679089429438     
      4     11      6      9 -0.995784999999998     
      3     12      6      9  -1.64549500000000     
      7      9      7      9  -2.58070000000000     
      9     10      7      9 -0.836500000000000     
      8      9      8      9 -0.467500000000000     
      7     10      8      9  -1.22005658885152     
      9     11      8      9 -0.418250000000000     
      1      7      1     10  0.574559615053129     
      4      7      1     10  -4.14851250000000     
      3      8      1     10   1.01171252733608     
      2      9      1     10 -0.208344061515440     
      5      9      1     10   1.92548675807927     
      1     10      1     10  -6.02481250000000     
      4     10      1     10  -1.80511059619626     
      3     11      1     10   1.20105650781359     
      2      7      2     10 -0.574559615053129     
      5      7      2     10   1.16822500000000     
      1      8      2     10 -0.574559615053129     
      4      8      2     10  -4.73262500000000     
      6      9      2     10  -2.49854089429438     
      2     10      2     10  -5.90452500000000     
      5     10      2     10   1.11168029809813     
      1     11      2     10 -0.240574999999998     
      4     11      2     10  0.693430298098128     
      3     12      2     10  -2.91679089429438     
      3      7      3     10  0.418250000000000     
      1      9      3     10 -0.418250000000000     
      4      9      3     10  -3.86015000000000     
      3     10      3     10  -5.84934999999999     
      1      7      4     10  -3.36535913150439     
      4      7      4     10  -1.80511059619626     
      3      8      4     10   3.12654326589286     
      2      9      4     10   3.12654326589286     
      5      9      4     10  -1.40742984521431     
      1     10      4     10  -1.80511059619626     
      4     10      4     10  -8.08434000000000     
      3     11      4     10  -1.40742984521431     
      2      7      5     10  0.305870258920957     
      5      7      5     10  -1.11168029809813     
      1      8      5     10  -1.98854982467315     
      4      8      5     10  0.693430298098128     
      6      9      5     10 -0.223084999999998     
      2     10      5     10   1.11168029809813     
      5     10      5     10  -6.03255500000000     
      1     11      5     10 -0.693430298098128     
      4     11      5     10  -3.27065500000000     
      3     12      5     10 -0.995784999999998     
      6      7      6     10   2.49854089429438     
      2      8      6     10   2.91448650074074     
      5      8      6     10  -1.92548675807927     
      6     10      6     10  -4.63048000000000     
      2     11      6     10  -1.20105650781359     
      5     11      6     10  -1.40742984521431     
      1     12      6     10   2.91679089429438     
      4     12      6     10  -2.64128000000000     
      8      9      7     10  -1.22005658885152     
      7     10      7     10  -1.87630000000000     
      9     11      7     10 -0.724430250265683     
      7      8      8     10  0.000000000000000E+000
      8     10      8     10  -1.17190000000000     
      7     11      8     10  -1.40880000000000     
     10     11      8     10 -0.418250000000000     
      9     12      8     10 -0.418250000000000     
      7      9      9     10 -0.836500000000000     
      9     10      9     10  -1.98920000000000     
      2      7      1     11  0.574559615053129     
      5      7      1     11  -4.73262500000000     
      1      8      1     11  0.574559615053129     
      4      8      1     11   1.16822500000000     
      6      9      1     11   2.91679089429438     
      2     10      1     11 -0.240574999999998     
      5     10      1     11 -0.693430298098128     
      1     11      1     11  -5.90452500000000     
      4     11      1     11  -1.11168029809813     
      3     12      1     11   2.49854089429438     
      6      7      2     11   1.01171252733608     
      2      8      2     11 -0.574559615053129     
      5      8      2     11  -4.14851250000000     
      6     10      2     11  -1.20105650781359     
      2     11      2     11  -6.02481250000000     
      5     11      2     11   1.80511059619626     
      1     12      2     11 -0.208344061515440     
      4     12      2     11  -1.92548675807927     
      1      7      3     11   2.91448650074074     
      4      7      3     11   1.92548675807927     
      3      8      3     11  -2.49854089429438     
      2      9      3     11  -2.91679089429438     
      5      9      3     11  -2.64128000000000     
      1     10      3     11   1.20105650781359     
      4     10      3     11  -1.40742984521431     
      3     11      3     11  -4.63048000000000     
      2      7      4     11  -1.98854982467315     
      5      7      4     11 -0.693430298098128     
      1      8      4     11  0.305870258920957     
      4      8      4     11   1.11168029809813     
      6      9      4     11 -0.995784999999998     
      2     10      4     11  0.693430298098128     
      5     10      4     11  -3.27065500000000     
      1     11      4     11  -1.11168029809813     
      4     11      4     11  -6.03255500000000     
      3     12      4     11 -0.223084999999998     
      6      7      5     11  -3.12654326589286     
      2      8      5     11  -3.36535913150439     
      5      8      5     11   1.80511059619626     
      6     10      5     11  -1.40742984521431     
      2     11      5     11   1.80511059619626     
      5     11      5     11  -8.08434000000000     
      1     12      5     11  -3.12654326589286     
      4     12      5     11  -1.40742984521431     
      6      8      6     11 -0.418250000000000     
      6     11      6     11  -5.84935000000000     
      2     12      6     11  0.418250000000000     
      5     12      6     11  -3.86015000000000     
      7      8      7     11  0.000000000000000E+000
      8     10      7     11  -1.40880000000000     
      7     11      7     11  -1.17190000000000     
     10     11      7     11 -0.418250000000000     
      9     12      7     11 -0.418250000000000     
      8     11      8     11  -1.87630000000000     
      7     12      8     11  -1.22005658885152     
     10     12      8     11 -0.724430250265683     
      8      9      9     11 -0.418250000000000     
      7     10      9     11 -0.724430250265683     
      9     11      9     11  -1.98920000000000     
      7      8     10     11   2.29442008359411     
      8     10     10     11 -0.418250000000000     
      7     11     10     11 -0.418250000000000     
     10     11     10     11  -2.76190000000000     
      9     12     10     11  0.772700000000000     
      6      7      1     12  -5.31673750000000     
      2      8      1     12  0.995166445249236     
      5      8      1     12   1.01171252733608     
      6     10      1     12   2.91679089429438     
      2     11      1     12 -0.208344061515440     
      5     11      1     12  -3.12654326589286     
      1     12      1     12  -5.78423750000000     
      4     12      1     12   2.49854089429438     
      6      8      2     12  -3.56440000000000     
      6     11      2     12  0.418250000000000     
      2     12      2     12  -6.14510000000000     
      5     12      2     12 -0.418250000000000     
      2      7      3     12   3.67122939042535     
      5      7      3     12   2.91679089429438     
      1      8      3     12   1.37680930683124     
      4      8      3     12  -2.49854089429438     
      6      9      3     12  -1.64549500000000     
      2     10      3     12  -2.91679089429438     
      5     10      3     12 -0.995784999999998     
      1     11      3     12   2.49854089429438     
      4     11      3     12 -0.223084999999998     
      3     12      3     12  -4.40739500000000     
      6      7      4     12   2.91679089429438     
      2      8      4     12   2.91448650074074     
      5      8      4     12  -1.20105650781359     
      6     10      4     12  -2.64128000000000     
      2     11      4     12  -1.92548675807927     
      5     11      4     12  -1.40742984521431     
      1     12      4     12   2.49854089429438     
      4     12      4     12  -4.63048000000000     
      6      8      5     12  0.418250000000000     
      6     11      5     12  -3.86015000000000     
      2     12      5     12 -0.418250000000000     
      5     12      5     12  -5.84934999999999     
      6     12      6     12  -9.70950000000000     
      8     11      7     12  -1.22005658885152     
      7     12      7     12 -0.467500000000000     
     10     12      7     12 -0.418250000000000     
      8     12      8     12  -2.58070000000000     
     11     12      8     12 -0.836500000000000     
      7      8      9     12  -2.29442008359411     
      8     10      9     12 -0.418250000000000     
      7     11      9     12 -0.418250000000000     
     10     11      9     12  0.772700000000000     
      9     12      9     12  -2.76190000000000     
      8     11     10     12 -0.724430250265683     
      7     12     10     12 -0.418250000000000     
     10     12     10     12  -1.98920000000000     
      8     12     11     12 -0.836500000000000     
     11     12     11     12  -1.98920000000000     
